Key,FixedVehCost,CostperDel,StaffCost,VehRunCost,Emissions,DelsByCycle,DistByCycle,Cycles,Vans
0:0:2:0:0:9:9:6:0,432.0,2.054381005064395,648.8000000000001,84.03402987151196,0.0,1.0,1.0,27,0,
0:0:3:0:0:9:9:8:0,544.0,2.435790070793415,771.4,65.6929701398665,0.0,1.0,1.0,34,0,
0:0:4:0:0:9:9:9:0,592.0,2.636865438603655,846.2,56.90270368827243,0.0,1.0,1.0,37,0,
0:0:4:1:0:8:9:6:0,612.0,2.889397809030362,895.4,130.88855772021535,93892.51630969014,0.890652557319224,0.9121370627992043,28,1,
0:0:4:1:0:9:9:6:0,612.0,2.890008459627322,899.5999999999999,127.03479660869165,85470.85729106134,0.9153439153439153,0.922135918803412,28,1,
0:0:5:0:0:8:9:6:0,612.0,2.93575145531646,955.8000000000002,96.7710751644325,40879.77301919314,0.8783068783068783,0.9626818782017891,28,1,
0:0:5:0:0:9:9:8:0,576.0,2.9433607338205916,1037.8000000000002,55.085536076275154,0.0,1.0,1.0,36,0,
0:0:6:0:0:9:9:7:0,512.0,2.947812843147642,1103.4,56.00988206471294,0.0,1.0,1.0,32,0,
0:0:7:0:0:9:9:5:0,336.0,3.0005753106754023,1275.3999999999999,89.92620115295325,0.0,1.0,1.0,21,0,
0:1:4:0:0:8:9:6:0,776.0,3.232068825463934,934.2000000000003,122.3830240380502,76957.34289611626,0.8994708994708994,0.9309863696928056,28,2,
0:1:4:0:0:9:9:9:0,772.0,3.082758045750316,892.4,83.52381194042921,34611.39678198498,0.9805996472663139,0.9636692594813729,38,1,
0:1:4:1:0:9:9:8:0,740.0,3.1223310522444554,906.4,123.96170662260631,88871.08989282716,0.9435626102292769,0.9122375925077172,36,1,
0:1:4:1:1:9:9:6:0,744.0,3.2034886874395996,913.8000000000001,158.57808577825276,117440.55019060094,0.9188712522045855,0.9064414780263175,26,2,
0:1:5:0:0:8:9:7:0,676.0,3.228317328298475,1037.8,116.65592514523537,78713.19461053201,0.8641975308641975,0.9217250412070456,32,1,
0:1:5:0:0:9:9:8:0,692.0,3.1403432022275104,986.4,102.17459566299866,69042.34498745875,0.9012345679012346,0.9215153651093578,33,1,
0:1:5:1:0:8:9:6:0,776.0,3.3663956407780065,1001.6000000000003,131.14632832112946,92664.72458889996,0.8853615520282186,0.9146612085025659,28,2,
0:1:5:1:0:9:9:8:0,708.0,3.2856343308055025,1028.8,126.15466556672008,88871.08989282716,0.9435626102292769,0.9151482720349617,34,1,
0:1:5:1:1:8:8:6:0,760.0,3.531718028050051,1101.0,141.48412190437872,113140.01253111605,0.8994708994708994,0.890209727854268,27,2,
0:1:5:1:1:8:9:6:0,760.0,3.421353196316146,1038.4,141.50726231125455,106181.37346519064,0.873015873015873,0.9039373249113791,27,2,
0:1:5:1:1:9:8:7:0,660.0,3.3386560716734444,1094.6000000000001,138.41799263884283,108508.83880078455,0.9188712522045855,0.8948044454338164,31,1,
0:1:5:1:1:9:9:6:0,612.0,3.132869947620145,1028.0,136.3372603006221,101271.51037588116,0.9047619047619048,0.905879487749599,28,1,
0:1:6:0:0:8:9:7:0,644.0,3.395153910555289,1175.3999999999999,105.6522672848491,72965.54733886519,0.8994708994708994,0.9182734074872296,30,1,
0:1:6:0:0:9:9:8:0,560.0,3.055080590060792,1117.3999999999999,54.830694564469106,0.0,1.0,1.0,35,0,
0:1:6:1:0:8:9:6:0,776.0,3.705101343987574,1193.4,131.39246204095434,99059.72811590243,0.8606701940035273,0.903007901704637,28,2,
0:1:6:1:0:9:9:6:0,776.0,3.692631723735738,1189.3999999999999,128.3221873581636,89086.55204758576,0.9206349206349206,0.9174663965931994,28,2,
0:1:6:1:1:8:8:6:0,760.0,3.6719915291364944,1163.0,159.0191970203921,136073.49210682284,0.873015873015873,0.8719763429478471,27,2,
0:1:6:1:1:8:9:6:0,728.0,3.5967234966783894,1172.1999999999998,139.14222261664696,103493.26942653708,0.8624338624338624,0.9056264973355472,25,2,
0:1:6:1:1:9:8:7:0,644.0,3.3444482748154383,1113.0000000000002,139.3021718203532,108508.83880078455,0.9188712522045855,0.8962136305705314,30,1,
0:1:6:1:1:9:9:6:0,760.0,3.715067626104269,1207.0,139.44334400112047,105672.25168849179,0.9259259259259259,0.9019819281704718,27,2,
0:1:7:0:0:8:9:6:0,776.0,3.7643674018420037,1253.6,104.79631684441638,63132.07532713226,0.8747795414462081,0.9358713951925698,28,2,
0:1:7:0:0:9:9:8:0,528.0,3.278344012056539,1275.0000000000002,55.82105483605729,0.0,1.0,1.0,33,0,
0:1:7:1:0:8:9:6:0,760.0,3.7992710460218215,1264.6000000000001,129.58668309437263,84432.47866382732,0.8853615520282186,0.9265309760056707,27,2,
0:1:7:1:0:9:9:6:0,776.0,3.8853261718982366,1301.4,125.57993946629983,87547.43254121792,0.9241622574955908,0.916813907238059,28,2,
0:1:7:1:1:8:8:6:0,776.0,3.9695463414103647,1334.5999999999997,140.13277557967734,113140.01253111605,0.8994708994708994,0.8878808359444204,28,2,
0:1:7:1:1:8:9:6:0,728.0,3.98511404079938,1397.5999999999997,133.9596611332489,101941.07269589379,0.873015873015873,0.901138613183908,25,2,
0:1:7:1:1:9:8:6:0,760.0,3.9049099394498725,1295.8000000000002,158.2839356680775,122868.55744784017,0.9012345679012346,0.8969676418330444,27,2,
0:1:7:1:1:9:9:6:0,776.0,3.870257955308404,1271.4000000000003,147.03626065986504,105672.25168849179,0.9259259259259259,0.9118193704822156,28,2,
0:1:8:0:0:8:9:5:0,696.0,3.984011777785256,1443.0,119.93467800424018,78719.88653271884,0.8589065255731922,0.9255577521530812,23,2,
0:1:8:0:0:9:9:7:0,480.0,3.4312656050878467,1407.4,58.12759808480919,0.0,1.0,1.0,30,0,
0:1:8:1:0:8:9:6:0,728.0,3.98568186360615,1408.2000000000003,123.68161666468677,74635.44037865351,0.8641975308641975,0.935687799442906,25,2,
0:1:8:1:0:9:9:7:0,628.0,3.851788526917695,1423.7999999999997,132.16409476233312,91597.73628342252,0.9065255731922398,0.917730289969057,29,1,
0:1:9:0:0:9:9:7:0,464.0,3.7516165624214053,1595.6000000000001,67.56659089293642,0.0,1.0,1.0,29,0,
0:2:7:1:1:8:9:6:0,776.0,4.0390102333214015,1364.7999999999997,149.31880229323525,113140.01253111605,0.8994708994708994,0.9020103355133592,28,2,
0:2:8:0:0:8:9:6:0,760.0,4.08396622439155,1439.4,116.20884923000834,74635.44037865351,0.8641975308641975,0.92838313594207,27,2,
0:2:8:0:0:9:9:6:0,760.0,4.0328897092831575,1418.8,107.8484651635502,57626.54351131062,0.9329805996472663,0.9472146961369221,27,2,
0:2:8:1:0:8:9:5:0,680.0,4.114218341129008,1516.8000000000002,135.96179942014743,77574.98952980009,0.8977072310405644,0.9413901372527499,22,2,
0:2:8:1:0:9:9:6:0,728.0,4.065600825698058,1433.4000000000003,143.79566817079873,94948.48900143677,0.9259259259259259,0.9247500364563515,25,2,
0:2:8:1:1:8:8:5:0,712.0,4.090872108555934,1431.9999999999998,175.52448555121487,148684.53817741663,0.8783068783068783,0.8749902246833481,24,2,
0:2:8:1:1:8:9:6:0,728.0,4.183311689354415,1492.0,151.93772786395346,113140.01253111605,0.8994708994708994,0.9054088784137957,25,2,
0:2:9:0:0:9:9:5:0,712.0,4.252338202267946,1582.6000000000004,116.4757606859252,64237.056501815096,0.927689594356261,0.9445103125613212,24,2,
0:2:9:1:0:8:9:5:0,664.0,4.191768990947792,1574.2,138.533017867398,77574.98952980009,0.8977072310405644,0.9431397889351494,21,2,
1:1:3:0:0:9:9:9:0,1100.0,3.536099297040747,793.6,111.36830142210349,74199.52238488077,0.9259259259259259,0.9235166074120719,38,3,
1:1:3:1:0:8:9:7:0,1004.0,3.38420714826338,783.4,131.44545306533684,97466.00495122548,0.8677248677248677,0.9062114193699418,32,3,
1:1:3:1:0:9:9:8:0,1052.0,3.43585001319661,768.4000000000001,127.72695748247769,94784.63659721377,0.9241622574955908,0.9060607597256515,35,3,
1:1:3:1:1:8:8:7:0,1004.0,3.4229890547171107,797.1999999999999,139.63479402460197,110208.68115525862,0.8659611992945326,0.8932688594412458,32,3,
1:1:3:1:1:8:8:7:1,1332.0,3.9905746742813313,756.3999999999999,174.25584031751498,167926.24112610717,0.8359788359788359,0.8256944784342517,32,5,
1:1:3:1:1:9:8:7:1,1152.0,3.690135818069659,788.4000000000002,151.90700884549645,127378.41632560622,0.9065255731922398,0.8779032410519232,31,4,
1:1:3:2:1:8:8:7:1,1168.0,3.8140466919088083,801.4,193.16447431229415,194724.96816598356,0.8218694885361552,0.8005210727261062,32,4,
1:1:4:0:0:8:8:7:0,972.0,3.4481929893261585,868.2,114.92542494793187,89748.99727386594,0.8218694885361552,0.895653375361082,30,3,
1:1:4:0:0:8:9:7:0,824.0,3.3381254267960325,949.0000000000001,119.7171169933502,89859.55935994325,0.8659611992945326,0.9038752040830501,31,2,
1:1:4:0:0:8:9:8:1,1200.0,3.903460647224754,902.6,110.66218697643589,71778.93332302851,0.8659611992945326,0.9271172172216339,34,4,
1:1:4:0:0:9:9:8:0,888.0,3.390648206948337,933.1999999999999,101.29753333970712,61198.38118571577,0.9506172839506173,0.9355623544438129,35,2,
1:1:4:0:0:9:9:7:1,1168.0,3.7892662501815857,870.1999999999999,110.31396385295908,73415.94275778635,0.9012345679012346,0.9236699753533578,32,4,
1:1:4:1:0:8:9:7:0,972.0,3.607684296167443,944.9999999999999,128.5569959269404,97474.52656110615,0.8835978835978836,0.901874447813338,30,3,
1:1:4:1:0:8:9:7:1,1136.0,3.906239279407727,949.6000000000001,129.23767142418126,94031.85586923592,0.8694885361552028,0.9096702074806398,30,4,
1:1:4:1:0:9:9:8:0,1052.0,3.6206112822001417,877.0,123.88659700748053,93920.18295600098,0.9171075837742504,0.9019026083043837,35,3,
1:1:4:1:0:9:9:7:1,1152.0,3.8826814438454686,921.8,127.68037866038094,92932.72418150894,0.9118165784832452,0.9096052924726181,31,4,
1:1:4:1:1:7:8:7:1,1136.0,3.823486075952264,875.0,156.91660506493372,146666.14748759143,0.798941798941799,0.8399245298497803,30,4,
1:1:4:1:1:7:9:7:1,1136.0,3.902708100565597,940.0,136.83549302069358,101601.62861838812,0.7848324514991182,0.9059537449844839,30,4,
1:1:4:1:1:8:8:7:0,988.0,3.5902607200403627,918.1999999999999,129.47782826288557,102270.63328915059,0.8853615520282186,0.8930931393984031,31,3,
1:1:4:1:1:8:8:7:1,1152.0,3.850286527511577,884.1999999999999,146.91246109906407,128853.52718085327,0.8959435626102292,0.8641302460878485,31,4,
1:1:4:1:1:8:9:7:0,988.0,3.5762705612955266,906.2,133.54540825456343,101248.47238947364,0.8853615520282186,0.9018910733249336,31,3,
1:1:4:1:1:8:9:7:1,1152.0,3.8068969155738417,871.4,135.110551130368,103329.04115525012,0.8694885361552028,0.9001198590204682,31,4,
1:1:4:1:1:9:8:8:0,1020.0,3.675000355310168,924.8000000000001,138.9252014608651,116416.30937368951,0.9118165784832452,0.8780879797565122,33,3,
1:1:4:1:1:9:8:8:1,1184.0,3.9473324561862895,905.8,148.3375026576264,126623.6796683713,0.9347442680776014,0.8727134974632162,33,4,
1:1:4:1:1:9:9:8:0,1052.0,3.570738839660706,837.8,134.8089220876203,102630.57188530239,0.9365079365079365,0.901052854986854,35,3,
1:1:4:1:1:9:9:7:1,1136.0,3.889161564460745,934.0,135.15460704924197,103019.46452054,0.9012345679012346,0.900803633410063,30,4,
1:1:4:2:1:7:8:6:1,1236.0,3.9730680645679888,823.4,193.3295926100498,189582.11820696495,0.7425044091710759,0.8166183956598696,26,5,
1:1:4:2:1:8:8:7:1,1152.0,3.928316510171593,881.2,194.155461267293,194724.96816598356,0.8218694885361552,0.803678020675155,31,4,
1:1:4:2:2:7:7:6:1,1088.0,3.8509184369905105,865.2,230.27075377361936,252241.85391344345,0.7125220458553791,0.734062610649975,27,4,
1:1:4:2:2:7:8:6:1,1236.0,3.9956599713426875,828.3999999999999,201.13920375130408,202605.82232351313,0.798941798941799,0.8010084001307817,26,5,
1:1:4:2:2:8:8:6:1,1220.0,3.974505878706322,814.4,219.14483322648445,213821.25310854532,0.8236331569664903,0.8193110858487284,25,5,
1:1:5:0:0:7:9:7:0,956.0,3.7186351762868015,1047.8,104.66614495461684,72061.2995239406,0.7971781305114638,0.9187451928590593,29,3,
1:1:5:0:0:8:9:8:0,856.0,3.4124194542042585,977.0,101.84183053381463,66358.8995239406,0.8342151675485009,0.9265237802112734,33,2,
1:1:5:0:0:8:9:6:1,1104.0,4.017972747047259,1054.6,119.59054757579581,86083.32265988046,0.8201058201058201,0.911548178243254,28,4,
1:1:5:0:0:9:9:8:0,904.0,3.527583784239906,1009.0,87.14000566402663,43226.76022221169,0.9541446208112875,0.9529002948602886,36,2,
1:1:5:0:0:9:9:7:1,1152.0,4.006380057633129,1005.6000000000003,114.01749267798432,63406.070646514185,0.9294532627865961,0.9437686118355,31,4,
1:1:5:1:0:7:9:6:1,1088.0,3.9559485572849313,1028.4,126.62283198055583,88186.70056844612,0.7971781305114638,0.9169701163319289,27,4,
1:1:5:1:0:8:8:8:0,1020.0,3.9397986715749593,1086.1999999999998,127.66584678300185,99257.32981600829,0.8641975308641975,0.8966256399167679,33,3,
1:1:5:1:0:8:9:7:0,972.0,3.8364643228370436,1080.4,122.87527104860385,92104.22389677283,0.8483245149911817,0.9041408882017968,30,3,
1:1:5:1:0:8:9:7:1,1152.0,4.01991950251066,996.0000000000001,131.2943579235441,99113.72956122765,0.8201058201058201,0.9027520428272243,31,4,
1:1:5:1:0:9:8:7:0,1004.0,3.7519452523020034,996.1999999999999,127.15295805523596,98142.02028275351,0.9047619047619048,0.898191154829213,32,3,
1:1:5:1:0:9:9:7:0,988.0,3.863886244154504,1079.2000000000003,123.62350043560383,91943.51216250155,0.9259259259259259,0.9056409593108021,31,3,
1:1:5:1:0:9:9:7:1,1136.0,4.011073621408974,1007.0000000000001,131.27874333888798,95921.74190581677,0.9012345679012346,0.9089142428725706,30,4,
1:1:5:1:1:7:8:7:0,988.0,3.813269459622057,1037.6000000000001,136.52378360570597,110850.63902317916,0.7971781305114638,0.8864741114667939,31,3,
1:1:5:1:1:7:8:6:1,1104.0,3.908597066772279,967.2000000000002,144.97453685988188,128800.36114170996,0.7760141093474426,0.8597301673479607,28,4,
1:1:5:1:1:8:8:8:0,856.0,3.5979157712677297,1048.6,135.41824230880266,113140.01253111605,0.8994708994708994,0.8789204145102736,33,2,
1:1:5:1:1:8:8:7:1,1136.0,3.9872366239990815,973.5999999999999,151.16316580747934,134698.5999080995,0.8236331569664903,0.8586805154494158,30,4,
1:1:5:1:1:8:9:7:0,956.0,3.7396614175103067,1030.6,133.78802372834363,102270.63328915059,0.8853615520282186,0.9002146719461077,29,3,
1:1:5:1:1:8:9:6:1,1104.0,3.961362166651066,1011.0,131.09234849115487,99923.6182709867,0.8712522045855379,0.9008025157061843,28,4,
1:1:5:1:1:9:8:7:0,988.0,3.694826913846238,966.8000000000001,140.1668601508167,111823.00600082349,0.9135802469135802,0.8907697808514509,31,3,
1:1:5:1:1:9:8:7:1,1136.0,3.99442163923374,982.6000000000003,146.2370694455306,123739.3284608764,0.9135802469135802,0.875311086344756,30,4,
1:1:5:1:1:9:9:7:0,988.0,3.7050485794969408,979.8000000000002,132.96254457476542,100629.52947510801,0.927689594356261,0.9022436034264579,31,3,
1:1:5:1:1:9:9:7:1,1136.0,3.969541472638269,979.2,135.5300149858985,103019.46452054,0.9012345679012346,0.9013683769655507,30,4,
1:1:5:2:1:8:8:5:1,1008.0,3.886081775499198,999.8000000000001,195.60836670804517,171571.91450598903,0.8271604938271605,0.8641140515271697,22,4,
1:1:5:2:2:7:7:5:1,1008.0,3.8952590716753996,1001.0,199.61189363995155,202878.36011382574,0.7178130511463845,0.7952902950000443,22,4,
1:1:5:2:2:7:8:6:1,1056.0,3.9475600078804027,970.5999999999999,211.6665244681884,210716.76356968432,0.7865961199294532,0.8081128145760733,25,4,
1:1:6:0:0:7:9:6:0,940.0,3.8364157164280694,1128.0,107.247711214715,72061.2995239406,0.7971781305114638,0.92232663191449,28,3,
1:1:6:0:0:8:9:6:0,940.0,3.800389604414104,1106.2,108.62090570279705,71772.70917085,0.8236331569664903,0.9246549687840073,28,3,
1:1:6:0:0:9:9:7:0,792.0,3.738198805824867,1233.4,94.15872290269941,54611.700380842,0.9347442680776014,0.9397972043851079,29,2,
1:1:6:1:0:8:8:7:0,1004.0,3.9711212711258033,1120.9999999999998,126.62576072833072,99257.32981600829,0.8641975308641975,0.894820944295996,32,3,
1:1:6:1:0:8:9:6:0,924.0,3.9571748535528433,1193.8,125.91814196446198,92104.22389677283,0.8483245149911817,0.9087198689200521,27,3,
1:1:6:1:0:9:9:6:0,924.0,3.9097055499275197,1168.4,124.40304680890384,94691.08300439919,0.9029982363315696,0.9010903898077205,27,3,
1:1:6:1:1:7:8:6:0,892.0,3.7968483761539775,1111.0,149.81302927930517,133716.70962251248,0.7971781305114638,0.8580908150652753,25,3,
1:1:6:1:1:8:8:7:0,808.0,3.8693590620202625,1250.5999999999997,135.326588165489,113140.01253111605,0.8994708994708994,0.8787320026714217,30,2,
1:1:6:1:1:8:9:7:0,956.0,3.918975586431005,1132.2,133.8591575063802,101153.1332375732,0.8430335097001763,0.902549078834292,29,3,
1:1:6:1:1:9:8:6:0,940.0,3.9555753616400104,1143.1999999999998,159.61123004988625,135764.08297872735,0.9047619047619048,0.8737743121076519,28,3,
1:1:6:1:1:9:9:7:0,972.0,3.9959322758841793,1156.2,137.49360042632946,104466.51211122464,0.9065255731922398,0.9014566294498653,30,3,
1:1:6:2:1:8:8:5:0,876.0,3.9346800845719443,1161.8,193.16360795229244,176510.02067936407,0.8571428571428571,0.8492725603294204,24,3,
1:1:7:0:0:8:9:7:0,808.0,4.000172629506934,1348.6000000000001,111.49788093043168,70996.4614114817,0.8871252204585538,0.9294595331054174,30,2,
1:1:7:0:0:9:9:7:0,840.0,3.8804945249637406,1268.2,92.04039565444089,44059.39846262143,0.9470899470899471,0.9553369493046097,32,2,
1:1:7:1:0:8:9:7:0,808.0,3.893358779730419,1264.5999999999995,134.9344281071483,99264.86335624625,0.8959435626102292,0.9076801127993193,30,2,
1:1:7:1:0:9:9:7:0,824.0,4.01176322006425,1316.7999999999995,133.86974577642977,95927.82477495453,0.908289241622575,0.912320136512652,31,2,
1:1:7:1:1:8:8:7:0,792.0,3.9509284615308404,1311.7999999999997,136.37643768798654,113140.01253111605,0.8994708994708994,0.8808556657191582,29,2,
1:1:7:1:1:9:9:7:0,792.0,3.861796647498726,1254.1999999999998,143.4386991317776,104498.56488853262,0.9047619047619048,0.9094414990818489,29,2,
1:2:3:1:1:8:8:7:1,1316.0,4.024728893180484,777.1999999999999,188.82128243333463,186800.5539528214,0.8377425044091711,0.8117239618399658,31,5,
1:2:4:1:0:8:9:7:1,1316.0,4.115309102891852,887.7999999999998,129.58026133968022,92947.80011208051,0.8606701940035273,0.9121484572046019,31,5,
1:2:4:1:0:9:9:7:1,1332.0,4.100870360431636,868.4,124.79349436473736,91599.34316005727,0.9118165784832452,0.9080896302115518,32,5,
1:2:4:1:1:7:8:7:1,1284.0,4.232246928524253,948.0000000000001,167.68400847325094,166409.33627613352,0.746031746031746,0.8099340688403516,29,5,
1:2:4:1:1:8:8:7:1,1332.0,4.257912228156368,910.5999999999999,171.63623336466054,167872.03827769903,0.818342151675485,0.818022351339136,32,5,
1:2:4:1:1:8:9:7:1,1316.0,4.162824290985166,910.0000000000001,134.32137298858905,101373.77253360604,0.8606701940035273,0.9028010377855609,31,5,
1:2:4:1:1:9:9:6:1,1220.0,4.055300280428529,921.4,157.95525900297605,120428.22811678148,0.9065255731922398,0.9007538124287949,25,5,
1:2:4:2:1:7:8:6:1,1220.0,4.172525898862985,952.6,193.2221846553125,189945.873074321,0.7283950617283951,0.8152670259990008,25,5,
1:2:4:2:1:8:7:6:1,1252.0,4.054325593271067,853.0,193.80261138469564,195865.33082924466,0.800705467372134,0.7989215751706686,27,5,
1:2:4:2:1:8:8:6:1,1252.0,4.045446846119632,849.4000000000002,192.36836174983105,192320.6776970228,0.818342151675485,0.8055960111557059,27,5,
1:2:4:2:2:6:7:5:1,1352.0,4.467444987537431,927.9999999999999,253.04130793372315,278155.7591194389,0.654320987654321,0.73044511593201,23,6,
1:2:4:2:2:7:7:7:1,1300.0,4.237466139525021,899.5999999999999,203.043301110687,210391.7096230663,0.7795414462081128,0.7819808007479265,30,5,
1:2:4:2:2:7:8:7:1,1284.0,4.2403518911006035,921.1999999999999,199.07952225404222,199946.95171872075,0.7495590828924162,0.8028111774645232,29,5,
1:2:4:2:2:8:7:7:1,1300.0,4.239044982780832,903.4000000000001,200.1385052367313,204590.3890906681,0.8218694885361552,0.7914634231500217,30,5,
1:2:4:2:2:8:8:6:1,1268.0,4.242610242835559,926.0,211.56000768776155,210879.33577811127,0.8430335097001763,0.8073636411953666,28,5,
1:2:4:3:2:6:7:6:1,1220.0,4.204087486941214,904.6,259.1176050956682,288174.5194993193,0.6931216931216931,0.7177403738113461,25,5,
1:2:5:0:0:8:9:6:1,1104.0,4.052705066990849,1083.4,110.48377298381116,70660.27055264272,0.8835978835978836,0.9289130706128574,28,4,
1:2:5:0:0:9:9:7:1,1136.0,4.066516172191103,1059.2,110.51466963235545,64482.685092614374,0.9206349206349206,0.9392009836110383,30,4,
1:2:5:1:0:8:8:7:1,1168.0,4.04145193539098,994.6,128.90324736668558,99113.72956122765,0.8201058201058201,0.8989986081562525,32,4,
1:2:5:1:0:8:9:7:1,1332.0,4.247120597568788,953.1999999999998,122.91737882150278,89486.00292259968,0.8465608465608465,0.9095654333628209,32,5,
1:2:5:1:0:9:9:7:1,1152.0,4.135970858675955,1066.4,126.69547686926643,86795.64652955918,0.9241622574955908,0.9194952323554832,31,4,
1:2:5:1:1:6:8:6:1,1252.0,4.303374913956813,999.7999999999998,188.2135762135128,184380.09073996684,0.689594356261023,0.8171623416967964,27,5,
1:2:5:1:1:7:8:6:1,1268.0,4.201821478271852,955.2,159.2327781801402,151356.46562164422,0.7389770723104057,0.832335295640573,28,5,
1:2:5:1:1:8:8:6:1,1104.0,4.09240427146107,1074.6,141.79322191842687,124782.91429463474,0.8818342151675485,0.8630004903910162,28,4,
1:2:5:1:1:8:9:7:1,1136.0,4.037588701536487,1017.7999999999998,135.51279377118843,103329.04115525012,0.8694885361552028,0.9007312409869818,30,4,
1:2:5:1:1:9:8:7:1,1316.0,4.258688849647237,958.4,140.27657774998366,114361.34277688804,0.9065255731922398,0.8854455899522009,31,5,
1:2:5:1:1:9:9:7:1,1120.0,4.027849385480185,1024.6000000000001,139.19060156726496,103019.46452054,0.9012345679012346,0.9065558388864393,29,4,
1:2:5:2:1:7:7:6:1,1236.0,4.26487459839073,990.1999999999999,191.98389728754404,195330.7490900096,0.7530864197530864,0.7946018490497525,26,5,
1:2:5:2:1:7:8:5:1,1352.0,4.511706328141208,1009.5999999999999,196.53748805606472,196864.88951309322,0.7019400352733686,0.8044452283144443,23,6,
1:2:5:2:1:8:8:7:1,1120.0,4.055800261299356,985.4000000000001,194.23874815673474,195702.36690535647,0.8395061728395061,0.8008577382669181,29,4,
1:2:5:2:2:6:7:5:1,1172.0,4.28562572902954,1056.9999999999998,200.9497883597494,215501.2823907772,0.6825396825396826,0.7543251614414844,22,5,
1:2:5:2:2:6:8:5:1,1352.0,4.6467869459788,1078.0,204.72819836997962,202724.15923783465,0.6402116402116402,0.8111991762074696,23,6,
1:2:5:2:2:7:7:6:1,1268.0,4.391280608586911,1024.0,197.85610506877873,199946.95171872075,0.7495590828924162,0.7989691544728225,28,5,
1:2:5:2:2:7:8:5:1,1352.0,4.442381698168981,961.8000000000001,205.03042286181233,201624.3845269978,0.781305114638448,0.81507456423252,23,6,
1:2:5:2:2:8:7:6:1,1236.0,4.2529428466152535,971.0,204.4185940308487,210111.56184949452,0.800705467372134,0.7877225324421377,26,5,
1:2:5:2:2:8:8:6:1,1104.0,4.118122826849089,1026.4,204.5756428234336,205142.66433510662,0.8430335097001763,0.8037760429781842,28,4,
1:2:5:3:3:7:7:5:1,1336.0,4.6584103377050265,1033.6,271.7186614787503,301346.1370257587,0.708994708994709,0.7208775716415086,22,6,
1:2:6:0:0:7:9:6:0,940.0,4.028884964569735,1235.2,109.17777491103931,72061.2995239406,0.7971781305114638,0.9248045581978068,28,3,
1:2:6:0:0:8:9:7:0,972.0,4.0285702122501155,1201.3999999999999,110.79931034581512,72989.3256096222,0.8342151675485009,0.9250680863995205,30,3,
1:2:6:0:0:8:9:7:1,1152.0,4.186292435608063,1113.4,108.2278109897723,69969.88182456009,0.8888888888888888,0.9275412162358083,31,4,
1:2:6:0:0:9:9:7:0,972.0,4.076535620859874,1225.8,113.59569702754904,73336.36602238963,0.9223985890652557,0.9277229783696508,30,3,
1:2:6:0:0:9:9:7:1,1120.0,4.162923967675639,1130.0,110.3778896720874,61631.57111815564,0.927689594356261,0.9434016084621765,29,4,
1:2:6:1:0:7:9:6:1,1072.0,4.124468859989657,1138.4,128.17384361413528,92736.53235821701,0.7777777777777778,0.9106578258018131,26,4,
1:2:6:1:0:8:9:7:0,1004.0,4.126438996034048,1210.6,125.0909107513055,85611.97177963238,0.8712522045855379,0.9196427441311992,32,3,
1:2:6:1:0:8:9:6:1,1268.0,4.452741608290503,1126.7999999999997,129.9044919007157,97243.12273100743,0.8835978835978836,0.9043998366750714,28,5,
1:2:6:1:0:9:9:6:0,924.0,4.028453471294518,1235.8000000000002,124.3331182239913,86068.25276963483,0.9012345679012346,0.9179134605562502,27,3,
1:2:6:1:0:9:9:6:1,1104.0,4.20963199293241,1152.9999999999998,129.86133999267648,95045.85428532732,0.9329805996472663,0.908610896508133,28,4,
1:2:6:1:1:6:8:6:1,1220.0,4.519396175275556,1159.2000000000005,183.29763138123974,173741.88204401368,0.6649029982363316,0.8336437280981271,25,5,
1:2:6:1:1:7:7:6:1,1252.0,4.5077943919353505,1123.6,180.3194202273442,186527.29846371827,0.746031746031746,0.7832130407477234,27,5,
1:2:6:1:1:7:8:6:1,1088.0,4.176753585766528,1120.3999999999999,159.81928312962197,148331.21688903225,0.7671957671957672,0.8429349325080441,27,4,
1:2:6:1:1:7:9:6:1,1220.0,4.366750957443761,1114.1999999999998,141.74779287061315,108018.00243207483,0.7724867724867724,0.9008547456242046,25,5,
1:2:6:1:1:8:8:6:0,924.0,4.124712407387986,1226.6,188.11193498898817,187625.61153025902,0.8395061728395061,0.8069891953311469,27,3,
1:2:6:1:1:8:8:6:1,1104.0,4.1530014721253155,1106.9999999999998,143.7518346950537,124782.91429463474,0.8818342151675485,0.8675132288552037,28,4,
1:2:6:1:1:8:9:7:0,956.0,4.1005713151914485,1234.6,134.42393571355106,99466.55211235821,0.8536155202821869,0.9066026885617224,29,3,
1:2:6:1:1:8:9:7:1,1284.0,4.488992859266377,1125.2,136.05895120403574,103686.22593430281,0.8624338624338624,0.9008481061375901,29,5,
1:2:6:1:1:9:8:7:0,956.0,4.041081840949449,1200.6000000000001,134.69340381833763,106298.91701266135,0.9065255731922398,0.8932897260267387,29,3,
1:2:6:1:1:9:8:7:1,1120.0,4.195642186929295,1111.6,147.32911998891,123739.3284608764,0.9135802469135802,0.8774472816283029,29,4,
1:2:6:1:1:9:9:7:0,956.0,4.023537690316622,1180.4,144.94587040952456,109585.17942148584,0.9171075837742504,0.9024505816956092,29,3,
1:2:6:1:1:9:9:6:1,1072.0,4.2504990557634565,1195.0,143.03296461787963,108003.51194950158,0.9029982363315696,0.9026999404044771,26,4,
1:2:6:2:1:7:8:6:1,1268.0,4.640059093494594,1165.9999999999998,196.91350601143523,198114.07231473833,0.7760141093474426,0.8017450400686866,28,5,
1:2:6:2:1:8:8:6:0,908.0,4.10616537787689,1210.8000000000002,209.39576925619633,196322.08232364224,0.8377425044091711,0.8385751732425618,26,3,
1:2:6:2:1:8:8:6:1,1236.0,4.480652895886178,1111.8000000000002,192.73019196746282,184909.8431565897,0.8201058201058201,0.8278805140223418,26,5,
1:2:6:2:2:7:7:6:1,1220.0,4.6503200131407505,1184.8,231.9314474508055,256366.49756198656,0.7548500881834215,0.7245363229338607,25,5,
1:2:6:2:2:7:8:5:1,1188.0,4.4327645210587,1124.8,200.57748344028317,199089.79502748617,0.7724867724867724,0.8098267680869545,23,5,
1:2:6:2:2:8:7:6:1,1104.0,4.356621655489845,1165.8,200.404478662742,205142.66433510662,0.8430335097001763,0.7905383267926832,28,4,
1:2:6:2:2:8:8:6:1,1104.0,4.4225128671036105,1199.3999999999999,204.16479564774724,205142.66433510662,0.8430335097001763,0.8025469197280704,28,4,
1:2:6:3:2:7:7:4:1,1304.0,4.849439475769854,1179.4,266.232182761507,296734.8305597057,0.7054673721340388,0.7152407449566913,20,6,
1:2:6:3:3:7:7:5:1,1336.0,5.006174437672551,1212.4,290.1009061603364,316161.43461538944,0.7530864197530864,0.7391990456076948,22,6,
1:2:7:0:0:8:9:6:0,924.0,4.19697518464074,1346.1999999999998,109.48492969129998,62605.19154293429,0.8747795414462081,0.9411807526507673,27,3,
1:2:7:0:0:9:9:7:0,972.0,4.2335611838774625,1312.1999999999998,116.22919125852127,73336.36602238963,0.9223985890652557,0.9305770917004422,30,3,
1:2:7:1:0:8:9:7:0,988.0,4.308664993219875,1330.1999999999998,124.8130511556689,88117.83939299366,0.8977072310405644,0.9147943078696035,31,3,
1:2:7:1:0:8:9:7:1,1136.0,4.444744856867031,1253.9999999999995,130.17033384360698,93416.91742580585,0.8712522045855379,0.9120647109840859,30,4,
1:2:7:1:0:9:9:6:0,908.0,4.178574028654794,1330.4,130.85147424726853,87810.51817038539,0.9047619047619048,0.9225051887264465,26,3,
1:2:7:1:0:9:9:6:1,1072.0,4.459421736763197,1333.4000000000003,123.09212474473239,64809.261633466034,0.91005291005291,0.9484134189049952,26,4,
1:2:7:1:1:7:8:6:1,1220.0,4.7301359050183045,1310.3999999999996,151.587058145379,132195.8909215096,0.7848324514991182,0.8660144599543563,25,5,
1:2:7:1:1:7:9:5:1,1024.0,4.329689600085274,1292.0000000000002,138.9340032483505,101988.36813079915,0.781305114638448,0.9080721324288871,23,4,
1:2:7:1:1:8:8:6:0,908.0,4.168827668713524,1285.1999999999998,170.5252881605682,159857.30923114438,0.8130511463844797,0.8386334871708447,26,3,
1:2:7:1:1:8:8:7:1,1120.0,4.466966706097174,1267.3999999999999,145.37012235709767,122845.1082201903,0.8095238095238095,0.8756905362641831,29,4,
1:2:7:1:1:8:9:6:0,924.0,4.276696114457991,1367.3999999999999,133.48669689768133,101153.1332375732,0.8430335097001763,0.9019920167657176,27,3,
1:2:7:1:1:8:9:6:1,1104.0,4.467287114984916,1282.8000000000002,146.15179419644713,107315.27691187666,0.8959435626102292,0.9080236988609475,28,4,
1:2:7:1:1:9:8:6:0,924.0,4.11169664960827,1264.6,142.73200032788927,111487.45052594105,0.9065255731922398,0.89560700986987,27,3,
1:2:7:1:1:9:8:6:1,1072.0,4.436947263106354,1290.7999999999997,152.94909818130253,118409.94962683947,0.908289241622575,0.8975450745856328,26,4,
1:2:7:1:1:9:9:7:0,956.0,4.243325423660002,1312.6,137.36551521522077,102733.84725659176,0.9047619047619048,0.9045772169254772,29,3,
1:2:7:1:1:9:9:6:1,1088.0,4.497946889496449,1306.2000000000005,156.13588634448567,111208.89411506707,0.9012345679012346,0.9133385826179058,27,4,
1:2:7:2:1:7:8:6:1,1252.0,4.883211669187198,1319.8000000000002,196.98101642914108,195862.03602859666,0.7689594356261023,0.8088135275645333,27,5,
1:2:7:2:1:8:8:5:0,876.0,4.119161151117707,1266.8000000000002,192.7643726837397,172542.99585182167,0.8853615520282186,0.8570690884656631,24,3,
1:2:7:2:1:8:8:5:1,1204.0,4.690769454802822,1264.4000000000003,191.26628087319963,176586.83453813472,0.8641975308641975,0.8451235535911173,24,5,
1:2:7:2:2:6:7:5:1,1352.0,5.028370456906144,1282.0,217.08604906578367,228882.78556157387,0.691358024691358,0.768711165657023,23,6,
1:2:7:2:2:7:7:5:1,1172.0,4.817316203606119,1329.2000000000003,230.21828744466893,242902.97993632714,0.7707231040564374,0.7681329165657406,22,5,
1:2:7:2:2:7:8:6:1,1220.0,4.804058070722961,1288.0,215.90092609991913,214431.75894907035,0.798941798941799,0.8094703476363099,25,5,
1:2:7:2:2:8:7:5:1,1320.0,4.941473718482013,1253.4,228.4155983793011,231464.60180855292,0.800705467372134,0.7972155726652236,21,6,
1:2:7:2:2:8:8:6:1,1220.0,4.790186568643363,1288.2000000000003,207.83578442078604,202862.44417306618,0.8253968253968254,0.8191135698814459,25,5,
1:2:8:0:0:8:9:7:0,792.0,4.159701590960516,1453.0,113.55080207461303,70996.4614114817,0.8871252204585538,0.9316673218448563,29,2,
1:2:8:0:0:9:9:7:0,808.0,4.180909285055103,1449.4,113.17556462624324,67336.28469619362,0.927689594356261,0.9371981763732102,30,2,
1:2:8:1:0:8:9:6:0,892.0,4.306028965074711,1413.0,136.51842319736124,89158.67197572038,0.8747795414462081,0.9262208826166047,25,3,
1:2:8:1:0:9:9:7:0,792.0,4.10881557674557,1406.0000000000002,131.69843201473802,75516.28883784634,0.9453262786596119,0.9409142186293504,29,2,
1:2:8:1:0:9:9:6:1,1056.0,4.569929247822864,1405.8000000000002,129.34988351556385,84080.71876468042,0.9118165784832452,0.926837883180145,25,4,
1:2:8:1:1:7:8:5:1,1204.0,4.884859147803665,1415.1999999999994,150.51513680467846,132195.8909215096,0.7848324514991182,0.8636683148301203,24,5,
1:2:8:1:1:8:8:6:0,908.0,4.421764103933353,1419.4,179.74024693021119,156926.83520567341,0.8395061728395061,0.8656411949086412,26,3,
1:2:8:1:1:8:9:6:0,892.0,4.3532567692956246,1439.6,136.69658819061962,101153.1332375732,0.8430335097001763,0.90659356937247,25,3,
1:2:8:1:1:9:8:7:0,956.0,4.441604949147265,1414.0000000000002,148.390006166499,117111.24241568164,0.9047619047619048,0.8932837139543562,29,3,
1:2:8:2:1:7:8:4:1,960.0,4.713729883094669,1501.0,211.68484371467733,187430.58841882087,0.7918871252204586,0.8609132659861345,19,4,
1:2:8:2:1:8:8:5:1,1024.0,4.766484688735615,1483.3999999999999,195.19681851309403,182935.33990270755,0.8024691358024691,0.8387538006371245,23,4,
1:2:8:2:2:7:8:4:1,1108.0,4.921383344143477,1442.1999999999998,240.2243561293515,239228.28216727305,0.7195767195767195,0.8079122095222575,18,5,
1:3:7:1:1:7:8:5:1,1352.0,5.098169971330107,1361.1999999999996,177.4623737441713,172058.18752134315,0.7601410934744268,0.8226170227064182,23,6,
1:3:7:2:2:7:7:5:1,1352.0,5.062257835126427,1291.1999999999998,227.1001925166848,235004.38076658366,0.7901234567901234,0.7829500307318548,23,6,
2:2:3:1:1:7:7:7:2,1792.0,4.722375491762459,702.0000000000001,183.58690382931385,189752.70827185467,0.7372134038800705,0.7837976541367729,30,8,
2:2:3:1:1:7:8:7:1,1448.0,4.180993256548328,743.5999999999998,179.0231764629027,177483.4839766957,0.7795414462081128,0.8105132579002376,29,6,
2:2:3:1:1:8:8:7:1,1448.0,4.264875765907281,782.8000000000001,187.38455926942777,186242.59233298647,0.8095238095238095,0.8090555301031686,29,6,
2:2:3:2:1:7:8:7:1,1448.0,4.207179439320159,745.7999999999998,191.67074209453045,186935.9311854111,0.7918871252204586,0.8195337985749674,29,6,
2:2:3:2:1:8:7:7:2,1776.0,4.842935746731461,774.5999999999998,195.3445683967391,198522.58929182237,0.8218694885361552,0.7953515157770418,29,8,
2:2:3:2:1:8:8:6:1,1564.0,4.462527677390575,766.9999999999999,199.25319308045638,196185.03024345843,0.8095238095238095,0.8143928607184998,26,7,
2:2:3:2:2:5:6:5:2,1844.0,4.921099566396975,704.9999999999998,241.26345414708547,280634.545086763,0.5414462081128748,0.6572710095533402,23,9,
2:2:3:2:2:6:7:6:2,1712.0,4.822210410696723,802.5999999999999,219.59330286504232,237458.7665899121,0.673721340388007,0.746723917900787,25,8,
2:2:3:2:2:7:7:6:1,1564.0,4.538752435705741,791.8000000000001,217.67263104515558,236451.63779324124,0.7195767195767195,0.7423998963713374,26,7,
2:2:3:2:2:7:7:6:2,1892.0,4.978093437666098,712.8,217.77897915667745,235179.7812401212,0.7319223985890653,0.7479844107072147,26,9,
2:2:3:2:2:7:8:6:1,1564.0,4.464628815571694,763.9999999999999,203.44453842915024,201087.12835682178,0.7583774250440917,0.8122311675841818,26,7,
2:2:3:2:2:7:8:7:2,1776.0,4.869405389439992,780.0000000000001,204.95285581247495,201782.08256112714,0.7742504409171076,0.8144336262273153,29,8,
2:2:3:2:2:8:7:7:1,1628.0,4.573929054136752,764.9999999999998,200.41777369553807,203494.98178940068,0.8095238095238095,0.7959379768213735,30,7,
2:2:3:2:2:8:8:6:1,1596.0,4.579728323301411,801.2000000000002,199.5059593118996,199350.22225869237,0.8024691358024691,0.8059147321658248,28,7,
2:2:3:3:2:6:7:5:2,1844.0,4.96240179190654,709.9999999999999,259.6818160110084,292162.23130823526,0.656084656084656,0.7040568255117651,23,9,
2:2:3:3:2:7:7:5:2,1696.0,4.86554060205411,802.6,260.1615213646805,289187.51233195496,0.7160493827160493,0.7183198595763854,24,8,
2:2:3:3:3:5:5:4:2,1632.0,4.767454751847417,763.9999999999999,307.14684429748576,374029.3110751003,0.5291005291005291,0.5666404691983978,20,8,
2:2:3:3:3:5:6:4:2,1616.0,4.718343130514985,766.0000000000001,293.3005550019966,349879.04416633653,0.5537918871252204,0.6121827395651211,19,8,
2:2:3:3:3:7:7:6:2,1712.0,4.83786403737916,757.1999999999999,273.86890919398405,303092.51382801955,0.7142857142857143,0.7232015718855357,25,8,
2:2:3:4:4:5:5:4:2,1764.0,5.012566383467528,749.4000000000001,328.7251394260881,403407.0794212341,0.5132275132275133,0.5470137873948252,18,9,
2:2:4:1:1:6:8:7:1,1448.0,4.468769035733307,907.7999999999998,177.99204326078527,171807.1046641191,0.6649029982363316,0.8248756809122599,29,6,
2:2:4:1:1:7:7:6:1,1400.0,4.252329813090032,820.4000000000001,190.67100402204795,193799.94623527353,0.7283950617283951,0.7952606845199021,26,6,
2:2:4:1:1:7:8:7:1,1480.0,4.457035960165373,884.6,162.53938941376666,154960.9932618104,0.7495590828924162,0.8309285209602275,31,6,
2:2:4:1:1:7:8:6:2,1712.0,4.945378132275695,914.3999999999999,177.62940100031923,162339.9273834844,0.7865961199294532,0.8492122940556535,25,8,
2:2:4:1:1:8:8:6:1,1596.0,4.739566968645335,908.0,183.33447122190512,184643.08374854692,0.8377425044091711,0.8011033943811492,28,7,
2:2:4:1:1:8:8:6:2,1760.0,4.958679670278484,871.8,179.7713730479006,163862.95556043315,0.8624338624338624,0.8502502027843428,28,8,
2:2:4:1:1:9:8:7:1,1448.0,4.34213546058159,850.0,163.9908061497614,139233.93996415523,0.9047619047619048,0.8743161844891809,29,6,
2:2:4:2:1:6:8:5:2,1696.0,4.998100085564873,945.0,192.92274851528353,183965.82839431145,0.673721340388007,0.8308301043908516,24,8,
2:2:4:2:1:7:8:5:1,1368.0,4.271628428537279,862.7999999999998,191.21331898063778,189278.2130812633,0.7266313932980599,0.8113898615103687,24,6,
2:2:4:2:1:7:8:5:2,1680.0,4.983103386832863,936.3999999999999,209.01962033423362,197394.34171573678,0.7583774250440917,0.8353333699665393,23,8,
2:2:4:2:1:8:8:7:1,1480.0,4.520615088857252,891.9999999999999,191.18875538206174,191504.60848657883,0.800705467372134,0.8044535589067907,31,6,
2:2:4:2:1:8:8:6:2,1728.0,4.826439056724015,817.8000000000002,190.79094516251618,183795.2794612798,0.8148148148148148,0.8258721393619676,26,8,
2:2:4:2:2:6:6:5:2,1696.0,4.899839019031097,830.6,251.6087237906317,285830.09549627797,0.671957671957672,0.6916944825453877,24,8,
2:2:4:2:2:6:7:5:1,1516.0,4.682140767571586,938.6,200.17381521308965,211118.46691329769,0.6507936507936508,0.768456029196487,23,7,
2:2:4:2:2:6:7:5:2,1664.0,4.945664835555857,926.7999999999998,213.39196176017123,229413.33662145596,0.6437389770723104,0.752094385106825,22,8,
2:2:4:2:2:7:6:5:1,1532.0,4.7884646309592895,937.6,245.45944575391735,280129.27580067166,0.7142857142857143,0.6854933798414717,24,7,
2:2:4:2:2:7:7:6:1,1384.0,4.409435142288802,913.4000000000001,202.74972567775131,212666.68912860873,0.7566137566137566,0.7727973587034456,25,6,
2:2:4:2:2:7:7:7:2,1776.0,4.987232710920818,847.8000000000001,203.9609470921039,217905.69168898463,0.7707231040564374,0.7576538171541679,29,8,
2:2:4:2:2:7:8:6:1,1432.0,4.420941098562169,874.6000000000001,200.07360288474945,200766.79583313435,0.7777777777777778,0.8033551080846559,28,6,
2:2:4:2:2:7:8:6:2,1712.0,4.876551058742457,851.4000000000001,201.6044503069727,202233.59600939092,0.7583774250440917,0.8035642094068915,25,8,
2:2:4:2:2:8:7:7:1,1480.0,4.559642994924987,889.6000000000001,215.71757812246747,231464.60180855292,0.800705467372134,0.7538383666382642,31,6,
2:2:4:2:2:8:7:6:2,1728.0,5.008005446135924,903.5999999999999,207.93908795906864,213177.95256463022,0.8042328042328042,0.7895060683620535,26,8,
2:2:4:2:2:8:8:7:1,1480.0,4.383724185721294,804.1999999999999,201.3716133039738,203033.1941486676,0.818342151675485,0.8004138929024529,31,6,
2:2:4:2:2:8:8:6:2,1744.0,4.875165608813697,808.8,211.41890019736616,212734.44994231543,0.8095238095238095,0.8016677932558822,27,8,
2:2:4:3:2:6:7:5:2,1648.0,4.84323060189408,838.8,259.3117512739432,285145.53349821095,0.6155202821869489,0.7300885218198646,21,8,
2:2:4:3:2:7:7:6:1,1548.0,4.811608477359911,917.4,262.78200666306964,292808.8463247846,0.7654320987654321,0.7155572768762346,25,7,
2:2:4:3:2:7:7:6:2,1728.0,5.012434895392084,855.0000000000002,259.05058568731124,286331.3698079109,0.7372134038800705,0.7245795809477961,26,8,
2:2:4:3:3:6:6:5:2,1648.0,4.947990213156072,897.0,260.5104508594927,299792.99295871874,0.656084656084656,0.6736771260867238,21,8,
2:2:4:3:3:6:7:5:1,1516.0,4.660169572860617,846.4000000000001,279.9161478119702,312529.43837339105,0.6596119929453262,0.713224911950343,23,7,
2:2:4:3:3:6:7:5:2,1696.0,4.889942139187959,807.4000000000001,269.1971929195728,303208.80279265484,0.656084656084656,0.7026634005772898,24,8,
2:2:4:3:3:7:6:6:1,1564.0,4.765201450040793,863.8,274.06922217312984,310580.1653642904,0.7160493827160493,0.6949260262626917,26,7,
2:2:4:3:3:7:7:5:2,1696.0,4.956087951444934,840.5999999999999,273.5018684692773,300981.51166845515,0.7266313932980599,0.7292765502986353,24,8,
2:2:5:1:0:8:9:7:1,1448.0,4.503509343988422,974.3999999999999,131.08979804143536,97769.74239775023,0.8447971781305115,0.905107968284507,29,6,
2:2:5:1:1:6:8:5:1,1368.0,4.429897442614802,964.4000000000001,179.35184996259312,174990.76381442908,0.691358024691358,0.8193237392059745,24,6,
2:2:5:1:1:7:7:6:1,1400.0,4.501447651092086,964.8000000000002,187.52081816921236,189230.71594392843,0.7354497354497355,0.7998746817059513,26,6,
2:2:5:1:1:7:8:7:1,1448.0,4.6373662652665875,1006.5999999999997,174.78667240615536,174452.63565663854,0.7654320987654321,0.8065887463634396,29,6,
2:2:5:1:1:7:8:5:2,1648.0,4.947866241889138,968.1999999999998,189.24015915114168,175090.48108058533,0.7601410934744268,0.8442388503961353,21,8,
2:2:5:1:1:7:9:6:1,1580.0,4.937838305282332,1081.2000000000003,138.55431909508206,102435.96302464264,0.7883597883597884,0.9067607475283888,27,7,
2:2:5:1:1:8:8:7:1,1464.0,4.7442000044677926,1084.6000000000001,141.36140253323867,118870.19687260938,0.8271604938271605,0.8771054375154993,30,6,
2:2:5:1:1:8:9:6:1,1432.0,4.626018664107975,1053.4000000000003,137.55258254922163,101616.26571567825,0.8077601410934744,0.9069054991738704,28,6,
2:2:5:2:1:6:7:6:1,1384.0,4.476115290924144,960.6000000000001,193.3573699539897,197621.58312467329,0.691358024691358,0.7915889344630643,25,6,
2:2:5:2:1:6:8:5:1,1368.0,4.680050144956518,1090.6000000000001,194.9884321903461,191149.2565823229,0.6402116402116402,0.8167874594594353,24,6,
2:2:5:2:1:7:8:6:1,1416.0,4.656122092457264,1032.1999999999998,191.82122642326894,192761.34030348694,0.7213403880070547,0.8024787704506074,27,6,
2:2:5:2:1:7:8:5:2,1648.0,4.968367131590942,969.2,199.86416361206446,190290.0462443606,0.7248677248677249,0.8315636976801273,21,8,
2:2:5:2:1:8:7:6:1,1416.0,4.609513738568703,1003.2,194.3942897684544,198242.4291751629,0.8324514991181657,0.7930688543684306,27,6,
2:2:5:2:1:8:8:6:1,1400.0,4.518497399955689,964.4000000000002,197.58802577487523,196572.4316378374,0.8165784832451499,0.8084965329495591,26,6,
2:2:5:2:1:8:8:5:2,1664.0,4.986308884584565,953.3999999999999,209.8371375594487,196906.49880006802,0.8465608465608465,0.8381928294294315,22,8,
2:2:5:2:2:5:7:5:2,1648.0,4.954060359907738,954.9999999999999,205.95222406768818,222127.2961660677,0.5855379188712522,0.7491564220757436,21,8,
2:2:5:2:2:6:6:6:1,1548.0,4.87194359677664,960.6,253.79201937235467,292289.16451038077,0.6402116402116402,0.6725313817428745,25,7,
2:2:5:2:2:6:7:6:1,1384.0,4.621659707948048,1019.4000000000001,217.081054406543,231469.04063507664,0.6225749559082893,0.7593489590887167,25,6,
2:2:5:2:2:6:7:5:2,1648.0,5.026576697112968,977.6000000000001,224.46898726305264,234718.04604746748,0.6948853615520282,0.7751970381979184,21,8,
2:2:5:2:2:6:8:5:1,1500.0,4.849966196136348,1030.0000000000002,219.93083320930927,220191.8427285454,0.6931216931216931,0.804734168830824,22,7,
2:2:5:2:2:7:7:5:1,1532.0,4.796336481778538,968.2,219.32278516843152,239670.02165596397,0.7442680776014109,0.7365115978350837,24,7,
2:2:5:2:2:7:7:5:2,1680.0,5.025818421688864,963.8000000000001,205.83904509758588,208164.75934720036,0.7619047619047619,0.7985101070220668,23,8,
2:2:5:2:2:7:8:6:1,1416.0,4.567577102256169,973.8000000000003,200.0162169792474,200766.79583313435,0.7777777777777778,0.8031798731442586,27,6,
2:2:5:2:2:8:7:6:1,1432.0,4.63116774358596,983.4000000000001,210.47211061323944,222326.01314501127,0.8042328042328042,0.767195427791775,28,6,
2:2:5:2:2:8:8:6:1,1596.0,4.939221793039893,1001.4,203.13875665361948,202808.57670082076,0.8095238095238095,0.8064186958186351,28,7,
2:2:5:3:2:5:6:5:1,1500.0,5.034324253119372,1094.8000000000002,259.66185151868393,297438.7108718156,0.5502645502645502,0.6803279447985812,22,7,
2:2:5:3:2:6:7:5:1,1532.0,4.877110972442044,971.6000000000001,261.72192137463907,293895.47545133636,0.6243386243386243,0.7063962630929588,24,7,
2:2:5:3:2:7:7:5:1,1516.0,4.841941678914001,970.1999999999999,259.1809319442387,284868.10211630777,0.7037037037037037,0.7305797209902329,23,7,
2:2:5:3:3:6:6:5:1,1516.0,4.837550144693481,956.4000000000001,270.4909320412039,309473.09501899406,0.6966490299823633,0.6820092841558729,23,7,
2:2:5:3:3:6:7:5:1,1484.0,4.98748288761667,1062.6,281.302797278652,314028.9004593582,0.689594356261023,0.7134059129167247,21,7,
2:2:5:3:3:7:6:6:1,1384.0,4.797635128773838,1068.1999999999998,268.0591180147664,305181.27568790823,0.7248677248677249,0.6887864025275953,25,6,
2:2:5:4:4:4:6:2:2,1456.0,4.99339619136089,986.2,389.0556405016246,462468.55080997315,0.4567901234567901,0.6191253971861196,9,8,
2:2:6:1:0:8:9:6:1,1416.0,4.707105331552775,1117.1999999999998,135.7287229904237,95393.47600171996,0.892416225749559,0.9155236388989453,27,6,
2:2:6:1:1:7:8:6:1,1400.0,4.884533529125037,1214.8,154.7305110138963,139898.03441555795,0.781305114638448,0.8533597898376346,26,6,
2:2:6:1:1:8:8:6:1,1432.0,4.842307704768348,1134.3999999999999,179.18846860365312,172198.5581576741,0.8095238095238095,0.8270787642946904,28,6,
2:2:6:1:1:8:9:6:1,1400.0,4.8004768301111485,1179.8,142.07036267302146,103978.99285091626,0.8218694885361552,0.9086155500172223,26,6,
2:2:6:2:1:7:8:5:1,1368.0,4.820362372442547,1173.1999999999996,191.94546517492523,185904.90265212755,0.7354497354497355,0.8231554973124328,24,6,
2:2:6:2:1:8:8:6:1,1384.0,4.954198336919023,1233.2,191.8304570330861,186779.3130705827,0.8024691358024691,0.8204141403302961,25,6,
2:2:6:2:2:6:7:5:1,1516.0,5.017664172665328,1117.8,211.21558590124104,234786.01900928814,0.6596119929453262,0.7182943490410102,23,7,
2:2:6:2:2:6:8:5:1,1500.0,5.020090123854308,1134.8,211.5911002253928,210380.08526620237,0.6631393298059964,0.8088385448179571,22,7,
2:2:6:2:2:7:7:5:1,1368.0,4.879416439163437,1175.6,223.0291210056691,239457.88030757167,0.7319223985890653,0.7532842245084949,24,6,
2:2:6:2:2:7:8:6:1,1400.0,4.935803390002958,1197.4,201.20052213167702,200354.13902928814,0.7724867724867724,0.8079477023664816,26,6,
2:2:6:2:2:8:7:6:1,1416.0,4.90695155437083,1146.5999999999997,219.64153132826124,235339.0696040776,0.8042328042328042,0.7551086523204438,27,6,
2:2:6:2:2:8:8:6:1,1384.0,4.795117105473854,1118.9999999999998,215.83139880367582,217633.19675387914,0.8306878306878307,0.800353761739051,25,6,
2:3:3:2:2:6:7:6:2,1892.0,5.149945089024974,801.2,226.81886547716,253627.16789068896,0.6948853615520282,0.7114594657641341,26,9,
2:3:3:2:2:7:7:6:2,1924.0,5.196851683846044,790.3999999999999,232.21490474070762,253728.9158762519,0.7336860670194003,0.7366276232231275,28,9,
2:3:3:3:2:7:7:5:2,1860.0,5.0872591785883134,764.0,260.4759542595741,288095.32892069244,0.7107583774250441,0.7238665236554798,24,9,
2:3:3:3:3:4:5:4:2,1796.0,5.05906852255271,758.8,313.69185228738723,385143.12766658043,0.48148148148148145,0.5457400778010479,20,9,
2:3:3:3:3:6:6:5:2,1844.0,5.109771694274443,773.2,280.0405506536084,320795.42720789596,0.6984126984126984,0.6802696748306671,23,9,
2:3:3:3:3:7:7:5:2,1860.0,5.057896693341945,729.5999999999998,278.22742512488304,311669.8107892458,0.7283950617283951,0.7093324971001386,24,9,
2:3:4:1:1:7:8:6:2,1744.0,5.054918841979874,938.6,183.53898340258863,178000.5923500528,0.7530864197530864,0.8224700677190622,27,8,
2:3:4:2:1:7:8:6:2,1744.0,5.052920598327661,929.8,191.2059792517837,192454.56003370928,0.7266313932980599,0.8014784054319796,27,8,
2:3:4:2:2:5:6:6:2,1876.0,5.305104203063968,885.5999999999999,246.3940831372701,279177.1465844036,0.5661375661375662,0.6951172125547568,25,9,
2:3:4:2:2:6:6:4:2,1764.0,5.17174989603874,922.7999999999998,245.5821910539662,280737.11628441757,0.6031746031746031,0.6831891397258104,18,9,
2:3:4:2:2:6:7:5:2,1844.0,5.212374694322392,878.4,233.01645168079634,261294.80303977715,0.6860670194003528,0.7080916607878356,23,9,
2:3:4:2:2:6:8:5:2,1860.0,5.28939226313116,923.8000000000001,215.28541319536708,216973.34451107276,0.671957671957672,0.8006687029120652,24,9,
2:3:4:2:2:7:6:6:2,1908.0,5.283846909516208,844.2,243.74119769568978,275976.7462770429,0.7389770723104057,0.6960305175486958,27,9,
2:3:4:2:2:7:7:5:2,1860.0,5.244173636440981,866.6,246.84645186203605,276448.01121949067,0.7107583774250441,0.7096299277861753,24,9,
2:3:4:2:2:7:8:7:2,1792.0,5.054716792546279,875.3999999999997,198.6244213737407,200163.9361368668,0.7671957671957672,0.8007241799763885,30,8,
2:3:4:2:2:8:8:6:2,1876.0,5.2945926221181105,918.8000000000001,207.2340167409685,205105.7997273845,0.8024691358024691,0.8114758023564476,25,9,
2:3:4:3:2:6:7:5:2,1860.0,5.2883741259436166,878.4,260.10812941003024,291637.91316264874,0.6966490299823633,0.7082416195145316,24,9,
2:3:4:3:2:7:7:5:2,1680.0,5.059849743918656,929.8,259.134804801878,289187.51233195496,0.7160493827160493,0.7137859443438511,23,8,
2:3:4:3:3:4:5:4:2,1748.0,5.187556385986998,878.0,315.3444708546278,388062.0536793331,0.42504409171075835,0.539552049313503,17,9,
2:3:4:3:3:5:5:5:2,1812.0,5.394187083824905,942.0000000000001,304.50407652872127,371328.5183040686,0.5396825396825397,0.5632094281298198,21,9,
2:3:4:3:3:5:6:5:2,1680.0,5.054289460993877,922.5999999999998,263.1821243835278,304119.2804263341,0.5961199294532628,0.6675305690032853,23,8,
2:3:4:3:3:6:6:5:2,1844.0,5.362281736792337,922.1999999999999,274.213744761255,317949.735730504,0.6455026455026455,0.662288589620353,23,9,
2:3:4:3:3:6:7:5:2,1844.0,5.235589386486955,852.6000000000001,271.9791821381032,303893.10992476024,0.6578483245149912,0.7123569855784003,23,9,
2:3:4:3:3:7:6:6:2,1760.0,5.172148827976721,903.1999999999999,269.4083854628012,306610.90500943724,0.7760141093474426,0.6892537277659763,28,8,
2:3:4:3:3:7:7:6:2,1892.0,5.244674345582005,804.5999999999998,277.1303539449968,311214.6237956309,0.708994708994709,0.7063315747382626,26,9,
2:3:4:4:4:5:5:4:2,1764.0,5.326403515713376,921.3999999999997,334.67079340948476,409786.6300362889,0.5379188712522046,0.5528633411547162,18,9,
2:3:4:4:4:6:6:5:2,1828.0,5.492877388176945,939.3999999999999,347.061479096328,413911.2603613612,0.673721340388007,0.6126614584679463,22,9,
2:3:5:1:1:6:7:6:2,1728.0,5.208015218533019,1037.6,187.34462890822138,189491.23431776394,0.6878306878306878,0.7984098735507058,26,8,
2:3:5:1:1:6:8:6:2,1876.0,5.476986064168039,1046.0,183.4510983832779,179147.39054378378,0.6878306878306878,0.8188579308791054,25,9,
2:3:5:1:1:7:8:6:1,1596.0,5.052543137470714,1081.2000000000003,187.59195894589442,180578.26352919362,0.7901234567901234,0.8262449596293576,28,7,
2:3:5:1:1:7:8:6:2,1892.0,5.426707664401295,1001.1999999999999,183.7432457155346,177859.95529044865,0.7671957671957672,0.823445048957547,26,9,
2:3:5:1:1:8:8:6:2,1760.0,5.248367624214812,1030.1999999999998,185.62444292979833,180764.0894317625,0.8289241622574955,0.8203346395430542,28,8,
2:3:5:2:1:6:8:4:2,1796.0,5.207169635156766,959.6,196.86518313388626,195360.56862469675,0.671957671957672,0.8099580252440437,20,9,
2:3:5:2:1:7:8:6:1,1564.0,5.036276706200966,1087.2,204.36889241594753,194880.7743206587,0.7689594356261023,0.8308295730322209,26,7,
2:3:5:2:1:7:8:5:2,1696.0,5.139801858545629,1022.2,196.06765379537165,188544.54568518157,0.7671957671957672,0.8267507627550092,24,8,
2:3:5:2:1:8:8:5:2,1680.0,5.141219952640886,1036.2,198.87171314738208,183993.45619572586,0.800705467372134,0.8442578511134172,23,8,
2:3:5:2:2:4:6:3:2,1896.0,5.5503667074947565,997.3999999999997,253.65792314952708,294810.63129512884,0.4585537918871252,0.6585736618005608,16,10,
2:3:5:2:2:5:6:4:2,1780.0,5.318164347176443,1000.4,234.9991848490428,265921.4346662518,0.5079365079365079,0.696792446323722,19,9,
2:3:5:2:2:5:7:4:2,1780.0,5.312819074324013,995.4,236.96841514171567,265463.1682265965,0.5485008818342152,0.7092801989809611,19,9,
2:3:5:2:2:6:6:5:2,1664.0,5.054574227328285,955.5999999999999,246.34358689513738,283469.20741141983,0.6208112874779541,0.6737840768945439,22,8,
2:3:5:2:2:6:7:5:2,1680.0,5.144023606931262,1045.1999999999998,191.46138513002595,205690.65528462865,0.6437389770723104,0.7527335507319629,23,8,
2:3:5:2:2:6:8:5:2,1860.0,5.341692925295732,959.8,208.93988864268027,207647.3596387595,0.6631393298059964,0.8091092390407713,24,9,
2:3:5:2:2:7:7:6:1,1580.0,5.066030009169847,1043.7999999999997,248.63901519930323,276305.54114922375,0.763668430335097,0.7186219757372748,27,7,
2:3:5:2:2:7:7:6:2,1744.0,5.1613973060488805,962.6000000000001,219.912272529715,241025.28009009792,0.7178130511463845,0.7335087935472794,27,8,
2:3:5:2:2:7:8:6:2,1744.0,5.1812289016615365,983.8000000000002,209.95678724209117,211270.94451107277,0.708994708994709,0.8016452063006235,27,8,
2:3:5:2:2:8:7:6:1,1564.0,5.041360690150637,1074.2,220.2515113154109,223541.0425929008,0.8289241622574955,0.7962055741743645,26,7,
2:3:5:2:2:8:8:5:2,1664.0,5.060468858022275,987.6,217.68584249862994,211850.5273720844,0.8271604938271605,0.8206697724309189,22,8,
2:3:5:2:3:5:6:5:2,1828.0,5.553455489386425,1065.8,255.00926248210328,299781.05939499993,0.5925925925925926,0.6395516573680287,22,9,
2:3:5:3:2:6:7:5:2,1648.0,5.051698748856814,954.0000000000001,262.31319060181346,295486.3440444335,0.6631393298059964,0.7025316414935501,21,8,
2:3:5:3:2:7:7:5:2,1664.0,5.208602090504792,1029.3999999999999,259.87738531621756,289187.51233195496,0.7160493827160493,0.7170795716566556,22,8,
2:3:5:3:3:4:5:3:2,1896.0,5.815446682020036,1086.3999999999999,314.95826870536024,389125.9811324134,0.4620811287477954,0.5284984430674459,16,10,
2:3:5:3:3:4:6:3:2,1880.0,5.629190745708205,1022.0,289.7511528165523,345894.8677668291,0.48853615520282184,0.6107343945954773,15,10,
2:3:5:3:3:5:5:4:2,1912.0,5.797372341521231,1049.0,326.1101176425383,395986.68816773035,0.5590828924162258,0.5735322547635691,17,10,
2:3:5:3:3:5:6:4:2,1796.0,5.442053343658148,1010.5999999999999,279.0442458541698,333118.4109602215,0.5502645502645502,0.6107037485270325,20,9,
2:3:5:3:3:6:6:5:2,1664.0,5.102956427827852,960.6,268.776294578392,317925.8400945388,0.6155202821869489,0.6284220220231428,22,8,
2:3:5:3:3:6:7:5:2,1680.0,5.1892819090250875,997.7999999999998,264.52284241722487,298388.5651432373,0.6860670194003528,0.7007988574692271,23,8,
2:3:5:3:3:7:6:5:1,1532.0,5.049435902901657,1049.8,281.23015694523946,318151.1254473126,0.7407407407407407,0.6971341054800754,24,7,
2:3:5:3:3:7:6:6:2,1728.0,5.22979899383875,967.8000000000002,269.4960295065706,315196.2106903976,0.7072310405643739,0.6483039475551209,26,8,
2:3:5:3:3:7:7:5:1,1532.0,5.062059233512818,1069.0,269.1875854017676,299020.3179045932,0.7442680776014109,0.719075160963703,24,7,
2:3:5:3:3:7:7:6:2,1728.0,5.307054902636293,1008.8000000000001,272.30012979477823,306610.90500943724,0.7760141093474426,0.7030395299582392,26,8,
2:3:5:4:3:6:6:4:2,1796.0,5.633766709614266,1067.8000000000002,330.54572435128813,390194.1447605147,0.6754850088183422,0.6321584547530055,20,9,
2:3:5:4:3:7:6:5:1,1532.0,5.126092945443871,1045.0,329.49470006667474,392293.5892645971,0.7019400352733686,0.6160213320643226,24,7,
2:3:5:4:4:3:4:2:2,1832.0,5.799696771925767,1102.3999999999999,354.0280696819097,442027.2562843285,0.38271604938271603,0.49661687551911476,12,10,
2:3:5:4:4:4:4:3:2,1700.0,5.537234635290812,1067.0,372.6120382098904,471755.0376789442,0.41798941798941797,0.4478495241040476,14,9,
2:3:5:4:4:4:5:1:2,1604.0,5.3938556322837385,1091.2,363.1161435048798,439341.23479314084,0.4056437389770723,0.5819017123997078,8,9,
2:3:5:4:4:4:6:1:2,1768.0,5.584928819696283,1008.2,390.45464076779217,464354.5185764553,0.4585537918871252,0.6181948670719051,8,10,
2:3:5:4:4:5:5:4:2,1780.0,5.6287067600273994,1025.3999999999999,386.0767329355357,480837.9278613974,0.5802469135802469,0.5045408861996753,19,9,
2:3:5:4:4:6:5:4:2,1780.0,5.573955247595857,1023.2000000000002,357.2326253868511,433584.7237371052,0.6208112874779541,0.5745867176010819,19,9,
2:3:5:4:4:6:6:5:1,1484.0,5.078961852189361,1057.4,338.3713701913677,398383.12457387906,0.6772486772486772,0.636877213140581,21,7,
2:3:5:4:4:6:6:4:2,1616.0,5.318434911309069,1062.4,337.1525947122424,399028.82798080915,0.6507936507936508,0.6273853202279677,19,8,
2:3:5:5:5:2:4:1:3,1916.0,5.881941154196241,991.2000000000002,427.8606344292685,541364.7282144798,0.26455026455026454,0.450229197859027,7,11,
2:3:5:5:5:3:5:1:2,1604.0,5.452399774081924,1071.8,415.7106719044507,515963.22295729804,0.37566137566137564,0.5150951997476604,8,9,
2:3:5:5:5:4:5:1:3,1916.0,6.010752875110166,1037.5999999999997,454.4968801874647,558817.3924192354,0.4409171075837742,0.541909582360586,7,11,
2:3:5:5:5:5:5:3:2,1880.0,5.951129248854483,1075.2,419.09028410049126,519179.9588322841,0.5485008818342152,0.5206822792384976,15,10,
2:3:6:1:1:6:7:6:2,1728.0,5.364964186616429,1126.1999999999996,187.73469381151548,189491.23431776394,0.6878306878306878,0.7997262985167641,26,8,
2:3:6:1:1:6:8:5:1,1500.0,5.139349655670981,1232.0,182.01125476544638,178032.77906737896,0.6878306878306878,0.8179824079824678,22,7,
2:3:6:1:1:7:8:6:1,1596.0,5.184016771035912,1191.9999999999998,151.33750917736256,139898.03441555795,0.781305114638448,0.844605597064412,28,7,
2:3:6:1:1:7:8:6:2,1728.0,5.52639202964336,1222.8000000000002,182.66428080778508,179456.0989339456,0.7266313932980599,0.8156061944100261,26,8,
2:3:6:1:1:8:8:6:1,1596.0,5.167144614252484,1153.1999999999996,180.57099628115864,170773.58155278058,0.8536155202821869,0.8346766752275668,28,7,
2:3:6:2:1:6:8:5:2,1812.0,5.69628139503943,1225.8,191.9915509873569,192932.40748127125,0.6754850088183422,0.802479064165952,21,9,
2:3:6:2:1:7:8:6:1,1548.0,5.1249510879624625,1157.4,200.44726687471638,193899.6722572155,0.7742504409171076,0.8237849549674342,25,7,
2:3:6:2:1:7:8:5:2,1664.0,5.306943242758286,1147.2,197.8368186439482,189186.81935522423,0.7477954144620811,0.8294748156795037,22,8,
2:3:6:2:1:8:8:6:1,1580.0,5.301932443551736,1228.1999999999998,197.9956954938341,191928.39910999846,0.8201058201058201,0.8227182545852323,27,7,
2:3:6:2:2:5:7:5:2,1812.0,5.564773676525799,1118.0,225.22667459012777,243765.51527150918,0.5890652557319224,0.7458921721566877,21,9,
2:3:6:2:2:6:6:5:1,1484.0,5.167646660491232,1211.3999999999999,234.65565649852866,266017.3634955725,0.6190476190476191,0.6944295376581333,21,7,
2:3:6:2:2:6:6:4:2,1796.0,5.66517621887843,1179.9999999999998,236.15491610407003,267265.5883988984,0.6296296296296297,0.6966173349077174,20,9,
2:3:6:2:2:6:7:6:1,1564.0,5.182038660624345,1129.6,244.61592057400387,270207.99388274824,0.6754850088183422,0.7252561632266714,26,7,
2:3:6:2:2:6:7:5:2,1680.0,5.301549585525032,1110.2,215.77861499269335,241705.03544806034,0.6331569664902998,0.7093806406285974,23,8,
2:3:6:2:2:6:8:5:1,1532.0,5.083825890810041,1142.1999999999998,208.3292800892935,208145.8473278203,0.6772486772486772,0.8059744096741409,24,7,
2:3:6:2:2:6:8:5:2,1828.0,5.6174469335997514,1152.5999999999997,204.49241135105967,204297.73326162892,0.6790123456790124,0.8060171219745071,22,9,
2:3:6:2:2:7:7:6:1,1596.0,5.182231905739926,1145.8,196.52549055453852,199858.84501661913,0.7742504409171076,0.7949059506772157,28,7,
2:3:6:2:2:7:7:6:2,1876.0,5.673001143232885,1106.1999999999998,234.39164821304632,249203.04986912917,0.7319223985890653,0.7618224449781466,25,9,
2:3:6:2:2:7:8:6:1,1580.0,5.336071752097724,1240.6,204.95268343940936,206754.45391397015,0.7795414462081128,0.8000784351030885,27,7,
2:3:6:2:2:7:8:5:2,1696.0,5.543242070763641,1237.2000000000003,209.81825412298434,200046.5110107414,0.7301587301587301,0.830902332188161,24,8,
2:3:6:2:2:8:7:5:1,1500.0,5.056386563391645,1114.4,252.57118144306287,263988.9260261981,0.800705467372134,0.7755284021423129,22,7,
2:3:6:2:2:8:8:5:1,1516.0,5.198603150345699,1207.2000000000003,224.40798624601086,225085.6089588952,0.800705467372134,0.803625601797047,23,7,
2:3:6:2:2:8:8:5:2,1664.0,5.392716376082651,1168.2,225.4701852388633,226582.82732359602,0.800705467372134,0.8024581001021462,22,8,
2:3:6:3:2:6:7:4:2,1616.0,5.453977469996782,1208.3999999999999,268.00522548817526,292585.8928417756,0.6684303350970018,0.7374813448611395,19,8,
2:3:6:3:2:7:7:6:1,1548.0,5.176238369896366,1119.9999999999998,266.92715573123985,294516.426687701,0.7654320987654321,0.7264892993882452,25,7,
2:3:6:3:3:4:5:4:2,1912.0,5.880332447165503,1140.6000000000001,281.5484975428401,341669.42361020175,0.48500881834215165,0.5749668576104406,17,10,
2:3:6:3:3:4:6:3:2,1684.0,5.655981363102608,1238.9999999999998,283.9414328791792,336000.4973543788,0.41622574955908287,0.6276701532422553,13,9,
2:3:6:3:3:5:6:5:1,1484.0,5.1375160682973275,1164.0,264.9716107245851,302107.35281269706,0.5802469135802469,0.6868060962509852,21,7,
2:3:6:3:3:5:6:4:2,1600.0,5.281963790378921,1132.2,262.67346914484824,310601.59948928055,0.5326278659611993,0.6290485443892878,18,8,
2:3:6:3:3:6:6:5:2,1648.0,5.495996090588622,1189.3999999999999,278.8297833637484,320392.8766722403,0.6455026455026455,0.6758666202647988,21,8,
2:3:6:3:3:6:7:4:2,1796.0,5.60664761076729,1114.9999999999998,267.96919530505323,300488.551026291,0.656084656084656,0.7080947924768708,20,9,
2:3:6:3:3:7:6:5:2,1696.0,5.531037904716723,1149.5999999999997,290.498491974383,336467.81928349676,0.7072310405643739,0.6639658148683009,24,8,
2:3:6:3:3:7:7:5:1,1516.0,5.135541249268732,1113.0,282.85188833537114,318151.1254473126,0.7407407407407407,0.7043636159114024,23,7,
2:3:6:3:3:7:7:5:2,1648.0,5.4092998063728635,1144.4,274.67299021341324,307250.4920008039,0.7019400352733686,0.7110243023841102,21,8,
2:3:6:4:4:5:5:4:2,1912.0,6.008740464302251,1114.2,380.7558432593763,463735.7920703275,0.5908289241622575,0.5662776156628198,17,10,
2:3:6:5:4:4:5:2:2,1800.0,5.978843365368584,1193.6000000000004,396.40418816398625,485680.10077617114,0.4409171075837742,0.5512374666971395,10,10,
2:3:6:5:4:5:6:2:2,1800.0,5.865506352526141,1124.4,401.3421018823215,478160.52256556525,0.5132275132275133,0.6146791780928696,10,10,
2:3:6:5:5:2:4:1:2,1752.0,5.881383388094611,1158.3999999999999,424.3443810496442,537063.8082979239,0.2892416225749559,0.4491835424632137,7,10,
2:3:6:5:5:4:5:1:2,1768.0,5.880051941419413,1120.4,445.58945078480724,544998.1039216908,0.43386243386243384,0.5557046344775481,8,10,
2:3:7:1:1:7:8:5:1,1500.0,5.274761466586937,1308.1999999999996,182.58975155479374,173716.77742458793,0.7689594356261023,0.8319063170308448,22,7,
2:3:7:1:1:7:8:5:2,1664.0,5.5120040097537215,1274.2,187.10627353036028,179456.0989339456,0.7266313932980599,0.8280385179632295,22,8,
2:3:7:1:1:8:8:6:1,1432.0,5.079735452083431,1266.6,181.61000133130534,172198.5581576741,0.8095238095238095,0.8334923162806511,28,6,
2:3:7:2:1:7:8:6:1,1384.0,5.133935227573411,1321.9999999999998,204.9412740341242,190304.948917142,0.7918871252204586,0.8427240701246168,25,6,
2:3:7:2:2:6:7:5:1,1500.0,5.289231392084004,1281.5999999999995,217.39419931163096,233726.83512434224,0.6948853615520282,0.7520526350060579,22,7,
2:3:7:2:2:6:7:4:2,1780.0,5.7838849535487755,1296.0,203.46276866215558,219612.45813306005,0.6384479717813051,0.748438459915282,19,9,
2:3:7:2:2:6:8:5:2,1812.0,5.948625641014448,1316.8000000000002,244.07073845519164,244698.04360787536,0.6807760141093474,0.8038982192167194,21,9,
2:3:7:2:2:7:7:5:1,1516.0,5.518019158885619,1376.2,236.516863088146,250077.94462200897,0.7407407407407407,0.7664117733243503,23,7,
2:3:7:2:2:7:7:6:2,1712.0,5.602445060366785,1263.0,201.5863492279668,206754.45391397015,0.7795414462081128,0.7892099956711364,25,8,
2:3:7:2:2:7:8:5:1,1516.0,5.335167431060546,1296.4,212.63993341132945,210285.2451046054,0.763668430335097,0.8119370990067822,23,7,
2:3:7:3:3:6:6:4:2,1748.0,6.003505619888745,1368.9999999999998,286.9876864769189,324914.5690559118,0.6137566137566137,0.6961424733991786,17,9,
2:4:5:6:6:3:3:1:3,1916.0,6.173702584564442,1092.8,491.68936544803864,630369.327155766,0.3403880070546737,0.39585523656943017,7,11,
2:4:6:4:4:5:6:4:2,1912.0,6.144852978322891,1229.5999999999997,342.53163870907946,410727.6919801922,0.5396825396825397,0.6015891217403678,17,10,
2:4:6:5:4:6:5:4:2,1912.0,6.098564271748583,1144.0,401.8859420814472,491593.7822900059,0.6014109347442681,0.5554485829033621,17,10,
2:4:6:5:5:3:3:1:3,1916.0,6.253837067585717,1179.8,450.1256173211014,579070.0354082859,0.30158730158730157,0.379971103381118,7,11,
2:4:6:5:5:3:4:2:2,1784.0,6.1174621089335,1243.3999999999999,441.2010157652945,557596.8767977101,0.32098765432098764,0.4545863059492413,9,10,
2:4:6:6:6:3:4:1:3,1916.0,6.195655026987256,1104.6000000000001,492.3364003017745,622452.5569944831,0.32451499118165783,0.45320535206941887,7,11,
2:4:7:5:5:3:4:1:3,1916.0,6.396276041485795,1276.2000000000005,434.4885155224453,548471.8499063523,0.3474426807760141,0.45891359634807427,7,11,
2:4:7:5:5:3:5:1:3,1884.0,6.416853373017313,1301.8,452.5558625008162,564310.4294576793,0.3350970017636684,0.5007707291768739,5,11,
2:4:7:5:5:4:5:1:2,1768.0,6.209599628815724,1330.2,422.64298953851494,517248.86798099405,0.41975308641975306,0.5541350345439001,8,10,
3:3:2:3:3:5:5:5:3,2484.0,6.030117578000537,634.1999999999999,300.8766667263048,361452.6852713927,0.5784832451499118,0.5976449767675814,22,13,
3:3:2:3:3:6:6:5:3,2320.0,5.704513696101477,600.3999999999997,314.05926568953794,373575.3101036004,0.6119929453262787,0.6178034636748222,22,12,
3:3:2:3:3:7:6:6:3,2384.0,5.820874813321873,648.4000000000001,268.03601915350185,304803.70923827344,0.7319223985890653,0.6903316658569191,26,12,
3:3:2:4:4:4:4:3:3,2372.0,5.947442715485342,643.5999999999999,356.6000196801889,447702.72805778333,0.41975308641975306,0.4782780309858542,15,13,
3:3:2:4:4:5:6:4:3,2452.0,5.987141087297155,600.9999999999998,341.70899649748645,409565.35280682385,0.5961199294532628,0.6024877086045491,20,13,
3:3:2:4:4:6:6:5:3,2304.0,5.727619678956127,608.5999999999998,334.9603579681237,399574.8449278419,0.6208112874779541,0.6121842067383928,21,12,
3:3:3:2:2:5:6:5:2,1976.0,5.146378321819292,684.5999999999999,257.3965084715383,296895.41740715405,0.5679012345679012,0.6702553287279553,21,10,
3:3:3:2:2:5:6:5:3,2304.0,5.865095379714698,774.1999999999999,247.3090802982336,287848.5160590408,0.5661375661375662,0.6562578851936032,21,12,
3:3:3:2:2:5:7:6:2,2056.0,5.435600053148701,767.6,258.3852301353137,290454.90534807154,0.5943562610229277,0.705108319004318,26,10,
3:3:3:2:2:6:7:6:2,2072.0,5.425525248271602,753.0,251.272815769998,280674.6955079449,0.6984126984126984,0.7127008055956338,27,10,
3:3:3:2:2:7:7:6:2,2088.0,5.308726096346209,700.4000000000001,221.64769662830082,236131.6504719945,0.7883597883597884,0.7600997211521566,28,10,
3:3:3:2:2:7:7:6:3,2204.0,5.71075984514247,795.6,238.40083219578096,257286.88002620896,0.7142857142857143,0.7485712995001379,25,11,
3:3:3:3:2:6:7:5:2,2024.0,5.236517193020378,685.1999999999997,259.9052484425545,290701.88267173676,0.6878306878306878,0.7111436180782676,24,10,
3:3:3:3:2:6:7:5:3,2352.0,5.938353567104506,753.8000000000001,261.24647254825476,291355.77060984843,0.6878306878306878,0.7145354692839999,24,12,
3:3:3:3:2:7:7:5:3,2188.0,5.693547158952541,776.9999999999999,263.24123912609036,293326.40261309716,0.7372134038800705,0.7155343385667914,24,11,
3:3:3:3:3:3:4:3:3,2340.0,5.922614102692157,726.4000000000001,291.7221962264531,367398.98628851987,0.35978835978835977,0.46731415435151547,13,13,
3:3:3:3:3:3:5:3:3,2356.0,5.89796456522455,700.8000000000001,287.34590848231943,358053.54029115784,0.3950617283950617,0.5029700929954667,14,13,
3:3:3:3:3:4:5:5:2,1976.0,5.351919102093856,761.9999999999999,296.53813088721625,358753.26754540805,0.48853615520282184,0.5821181324808737,21,10,
3:3:3:3:3:4:5:4:3,2272.0,5.783138593771791,727.6,279.43958266860545,341836.92223688425,0.48853615520282184,0.5552866034089426,19,12,
3:3:3:3:3:4:6:4:3,2092.0,5.614100002856655,798.9999999999999,292.19470161972333,349619.9342138884,0.49382716049382713,0.6060313175388237,18,11,
3:3:3:3:3:5:5:4:2,1928.0,5.299511564882651,770.0,306.8230572884631,374078.860036112,0.5432098765432098,0.563722559557684,18,10,
3:3:3:3:3:5:5:4:3,2288.0,5.865678265409071,731.2,306.63957648694276,371950.6048581398,0.5555555555555556,0.5760277545379079,20,12,
3:3:3:3:3:5:6:5:3,2140.0,5.60683043010654,747.6,291.4728538704083,346306.1322925285,0.5802469135802469,0.6200510566665036,21,11,
3:3:3:3:3:6:6:5:2,1992.0,5.41340328483014,794.0,283.3996624986896,333403.3907821697,0.6331569664902998,0.6382476601453281,22,10,
3:3:3:3:3:6:6:6:3,2204.0,5.725686091114597,766.7999999999997,275.6640136619771,323639.27357384935,0.6455026455026455,0.6418246533043381,25,11,
3:3:3:3:3:6:7:4:2,1928.0,5.175438957715235,729.1999999999998,277.27388902453833,311038.01284589496,0.6525573192239859,0.7076467688374306,18,10,
3:3:3:3:3:6:7:4:3,2124.0,5.662285744740604,796.3999999999999,290.116017267923,323554.3656006803,0.6825396825396826,0.7145291580026122,20,11,
3:3:3:3:3:7:6:6:2,2072.0,5.526706656942118,778.9999999999999,282.6426744861808,319032.80337101204,0.7001763668430335,0.6999904899865096,27,10,
3:3:3:3:3:7:6:6:3,2236.0,5.760371383449923,763.9999999999999,266.1305744161062,302297.64157177624,0.7231040564373897,0.6918234387142471,27,11,
3:3:3:4:3:5:6:4:3,2288.0,6.009082600256199,791.4000000000001,327.7498343452645,390539.0888715326,0.5961199294532628,0.6143924937665698,20,12,
3:3:3:4:4:3:4:3:3,2372.0,6.025245450617794,664.8,379.51417050028874,481572.7111038882,0.37742504409171074,0.4391686064861389,15,13,
3:3:3:4:4:4:4:4:3,2108.0,5.668483209577749,771.4,334.6299798305834,418101.75074421696,0.455026455026455,0.49434398484248243,19,11,
3:3:3:4:4:4:5:4:3,2240.0,5.940682617330851,789.5999999999998,338.7670440265924,420781.1337601942,0.4409171075837742,0.5128223195765825,17,12,
3:3:3:4:4:4:6:4:3,2076.0,5.639156909774049,785.5999999999999,335.80196784188615,399274.21261540917,0.47971781305114636,0.6186015861181764,17,11,
3:3:3:4:4:5:5:5:3,2156.0,5.719502340478084,752.8,334.1578270510735,412416.3247909574,0.5132275132275133,0.5314543978064543,22,11,
3:3:3:4:4:5:6:4:3,2256.0,5.906771856063907,754.4000000000001,338.7396423882349,399655.8918562195,0.5537918871252204,0.6331136258911333,18,12,
3:3:3:5:5:3:3:3:3,2208.0,5.87941407223842,714.0,411.6277789591845,534042.2417084143,0.36507936507936506,0.33736069517436307,15,12,
3:3:4:2:2:5:7:5:2,1992.0,5.5900452725976955,922.5999999999998,254.95566956289326,284549.60978838254,0.5961199294532628,0.713680068676403,22,10,
3:3:4:2:2:5:7:4:3,2108.0,5.737485787483237,899.4000000000001,245.7544415029952,272017.1761502981,0.5978835978835979,0.723043743447465,19,11,
3:3:4:2:2:6:6:6:2,2056.0,5.470315072022652,808.5999999999998,237.06864583684387,268298.97173009196,0.673721340388007,0.6966207904676713,26,10,
3:3:4:2:2:6:7:6:2,2056.0,5.5478850419646975,863.0,226.65081879398372,250683.46793093745,0.6754850088183422,0.723866969577612,26,10,
3:3:4:2:2:6:7:5:3,2172.0,5.872392190837951,935.4000000000001,222.24637220511838,239427.89716083565,0.6649029982363316,0.7502066886092645,23,11,
3:3:4:2:2:6:8:5:3,2172.0,5.866769024775884,942.4000000000001,212.0580370479262,212391.45006060682,0.6931216931216931,0.8045017117071938,23,11,
3:3:4:2:2:7:7:6:2,2040.0,5.468931130789831,826.5999999999999,234.2839511578341,255793.120847429,0.708994708994709,0.7373979745077646,25,10,
3:3:4:2:2:7:7:5:3,2172.0,5.771042695648151,875.7999999999998,224.38120843250195,237325.89258630417,0.7442680776014109,0.766137906904404,23,11,
3:3:4:2:3:4:6:4:3,2092.0,5.642509644149339,850.1999999999999,257.1029682326754,303461.3410013049,0.4603174603174603,0.6323795838546251,18,11,
3:3:4:3:2:5:7:5:2,2024.0,5.472200374300159,817.6000000000001,261.13761222818994,290454.9053480716,0.5943562610229277,0.7176080321445775,24,10,
3:3:4:3:2:5:7:5:3,2188.0,5.914089794874789,903.9999999999999,261.28891369400543,287991.67356423096,0.5873015873015873,0.7276173467000188,24,11,
3:3:4:3:2:6:6:4:3,2124.0,5.791125203778744,897.8,261.7679905425473,297181.548402385,0.6014109347442681,0.6925376492001148,20,11,
3:3:4:3:2:6:7:5:2,2008.0,5.522379801343142,859.4,263.7893473615614,295820.137375,0.6807760141093474,0.7080187711755159,23,10,
3:3:4:3:2:6:7:5:3,2156.0,5.777254376866131,856.9999999999999,262.7032316830962,293066.2412884562,0.6419753086419753,0.7141961511401252,22,11,
3:3:4:3:2:7:7:5:2,2024.0,5.492048057565663,829.8000000000001,260.19124863973076,291911.26029108616,0.7407407407407407,0.707497561081172,24,10,
3:3:4:3:2:7:7:5:3,2188.0,5.79571374911633,834.1999999999998,263.9696957489591,292851.81564408186,0.7372134038800705,0.7204987177431064,24,11,
3:3:4:3:3:4:5:4:2,1960.0,5.552420706840779,876.0,312.22254077872196,384009.1933537717,0.48500881834215165,0.5410468161819048,20,10,
3:3:4:3:3:4:5:3:3,2028.0,5.6802465565212374,912.9999999999998,279.6997975475419,340993.1405331838,0.4074074074074074,0.5638459872954065,14,11,
3:3:4:3:3:4:6:4:3,2076.0,5.6463753208074285,844.1999999999999,281.29480689781207,335477.6901124977,0.4708994708994709,0.6126564048477692,17,11,
3:3:4:3:3:5:5:5:2,1976.0,5.590365544049382,903.5999999999999,290.1372634759996,348464.24779713165,0.5537918871252204,0.5981762977628655,21,10,
3:3:4:3:3:5:5:4:3,2124.0,5.744450260691899,833.7999999999998,299.3032978123069,362717.12042537855,0.5238095238095238,0.5781824674957318,20,11,
3:3:4:3:3:5:6:4:2,1960.0,5.500703166359542,894.8,264.0986953258597,313938.6270201281,0.5291005291005291,0.6190897406441096,20,10,
3:3:4:3:3:5:6:4:3,2124.0,5.745669670535121,871.4000000000002,262.3947031934136,312003.5412311012,0.5343915343915344,0.6185282419119043,20,11,
3:3:4:3:3:5:7:4:3,2288.0,5.975493069378989,826.9999999999997,273.1045703378874,307525.19767290447,0.5925925925925926,0.7030052785453411,20,12,
3:3:4:3:3:6:5:5:3,2156.0,5.909795622785667,871.1999999999999,323.65411811947337,395210.2751899497,0.6190476190476191,0.559865792471466,22,11,
3:3:4:3:3:6:6:5:2,2024.0,5.511279014546129,831.0000000000001,269.8952012476553,317740.7316516154,0.6349206349206349,0.6369980670920043,24,10,
3:3:4:3:3:6:6:5:3,2188.0,5.897955473153906,881.6,274.5407532782648,321204.92328568496,0.63668430335097,0.6477370580478597,24,11,
3:3:4:3:3:6:7:5:2,1976.0,5.443681282937639,829.6,280.9672874256415,311693.3355229577,0.671957671957672,0.720555444409948,21,10,
3:3:4:3:3:6:7:6:3,2204.0,5.847692871554365,846.8,264.8418581713255,298597.0572122447,0.6931216931216931,0.7014347463355969,25,11,
3:3:4:3:3:7:6:6:2,2056.0,5.690486166891246,898.1999999999999,272.3056566273362,308988.0458790837,0.7283950617283951,0.6932053853083242,26,10,
3:3:4:3:3:7:6:5:3,2188.0,5.904842940006332,874.1999999999999,285.84594698359007,327901.3231136991,0.7160493827160493,0.6782933453479563,24,11,
3:3:4:3:3:7:7:4:3,2124.0,5.753365795925535,854.8000000000001,283.35840628977815,311262.5597917576,0.7425044091710759,0.7311807163269964,20,11,
3:3:4:3:4:3:5:2:3,2144.0,5.975001111775258,921.5999999999999,322.22563037657176,400219.1771837056,0.36507936507936506,0.5129428060213244,11,12,
3:3:4:3:4:4:5:4:3,2092.0,5.77264341260408,854.9999999999998,326.08881494651365,404097.5015438527,0.48677248677248675,0.5197340257614859,18,11,
3:3:4:4:3:5:5:4:3,2108.0,5.938991839501565,932.5999999999999,326.8083729973875,396331.25207732373,0.5220458553791887,0.5765240365074565,19,11,
3:3:4:4:3:5:6:4:3,2256.0,6.016998534759731,827.7999999999998,327.83816920876774,384037.1016609468,0.5396825396825397,0.645643648985114,18,12,
3:3:4:4:3:6:6:4:3,2124.0,5.919933662915493,902.6000000000001,330.0023868730842,392175.0814989286,0.6119929453262787,0.6196036761377761,20,11,
3:3:4:4:4:3:3:3:3,2224.0,6.040914132658513,836.6000000000001,364.59831321737687,467552.61761625885,0.3844797178130511,0.39469455577895346,16,12,
3:3:4:4:4:4:4:3:3,2208.0,5.959408620001163,821.4000000000002,349.58468754065944,441154.66808325896,0.4056437389770723,0.46007495482839583,15,12,
3:3:4:4:4:4:5:3:3,2060.0,5.698351071996274,842.5999999999998,328.3650578218874,407579.72508306877,0.4567901234567901,0.5149012279881335,16,11,
3:3:4:4:4:5:5:4:3,2092.0,5.9338919757899165,939.0000000000001,333.51675027288275,405797.68806541484,0.5925925925925926,0.5686995426413084,18,11,
3:3:4:4:4:6:5:4:3,2124.0,6.009377281588193,941.2,342.11691866050546,413211.2557970308,0.656084656084656,0.5858658688845251,20,11,
3:3:4:4:4:6:6:4:2,1960.0,5.602035322799262,860.4,355.9540280271811,426853.43407246337,0.6490299823633157,0.6014366184170697,20,10,
3:3:4:4:4:6:6:5:3,2140.0,6.032091883065617,944.5999999999999,335.59609769820486,401180.978661252,0.6649029982363316,0.6079175746956941,21,11,
3:3:4:5:5:3:4:1:3,2096.0,6.04399141693415,899.5999999999999,431.3431334016633,541014.0440113839,0.36684303350970016,0.4816010888706957,8,12,
3:3:5:2:2:5:6:4:2,1960.0,5.711741018934171,1027.1999999999998,251.35715773567486,291932.17485343653,0.5590828924162258,0.6596825472914224,20,10,
3:3:5:2:2:5:7:4:3,2108.0,5.853930018420481,964.4000000000001,246.7783204444128,272017.1761502981,0.5978835978835979,0.7275427539113796,19,11,
3:3:5:2:2:5:8:5:2,1976.0,5.663090117250286,1030.1999999999998,204.77209648091252,204409.20716722027,0.599647266313933,0.8065060738181249,21,10,
3:3:5:2:2:6:6:5:2,1992.0,5.626495268934557,968.9999999999999,229.22281748589353,260725.6134215313,0.6049382716049383,0.6900276413516204,22,10,
3:3:5:2:2:6:6:5:3,2188.0,6.005503797715236,965.6000000000001,251.52065330453829,284290.71479701414,0.6455026455026455,0.6982617218830698,24,11,
3:3:5:2:2:6:7:4:2,1960.0,5.7317053468901635,1061.2,228.6769316867232,258060.37699286072,0.6014109347442681,0.7002771117160218,20,10,
3:3:5:2:2:6:7:5:3,2156.0,5.979843148689552,998.5999999999999,235.97106530697587,266018.215585797,0.6014109347442681,0.7015681349254927,22,11,
3:3:5:2:2:6:8:5:2,2024.0,5.83051626835657,1072.8,209.1027241581756,209184.30341843594,0.6790123456790124,0.8052133705708189,24,10,
3:3:5:2:2:7:7:5:2,1976.0,5.627701380549194,965.1999999999999,249.7066827713936,274916.31562906207,0.7001763668430335,0.7288123191493079,21,10,
3:3:5:2:2:7:7:5:3,2172.0,5.949433533156761,960.4,240.92881329988356,259345.583285598,0.7001763668430335,0.7509440778366998,23,11,
3:3:5:2:2:7:8:4:2,1960.0,5.659954568344314,1028.8,220.39424025122614,214380.50141533848,0.7777777777777778,0.8209277775989777,20,10,
3:3:5:3:2:6:6:5:3,2156.0,5.965301039653146,967.3999999999999,258.92568948333377,296587.22425045585,0.6402116402116402,0.6803671245909063,22,11,
3:3:5:3:2:6:7:5:2,2024.0,5.714657861466236,956.3999999999999,259.81100745135603,288521.55746011564,0.6331569664902998,0.7193986112519326,24,10,
3:3:5:3:2:6:7:5:3,2140.0,5.971182513359225,982.7999999999998,262.86048507468104,282559.590415809,0.6825396825396826,0.7522108010606741,21,11,
3:3:5:3:2:7:7:5:2,1976.0,5.639251469456368,962.0,259.45558318176046,278866.37537590065,0.7248677248677249,0.7523182924514256,21,10,
3:3:5:3:2:7:7:4:3,2108.0,5.8783640899606695,961.2000000000002,263.83243900769946,295484.828794641,0.7178130511463845,0.7095738618267032,19,11,
3:3:5:3:3:3:5:3:3,2044.0,5.929243894147705,1018.5999999999999,299.28128798174873,366522.2021127719,0.345679012345679,0.5523819597707714,15,11,
3:3:5:3:3:4:5:3:3,2060.0,5.888780430610927,969.2,309.73850415639544,382109.4475519171,0.4673721340388007,0.5326946214701404,16,11,
3:3:5:3:3:4:6:4:3,2092.0,6.042395941041949,1054.6,279.4384985707854,330840.7066789883,0.49029982363315694,0.6267213377278299,18,11,
3:3:5:3:3:5:5:4:2,1944.0,5.853487395549771,1090.8,284.1273532767204,341310.26654407766,0.5026455026455027,0.5977758759297678,19,10,
3:3:5:3:3:5:5:4:3,2092.0,5.95352184823499,965.3999999999999,318.2468879492393,386282.4830831898,0.5026455026455027,0.5744888509903681,18,11,
3:3:5:3:3:5:6:5:2,1992.0,5.841769123511502,1060.6,259.6830930310214,306700.07583377213,0.5661375661375662,0.6312324259494995,22,10,
3:3:5:3:3:5:6:4:3,2092.0,5.979604526244289,1038.0,260.43576638051223,307824.6582970777,0.5396825396825397,0.6298309950783599,18,11,
3:3:5:3:3:6:6:4:2,1960.0,5.859545712529358,1097.6,264.76241900414584,309490.2394746335,0.6084656084656085,0.6492198319743709,20,10,
3:3:5:3:3:6:6:5:3,2172.0,6.000782345928985,964.7999999999998,265.64359014173493,303077.0529203041,0.6084656084656085,0.685888200049325,23,11,
3:3:5:3:3:6:7:4:2,1944.0,5.676846443112808,1006.5999999999998,268.1719332449622,300478.86789282283,0.6172839506172839,0.7090411700606652,19,10,
3:3:5:3:3:6:7:5:3,2156.0,5.98236898328499,969.2,266.8032135225894,299214.65074968967,0.691358024691358,0.7079596530583273,22,11,
3:3:5:3:3:7:6:5:2,1976.0,5.919515367345202,1068.0,312.36521328472963,353461.6236448683,0.7019400352733686,0.6968143245451448,21,10,
3:3:5:3:3:7:7:5:2,1976.0,5.686255417435244,977.0,271.10682168578353,303880.83861776616,0.7054673721340388,0.7085934265524408,21,10,
3:3:5:3:4:3:4:3:3,2044.0,6.0034012806761226,1034.2,325.7285261433616,406362.9037200298,0.3509700176366843,0.4992180587074538,15,11,
3:3:5:4:3:6:6:5:2,1976.0,5.9247377473863825,1054.1999999999998,329.1263027680791,389065.70829695556,0.6790123456790124,0.6295873670079986,21,10,
3:3:5:4:4:3:3:2:3,1964.0,6.037783881459928,1079.0,380.42346078777945,488932.94203552336,0.31040564373897706,0.3844674957782008,10,11,
3:3:5:4:4:3:4:2:3,1980.0,5.8993897332542895,1013.8,351.15397875518255,442804.5998267511,0.36155202821869487,0.4627916769966763,11,11,
3:3:5:4:4:3:5:1:3,1932.0,6.005447102563603,1088.2,384.88850715356284,479199.8886962009,0.37918871252204583,0.5055692431676858,8,11,
3:3:5:4:4:5:5:4:2,1928.0,5.778892728421788,983.8,364.83217701515326,445429.6068888208,0.5537918871252204,0.5602193275649306,18,10,
3:3:5:4:4:5:5:4:3,2076.0,6.026028272294972,1003.9999999999999,336.7580303912491,410532.1439977506,0.544973544973545,0.5639841513301252,17,11,
3:3:5:4:4:6:5:4:2,1928.0,5.952356752792335,1066.4,380.5862788332538,462341.07001121034,0.6208112874779541,0.572475344141537,18,10,
3:3:5:4:4:6:6:4:2,1928.0,5.927222794825098,1095.2,337.5353246658302,402172.9791015975,0.6331569664902998,0.6145215772813525,18,10,
3:3:5:5:4:6:5:4:2,1944.0,5.977611368075289,1047.4,397.90564569868883,491593.7822900059,0.6014109347442681,0.5285701933022672,19,10,
3:3:5:5:5:2:3:2:3,1964.0,6.024528243069082,1055.4,396.50751382016966,511797.03747680044,0.291005291005291,0.363793174544426,10,11,
3:3:5:5:5:3:5:2:3,1948.0,6.015439035263886,1051.8,410.9539329946228,504924.5235744454,0.38271604938271603,0.5438052409324943,9,11,
3:3:5:5:5:5:4:3:3,2044.0,6.048498261262375,954.4,431.09851413576644,540233.1023593476,0.5167548500881834,0.4845626645786698,15,11,
3:3:6:2:2:6:7:4:2,1960.0,5.996415084353488,1223.2,216.76735282842768,231763.9370414691,0.6437389770723104,0.7569897279952095,20,10,
3:3:6:2:2:6:8:5:2,1976.0,5.858693052275267,1125.6000000000004,220.27896064007595,221591.1926970611,0.6437389770723104,0.8018309918639704,21,10,
3:3:6:2:2:7:7:4:2,1960.0,5.898282624982254,1143.2000000000003,241.12624836493785,250237.90138719714,0.763668430335097,0.7808571976496564,20,10,
3:3:6:3:3:5:7:4:2,1944.0,5.976200607682042,1156.2,288.305744555718,322290.50379273813,0.5890652557319224,0.711791480333588,19,10,
3:3:6:3:3:6:6:4:2,1944.0,5.900987240436901,1124.6000000000001,277.2597653277229,320443.55896283314,0.6472663139329806,0.6672612801323315,19,10,
3:3:6:3:3:7:6:5:2,1976.0,6.036145045373842,1148.0,298.4942407269681,342393.6783947565,0.7072310405643739,0.6783635826842926,21,10,
3:3:6:4:4:4:6:1:3,1932.0,6.042854564011977,1107.2,387.0985377947907,464456.6560918442,0.4409171075837742,0.6002798657517971,8,11,
3:3:6:4:4:6:6:4:2,1944.0,6.048123165350053,1150.0,335.28583475348006,399371.0051745843,0.6419753086419753,0.6151226547529498,19,10,
3:4:2:5:5:3:4:3:3,2388.0,6.07977759864913,606.6000000000001,452.6338984340562,576872.68723023,0.3844797178130511,0.4214977864805305,16,13,
3:4:3:3:3:4:5:4:3,2420.0,6.229114313363108,798.5999999999998,313.3078156768826,386059.2556301399,0.49029982363315694,0.5359651466755431,18,13,
3:4:3:3:3:5:5:5:3,2468.0,6.268047725716995,783.9999999999999,301.98306048153603,363878.9686614858,0.5202821869488536,0.5911043672298678,21,13,
3:4:3:3:3:5:6:5:3,2336.0,6.055037814402839,794.7999999999997,302.40644076641007,361591.44750513387,0.54673721340388,0.6074307280893128,23,12,
3:4:3:3:3:6:6:5:3,2484.0,6.2462463523064535,775.0,282.6216817577592,330317.0190498048,0.6190476190476191,0.6494697729060583,22,13,
3:4:3:4:3:5:6:4:3,2452.0,6.285110823812408,781.5999999999999,330.05783710163524,387899.6337167489,0.5749559082892416,0.6400304266863153,20,13,
3:4:3:4:4:3:3:3:3,2388.0,6.167167729785232,731.2,377.5841027882267,486387.61930093437,0.3950617283950617,0.37368371624759783,16,13,
3:4:3:4:4:3:4:3:3,2388.0,6.101640938307913,720.5999999999999,351.03041202058677,439422.17801437323,0.3968253968253968,0.4881538557848669,16,13,
3:4:3:4:4:4:4:3:3,2372.0,6.166841015040414,770.1999999999999,354.39885552791486,449356.91209658823,0.4056437389770723,0.442179950676519,15,13,
3:4:3:4:4:4:5:4:3,2404.0,6.187351227267382,764.7999999999998,339.4281458606059,423221.3450193196,0.42328042328042326,0.5009614430850998,17,13,
3:4:3:4:4:5:5:4:3,2452.0,6.299789976920149,780.7999999999998,339.18091691372473,416093.4882924887,0.5396825396825397,0.5479335004645919,20,13,
3:4:3:4:4:5:6:4:3,2404.0,6.236784148508323,788.8,343.4566122042186,406486.65314869763,0.5414462081128748,0.6273996867566075,17,13,
3:4:3:5:5:4:5:3:3,2388.0,6.27275828416472,765.0,403.65394712139596,500063.6214781607,0.48324514991181655,0.5206435111165345,16,13,
3:4:3:5:5:5:4:4:3,2404.0,6.3160144603983515,742.8,434.380199045865,549290.3514714956,0.5167548500881834,0.4524484489311441,17,13,
3:4:3:7:7:1:1:1:3,2392.0,6.472034789832266,745.6000000000001,532.0437258348946,709010.6683008166,0.15343915343915343,0.15710214351144133,6,14,
3:4:4:2:2:6:7:5:3,2304.0,6.19092848892037,949.7999999999998,256.45645321785014,282595.3214947601,0.6084656084656085,0.7278813234665782,21,12,
3:4:4:3:2:6:7:5:3,2320.0,6.179696319874368,924.1999999999999,259.68781336876634,288142.7890876386,0.6296296296296297,0.7203385377828074,22,12,
3:4:4:3:3:3:5:3:3,2340.0,6.190112546307299,871.0000000000002,298.7938137562381,371917.11915759277,0.3950617283950617,0.5063358371722387,13,13,
3:4:4:3:3:4:5:3:3,2224.0,6.089682709153383,917.4,311.450096089968,383022.0654411981,0.43209876543209874,0.5413092992191287,16,12,
3:4:4:3:3:4:6:4:3,2256.0,6.211506773780787,948.6,317.32434073370615,379512.6208895819,0.4991181657848324,0.6069802792429999,18,12,
3:4:4:3:3:5:5:4:3,2420.0,6.297792265563801,867.6,283.248214574675,340003.791034968,0.5132275132275133,0.5993408887965546,18,13,
3:4:4:3:3:5:6:4:3,2272.0,6.133301541764208,922.1999999999998,283.38197418030654,337300.9620509019,0.5943562610229277,0.6165510212549847,19,12,
3:4:4:3:3:5:7:4:3,2256.0,6.089641697965558,887.7999999999998,309.02684274647174,348733.6106750551,0.599647266313933,0.7002810879202442,18,12,
3:4:4:3:3:6:5:4:3,2288.0,6.260625833683139,936.3999999999999,325.3748476983396,392188.66559441056,0.6049382716049383,0.5904115525543479,20,12,
3:4:4:3:3:6:6:5:3,2320.0,6.1871980650318,904.1999999999996,283.94130287303074,332975.4722349748,0.6049382716049383,0.6437975203246403,22,12,
3:4:4:3:3:6:7:4:3,2272.0,6.15808449893402,942.7999999999997,276.8339108955895,311076.64394662465,0.6296296296296297,0.705567356159325,19,12,
3:4:4:3:3:7:7:5:3,2336.0,6.229537119344234,922.0000000000001,274.1475466681805,302319.0466910397,0.7072310405643739,0.7270708731684423,23,12,
3:4:4:3:4:3:5:2:3,2308.0,6.204405579082843,887.7999999999998,322.0979633399723,400046.33565723256,0.36507936507936506,0.5130507231706913,11,13,
3:4:4:3:4:4:4:4:3,2420.0,6.277762391851708,814.6,324.8912761799183,405902.34562275285,0.4532627865961199,0.49459486418426396,18,13,
3:4:4:3:4:4:5:4:3,2240.0,6.144592280382759,919.4000000000001,324.5838229770245,401957.6945127154,0.43915343915343913,0.5217410805862344,17,12,
3:4:4:4:3:5:5:3:3,2372.0,6.382255183442596,917.6,329.1386890119522,396347.4344854146,0.5238095238095238,0.5925031606104673,15,13,
3:4:4:4:3:5:6:4:3,2288.0,6.058618360602596,815.8000000000001,331.43661046167136,393186.6901259769,0.5908289241622575,0.6229720945187919,20,12,
3:4:4:4:3:6:6:5:3,2304.0,6.082968395870676,813.5999999999997,331.4430804586732,390904.7138931249,0.6208112874779541,0.6337710444873622,21,12,
3:4:4:4:4:2:4:2:3,2488.0,6.5587967355418,841.4,389.4377490522005,496701.6177067549,0.2874779541446208,0.41837307863530393,12,14,
3:4:4:4:4:3:3:2:3,2472.0,6.50452875748416,855.2,360.86780549351835,462915.6454465581,0.3386243386243386,0.39325450550375307,11,14,
3:4:4:4:4:3:4:2:3,2472.0,6.484141562431205,864.9999999999999,339.5082658984932,431295.5419713059,0.3350970017636684,0.43469910887335184,11,14,
3:4:4:4:4:3:5:3:3,2340.0,6.391720440523068,941.1999999999998,342.90548977657954,427593.2103303521,0.3880070546737213,0.5006943138355987,13,13,
3:4:4:4:4:4:4:4:3,2452.0,6.5150841211114185,901.0,341.0526966701743,429388.0804554606,0.49559082892416223,0.4684621794878878,20,13,
3:4:4:4:4:4:5:4:3,2404.0,6.3470880868265205,848.4,346.3989452306367,431031.89529410255,0.48500881834215165,0.5073459581526684,17,13,
3:4:4:4:4:5:4:3:3,2388.0,6.38616131428399,860.4000000000001,372.55346519902247,470095.54790564545,0.5114638447971781,0.46041974968669097,16,13,
3:4:4:4:4:5:5:4:3,2404.0,6.390241328113735,889.0,330.2668330404879,408979.4007138274,0.5238095238095238,0.5218556002474284,17,13,
3:4:4:4:4:5:6:4:3,2256.0,6.1076400713103345,865.5999999999999,341.43192043296,408045.4022624586,0.5308641975308642,0.6084753016530214,18,12,
3:4:4:4:4:6:5:4:3,2240.0,6.222978031595643,937.8000000000002,350.6285439147297,426542.6704828288,0.6331569664902998,0.5691268655535765,17,12,
3:4:4:4:4:6:6:4:3,2256.0,6.2475509522842625,931.2,355.16138994517695,426157.1666458547,0.6208112874779541,0.60018081562162,18,12,
3:4:4:4:5:3:4:3:3,2388.0,6.524502203383428,918.9999999999998,392.39274931840356,499554.3839154121,0.3897707231040564,0.4259772031420473,16,13,
3:4:4:4:5:4:4:3:3,2176.0,6.181629514835328,936.5999999999998,392.3839349116312,498795.435877153,0.4409171075837742,0.4320578098342046,13,12,
3:4:4:5:4:4:5:2:3,2488.0,6.727611100990925,928.6,397.9554942618548,493788.9225815135,0.47266313932980597,0.5159281220869303,12,14,
3:4:4:5:4:4:6:1:3,2424.0,6.61739201974484,923.4,404.6612751953243,479003.24209366506,0.49029982363315694,0.6270897032748447,8,14,
3:4:4:5:5:1:3:1:3,2424.0,6.727753029975163,940.1999999999998,450.4359679959176,586297.4636571716,0.18165784832451498,0.31946384389297283,8,14,
3:4:4:5:5:2:3:2:3,2488.0,6.679537027680259,874.3999999999999,424.8974946947073,548551.2066074815,0.2857142857142857,0.3628005961664363,12,14,
3:4:4:5:5:2:4:1:3,2260.0,6.335454662289724,889.3999999999999,442.8027935182731,563009.1732412295,0.2821869488536155,0.43118785970943424,8,13,
3:4:4:5:5:3:3:3:3,2208.0,6.054253896670129,824.0000000000001,400.7619594119631,515599.1824958933,0.3403880070546737,0.3796617873878575,15,12,
3:4:4:5:5:3:4:2:3,2456.0,6.5795294570135425,872.7999999999998,401.79320212667903,513263.1159426245,0.32451499118165783,0.41172538901841466,10,14,
3:4:4:5:5:4:4:2:3,2456.0,6.670850360202542,874.8000000000001,451.57215423484126,569928.2213186211,0.4585537918871252,0.4596151352869234,10,14,
3:4:4:5:5:4:5:3:3,2208.0,6.272365306611928,944.4000000000001,404.03112884896314,500890.3765291185,0.48324514991181655,0.5185255857861784,15,12,
3:4:4:5:5:5:4:3:3,2224.0,6.213200492013075,856.5999999999999,442.28467897141394,559403.2067316147,0.5167548500881834,0.4516595631602549,16,12,
3:4:4:6:6:2:2:1:3,2096.0,6.171699506629363,929.0,474.3536202588482,620250.7838969823,0.2204585537918871,0.29282137488056936,8,12,
3:4:4:6:6:2:3:1:3,2260.0,6.445261481294356,930.9999999999999,463.46325989389976,600015.647381002,0.24867724867724866,0.34858130021687717,8,13,
3:4:4:6:6:3:3:1:3,2424.0,6.808418696274426,944.6,491.7734007875999,632717.7125868566,0.30335097001763667,0.3794519445608233,8,14,
3:4:4:6:6:3:4:1:3,2244.0,6.3876566895876525,892.4,485.4013429961987,609016.5081825211,0.3950617283950617,0.4804857388783669,7,13,
3:4:4:6:6:4:3:2:3,2488.0,6.858977273367505,912.6,488.4401139993753,628845.5452640626,0.42857142857142855,0.37629631248363005,12,14,
3:4:4:7:7:2:2:1:3,2260.0,6.536003382997122,906.3999999999999,539.5139181593687,709683.2151641466,0.25749559082892415,0.2547615018372332,8,13,
3:4:5:2:2:6:7:5:3,2172.0,6.0787128859302,1045.0,229.63020632242353,243740.199174732,0.6490299823633157,0.7632032353534297,23,11,
3:4:5:2:2:7:7:4:3,2108.0,6.0568615137309605,1075.5999999999997,250.6404782854546,272364.903706875,0.7072310405643739,0.7420397773436894,19,11,
3:4:5:2:3:5:6:5:3,2304.0,6.23562445380419,973.8,257.79906530697593,298331.815585797,0.5696649029982364,0.6653172041610865,21,12,
3:4:5:3:3:3:5:3:3,2208.0,6.177053707363269,980.8,313.5894520749741,386716.39001073834,0.3915343915343915,0.5337348312041736,15,12,
3:4:5:3:3:4:5:3:3,2208.0,6.148301838951954,961.6,316.4871426857582,392099.95543089905,0.4426807760141093,0.5204766088143322,15,12,
3:4:5:3:3:4:6:4:3,2076.0,6.056904447996641,1072.6000000000001,285.6648220140951,342655.49067503976,0.4426807760141093,0.60087513874556,17,11,
3:4:5:3:3:5:5:4:3,2076.0,6.105346230507457,1070.3999999999999,315.33131269772815,388242.7975890756,0.544973544973545,0.5381635991511778,17,11,
3:4:5:3:3:5:6:5:3,2304.0,6.258309899879573,984.1999999999999,260.26171323171815,302420.93771302485,0.5326278659611993,0.6589140748229602,21,12,
3:4:5:3:3:5:7:4:3,2240.0,6.214870123214158,987.5999999999999,296.2313598624278,329391.37883689726,0.5361552028218695,0.717942637761024,17,12,
3:4:5:3:3:6:6:4:3,2288.0,6.212911336518524,971.2,263.52072780600315,308510.692589274,0.6014109347442681,0.6466506605683463,20,12,
3:4:5:3:3:6:7:5:3,2320.0,6.316410305226838,965.8000000000002,295.6046430636171,333270.3217993539,0.6172839506172839,0.7014736931358113,22,12,
3:4:5:4:3:4:6:3:3,2388.0,6.655681787873208,1057.6,328.17157372410884,392570.03806171875,0.47795414462081126,0.6065400817186366,16,13,
3:4:5:4:3:5:6:4:3,2092.0,6.091392932600448,1029.3999999999999,332.4197927844538,394023.67659390665,0.5908289241622575,0.6245520529221256,18,11,
3:4:5:4:4:2:4:2:3,2112.0,6.168526088291568,1012.0000000000001,373.554292061319,477793.7914804471,0.26807760141093473,0.40625080011421405,9,12,
3:4:5:4:4:3:3:2:3,2472.0,6.7439777997723915,969.8,382.0354124709455,491521.6950115846,0.35978835978835977,0.37951620694579463,11,14,
3:4:5:4:4:3:4:2:3,2324.0,6.439732669011901,956.0,371.32842332974803,474832.46197051194,0.31216931216931215,0.40730022825466894,12,13,
3:4:5:4:4:3:5:3:3,2356.0,6.462895826693089,981.5999999999999,326.8619337349813,405689.3602536853,0.3897707231040564,0.51508346046735,14,13,
3:4:5:4:4:4:4:2:3,2160.0,6.124600551659559,969.1999999999999,343.4485127909704,432814.8282692685,0.4144620811287478,0.4650701565858233,12,12,
3:4:5:4:4:4:5:3:3,2356.0,6.433092367316573,953.8,337.76337226849733,419643.86068686954,0.4021164021164021,0.5120320970671371,14,13,
3:4:5:4:4:4:6:3:3,2356.0,6.47802479843201,977.1999999999999,339.8400607109499,404251.7385683655,0.48500881834215165,0.6177552242274809,14,13,
3:4:5:4:4:5:4:3:3,2060.0,6.111245298794674,1062.6,342.4760844165797,429837.5717939806,0.5114638447971781,0.47933764997060685,16,11,
3:4:5:4:4:5:5:4:3,2404.0,6.623899152062091,1008.8,342.95081921920524,422015.03524652845,0.562610229276896,0.5396769240831557,17,13,
3:4:5:4:4:5:6:3:3,2060.0,6.091860630954145,1059.7999999999997,334.28497775100095,399484.7806321609,0.5396825396825397,0.6085734760430633,16,11,
3:4:5:4:4:6:5:5:3,2304.0,6.4336425463749585,997.8000000000001,346.0753237946016,420869.3407633669,0.6243386243386243,0.5698968533781981,21,12,
3:4:5:4:4:6:6:4:3,2288.0,6.461480800923254,1028.8,346.8596141234854,415967.3189486648,0.6349206349206349,0.6013370356993594,20,12,
3:4:5:4:5:2:4:1:3,2424.0,6.779970576676029,1029.1999999999998,391.0433169753087,497924.86075462186,0.2786596119929453,0.42524813227201974,8,14,
3:4:5:4:5:3:3:2:3,2324.0,6.621139113134363,1042.2,387.98587714718377,497515.34136554686,0.30335097001763667,0.3949578662641693,12,13,
3:4:5:5:4:4:5:2:3,2276.0,6.651958042357145,1088.6000000000001,407.06021001650043,490101.3011132942,0.43209876543209874,0.5928545124745096,9,13,
3:4:5:5:5:1:2:1:3,2212.0,6.46347973885854,1011.0000000000001,441.79301193279207,579317.0548672234,0.18342151675485008,0.27522749784749484,5,13,
3:4:5:5:5:2:3:1:3,2244.0,6.5803465083444035,1046.2000000000003,440.85647023127643,574695.906406473,0.24162257495590828,0.3108503134446672,7,13,
3:4:5:5:5:2:4:2:3,2324.0,6.632940510796641,1026.0,410.8772696216958,525692.070216931,0.2839506172839506,0.40491561546429067,12,13,
3:4:5:5:5:3:3:2:3,2472.0,6.788986866652497,981.2000000000003,396.15555339196527,510280.2220002452,0.3562610229276896,0.3739704057285469,11,14,
3:4:5:5:5:3:4:2:3,2488.0,6.853838158104268,1001.9999999999999,396.1262356451198,507053.0706466065,0.3544973544973545,0.40288511654971115,12,14,
3:4:5:5:5:3:5:1:3,2424.0,6.846990189149375,1017.2,441.0434372476956,548930.191335093,0.31922398589065254,0.5066128647798004,8,14,
3:4:5:5:5:4:3:3:3,2224.0,6.339485373067314,963.7999999999998,406.6882065291669,523570.6456495537,0.4603174603174603,0.376505124571324,16,12,
3:4:5:5:5:4:4:4:3,2420.0,6.697627530986231,971.3999999999999,406.1548100691934,516986.56388896954,0.4021164021164021,0.4266763353852571,18,13,
3:4:5:5:5:4:5:2:3,2488.0,6.913800548081199,1004.5999999999999,427.52491076204035,533116.9166410486,0.4620811287477954,0.5006602133698494,12,14,
3:4:5:5:5:5:5:3:3,2372.0,6.607501919491887,972.8000000000001,401.65358835189994,499344.354892841,0.5396825396825397,0.5100664081718552,15,13,
3:4:5:6:6:1:2:1:3,2064.0,6.42010429410889,1085.6,490.5991347597412,641259.9361796961,0.18694885361552027,0.29501582321426534,6,12,
3:4:5:6:6:2:3:1:3,2260.0,6.619908731409604,1021.1999999999999,472.2882507092454,616311.9199791789,0.21869488536155202,0.3047872343820055,8,13,
3:4:5:6:6:3:3:2:3,2488.0,6.986276836295737,997.5999999999999,475.61896617968307,618575.2467673438,0.30511463844797176,0.32399788987601896,12,14,
3:4:5:6:6:4:3:2:3,2488.0,6.951254926223558,970.8000000000001,482.5615431687569,621564.9473610457,0.43209876543209874,0.3740722782256372,12,14,
3:4:5:7:6:2:3:1:3,2424.0,7.056863950243174,1044.3999999999999,532.8418597878796,691386.845038967,0.2275132275132275,0.3367201793426313,8,14,
3:4:5:7:7:1:2:1:3,2260.0,6.909468789714041,1102.6000000000001,555.0688037678608,729255.1497268414,0.19223985890652556,0.2628274323123942,8,13,
3:4:6:2:2:6:7:5:2,1976.0,6.059892583723723,1232.1999999999996,227.75909497135154,238853.62901792498,0.6490299823633157,0.7729463996877867,21,10,
3:4:6:2:2:6:7:4:3,2092.0,6.205203081029889,1172.6000000000001,253.7501469439468,267840.04938233504,0.6437389770723104,0.7678050756151958,18,11,
3:4:6:2:2:7:7:5:2,1976.0,6.069801127624351,1213.1999999999998,252.3772393630073,267965.060493094,0.708994708994709,0.76295284035144,21,10,
3:4:6:2:2:7:8:4:3,2108.0,6.121009336679104,1137.6000000000001,225.01229389705173,225456.56599158628,0.7142857142857143,0.8042588031621375,19,11,
3:4:6:3:2:6:7:4:3,2124.0,6.262966175824628,1161.8,265.3018216925639,298045.9258636639,0.6649029982363316,0.7058629928532955,20,11,
3:4:6:3:3:3:5:2:3,2112.0,6.266116861992955,1163.8000000000002,277.08826075000525,344030.84808185766,0.30864197530864196,0.5140450148317047,9,12,
3:4:6:3:3:4:5:2:3,1996.0,6.077406666132252,1173.6000000000004,276.2895796969868,334134.64804150513,0.400352733686067,0.5829500750804658,12,11,
3:4:6:3:3:4:6:3:3,2012.0,6.164827628524166,1206.4000000000003,277.0572653732014,332229.4903966968,0.42680776014109345,0.6015150249871811,13,11,
3:4:6:3:3:5:5:3:3,2224.0,6.478898196634057,1132.8000000000002,316.73527749150986,386278.4013721413,0.5696649029982364,0.5629879526705246,16,12,
3:4:6:3:3:5:6:4:3,2108.0,6.305194577445597,1187.4000000000003,279.6453254116535,327495.9314538614,0.5749559082892416,0.646094006472641,19,11,
3:4:6:3:3:6:6:4:3,2124.0,6.276394120187353,1144.3999999999999,290.315466146229,334779.7302790105,0.6225749559082893,0.6706395240991293,20,11,
3:4:6:3:3:6:7:4:2,1960.0,6.063146454299562,1210.0000000000002,267.80403958785115,299028.2699158568,0.6137566137566137,0.7131385287980432,20,10,
3:4:6:4:4:2:4:1:3,2228.0,6.706383420989056,1186.2,388.3193997007947,489672.36083678843,0.23809523809523808,0.4627752024935761,6,13,
3:4:6:4:4:3:4:3:3,2012.0,6.141390484334158,1116.2,353.9684046174674,447604.4038314203,0.328042328042328,0.4524665925064957,13,11,
3:4:6:4:4:3:5:2:3,1996.0,6.088115218410261,1121.4,334.56132883861767,417274.3546131295,0.38095238095238093,0.5000402252225385,12,11,
3:4:6:4:4:4:4:3:3,2388.0,6.781441867449329,1104.3999999999999,352.67753884377004,441397.3522010156,0.4673721340388007,0.4888042610975662,16,13,
3:4:6:4:4:4:5:2:3,2488.0,6.949570935166772,1123.4,329.0067202395598,408894.0254272188,0.41622574955908287,0.5110679883619733,12,14,
3:4:6:4:4:4:6:1:3,2096.0,6.584284729888136,1250.8,386.48944184657336,457788.5779461319,0.4497354497354497,0.6258842669183062,8,12,
3:4:6:4:4:6:6:4:2,1928.0,6.0819528403694685,1182.3999999999999,338.0672604894889,400154.537437637,0.6331569664902998,0.6271847002762829,18,10,
3:4:6:4:4:6:6:3:3,2044.0,6.268935839365428,1172.3999999999999,338.0866209201977,405209.60081302904,0.6155202821869489,0.6025600897750437,15,11,
3:4:6:5:4:3:5:2:3,2112.0,6.594267641902202,1229.6,397.3497529585485,489881.7821724497,0.35802469135802467,0.5344590353654596,9,12,
3:4:6:5:5:1:2:1:3,2212.0,6.696281945595678,1134.4,450.39186315274964,595687.5856643224,0.164021164021164,0.2165612833819689,5,13,
3:4:6:5:5:2:3:2:3,2308.0,6.747017349533152,1112.3999999999999,405.1588371852973,520106.02486784774,0.2874779541446208,0.3899632870751647,11,13,
3:4:6:5:5:2:4:1:3,2244.0,6.928312928582861,1227.4000000000003,456.95343050648233,584554.4740079322,0.2839506172839506,0.4055838453636382,7,13,
3:4:6:5:5:3:4:2:3,2112.0,6.463542337484631,1127.8000000000002,425.02850535378536,539857.0325679323,0.345679012345679,0.435284930849187,9,12,
3:4:6:5:5:3:5:1:3,2408.0,7.0225612105498865,1170.4,403.39220638178546,501321.8448882771,0.36155202821869487,0.5111863150269705,7,14,
3:4:6:5:5:4:5:1:3,1932.0,6.184606159162695,1157.4,417.2716922452477,517596.79169518116,0.41975308641975306,0.5168507515459453,8,11,
3:4:6:6:5:2:4:1:3,2392.0,7.0079910341454,1111.2,470.33091636044173,595346.5343312401,0.2980599647266314,0.44866836401922044,6,14,
3:4:6:6:5:3:4:1:3,2376.0,6.9727993968624995,1109.6000000000004,467.9772580210369,585051.5092016556,0.30335097001763667,0.49245498839550844,5,14,
3:4:6:6:6:2:3:1:3,2064.0,6.485439534888568,1149.6000000000001,463.6442162818181,597929.5193027349,0.25044091710758376,0.3681252392948799,6,12,
3:4:6:6:6:2:4:1:3,2228.0,6.810642200872832,1157.5999999999997,476.0341278948963,606735.671216611,0.2945326278659612,0.4212243461868866,6,13,
3:4:6:6:6:3:3:1:3,2244.0,6.918274365661419,1209.6,469.0615653300248,600882.5865047224,0.345679012345679,0.39941261374315534,7,13,
3:4:6:6:6:3:4:1:3,2096.0,6.706090667516311,1233.3999999999999,472.9534084817486,604530.6635086401,0.3333333333333333,0.40912094173452396,8,12,
3:4:6:6:6:3:5:1:3,2080.0,6.726811112023539,1249.3999999999999,484.7019005173467,601314.993937723,0.36507936507936506,0.5164753250583543,7,12,
3:4:6:7:6:2:3:1:3,2228.0,6.998502055932355,1205.9999999999998,534.1506657136453,692952.885306278,0.2768959435626102,0.3377431641557795,6,13,
3:4:6:7:7:1:2:1:3,2228.0,6.889673528696696,1109.8,568.6448907710262,750593.3219415529,0.1728395061728395,0.23093884732477163,6,13,
3:4:6:7:7:2:3:1:3,2228.0,6.896747983613772,1134.8,547.6561067090092,713987.715560333,0.23633156966490299,0.3102928546389162,6,13,
3:4:7:3:3:5:6:3:3,2372.0,7.051752092052534,1309.6000000000004,316.7434361937862,377431.4848096644,0.5485008818342152,0.6143539228023654,15,13,
3:4:7:4:4:4:5:2:3,2112.0,6.575768789891459,1261.7999999999997,354.6609038684573,428681.18867657403,0.42504409171075835,0.5841841529803041,9,12,
3:4:7:4:4:4:6:2:3,1964.0,6.545749608273222,1363.7999999999997,383.6400278909171,454250.2075647231,0.48500881834215165,0.6265559274048327,10,11,
3:4:7:5:5:2:3:1:3,2096.0,6.7380134195170385,1262.5999999999997,461.8536088661615,595042.7231311161,0.26102292768959434,0.3728497073815747,8,12,
3:4:7:5:5:3:4:1:3,1932.0,6.388593599139333,1272.1999999999998,418.1325707120021,528336.2842486998,0.37566137566137564,0.45533559105405175,8,11,
3:4:7:5:5:4:5:2:3,1948.0,6.629209108199431,1388.0,422.76156434907773,520277.4406129217,0.4479717813051146,0.539404075784264,9,11,
3:4:7:6:6:2:3:1:3,2260.0,7.043278464078663,1259.6000000000001,473.93888913260184,614347.7278159565,0.2962962962962963,0.3420085664655564,8,13,
3:4:7:6:6:3:4:1:3,2080.0,6.753605854106201,1262.8,486.49451927821656,618833.8137001747,0.31746031746031744,0.4294103296433027,7,12,
3:5:5:6:6:2:3:2:3,2440.0,7.148523937488766,1089.8,523.4130725561305,672622.7709616865,0.24338624338624337,0.38505839492741323,9,14,
3:5:6:5:5:2:4:1:3,2392.0,7.178662443599548,1250.2000000000003,428.1016055209437,544841.4157445016,0.24338624338624337,0.42728228422891085,6,14,
3:5:6:5:5:3:4:1:3,2424.0,7.130702572821317,1218.3999999999999,400.70835878968694,507194.43188827764,0.328042328042328,0.4488454731420147,8,14,
3:5:6:5:5:3:5:2:3,2440.0,7.195035988156883,1221.0000000000002,418.58540528495206,510563.080713724,0.3897707231040564,0.5626373657147054,9,14,
3:5:6:5:5:4:5:2:3,2440.0,7.234502097884177,1241.4000000000003,420.56268950032813,517688.3282669466,0.4126984126984127,0.5387863140598872,9,14,
3:5:6:6:5:3:4:1:3,2424.0,7.121990134769961,1142.3999999999996,471.7684064145682,591510.1944960699,0.3474426807760141,0.4827885160473531,8,14,
3:5:6:6:5:4:4:2:3,2440.0,7.240540822182823,1198.0,467.38664617766074,594284.7742538535,0.400352733686067,0.43106546427263204,9,14,
3:5:6:6:6:3:3:1:3,2260.0,7.0974412822115305,1234.8,529.4492070139378,687858.1594614886,0.32098765432098764,0.32982973342495686,8,13,
3:5:6:6:6:3:4:1:3,2408.0,7.214049332276103,1197.0,485.3659714005504,620981.7992166815,0.3562610229276896,0.40501416445653693,7,14,
3:5:6:6:6:4:4:2:3,2456.0,7.21716585469128,1143.3999999999999,492.7330396099556,626025.1256560022,0.4074074074074074,0.4341898108419228,10,14,
3:5:6:7:7:2:2:1:3,2376.0,7.320620557081743,1232.6000000000001,542.1918558653483,713498.1914840998,0.2292768959435626,0.2520107904036178,5,14,
3:5:7:4:4:4:6:1:3,2424.0,7.151076019536532,1283.2,347.4601030772132,404027.3891337808,0.43915343915343913,0.6577996487280401,8,14,
3:5:7:5:5:3:4:1:3,2424.0,7.299396784657919,1253.8000000000002,460.95797690103973,580506.2868930688,0.3492063492063492,0.4675021653089019,8,14,
3:5:7:6:5:3:4:1:3,2408.0,7.396427786886241,1319.4,466.37455516449893,584395.4566394468,0.3492063492063492,0.48481526795177365,7,14,
3:5:7:6:5:3:5:1:3,2228.0,7.101456531992192,1325.5999999999997,472.92585363957386,589332.6621777257,0.37389770723104054,0.5027928752177515,6,13,
3:5:7:6:6:3:4:1:3,2376.0,7.343785101933984,1291.2,496.7261527965692,629059.3202413712,0.30335097001763667,0.44683859226082995,5,14,
3:5:8:4:4:4:6:1:3,2424.0,7.549632195374985,1503.0,353.64145477761616,419649.1198516443,0.43209876543209874,0.6224258758095401,8,14,
4:4:1:4:4:5:5:6:4,3024.0,6.871971224274196,492.4,380.0076841634692,471886.2347795756,0.5661375661375662,0.5135890502869376,25,16,
4:4:1:5:5:5:4:5:4,2960.0,6.812663885181362,484.2000000000001,418.5804228978316,526279.537273126,0.5961199294532628,0.4732584312962574,21,16,
4:4:2:3:3:5:6:6:3,2564.0,6.102437797558824,584.2,311.8822312158534,372914.6540438555,0.5943562610229277,0.6074697225165162,27,13,
4:4:2:3:3:5:6:5:4,2828.0,6.683376379957389,637.4000000000001,324.07440743583953,388459.8461731678,0.5414462081128748,0.6023212687688472,23,15,
4:4:2:3:3:6:5:5:3,2632.0,6.330724609751417,632.6000000000001,324.92085372905314,390847.45240976167,0.6067019400352733,0.5948417850384107,21,14,
4:4:2:3:3:6:6:6:3,2728.0,6.364677253915435,583.1999999999999,297.572002970052,349850.60953623627,0.6313932980599647,0.639380946719703,27,14,
4:4:2:3:3:6:6:6:4,2860.0,6.548631083559273,540.8000000000001,312.27382437810746,374279.90075872105,0.6119929453262787,0.6025159502927344,25,15,
4:4:2:4:3:6:5:6:4,3024.0,6.8800558715483,549.1999999999999,327.79167916788646,394587.0273842455,0.6190476190476191,0.593267536561903,25,16,
4:4:2:4:4:3:4:2:4,2816.0,6.647598383180346,609.0,344.18828326325604,435192.6627029653,0.36155202821869487,0.45285000687602756,12,16,
4:4:2:4:4:4:4:4:4,2928.0,6.744707268357007,521.4,374.84902115842254,474894.22194620967,0.4144620811287478,0.4453727409543468,19,16,
4:4:2:4:4:4:5:4:4,2912.0,6.739760350027908,569.8000000000001,339.6441184658239,421333.37183722557,0.43738977072310403,0.5166508864502255,18,16,
4:4:2:4:4:5:4:4:4,2780.0,6.613301354718763,593.8,375.9418681255383,469665.86275784497,0.5220458553791887,0.49470827081619057,20,15,
4:4:2:4:4:5:5:4:3,2600.0,6.2766891680395664,594.3999999999999,364.4827582784341,444451.79558297567,0.5379188712522046,0.5633093666014594,19,14,
4:4:2:4:4:5:5:5:4,2992.0,6.795364836186599,508.19999999999993,352.77186211780213,433989.9255541286,0.5590828924162258,0.5403691503932905,23,16,
4:4:2:4:4:6:5:6:4,2860.0,6.58914521624837,539.6,336.4453376128256,407397.6768952582,0.6472663139329806,0.5800625737216464,25,15,
4:4:2:4:4:6:6:4:4,2944.0,6.785318323928054,555.8000000000001,347.47548966720655,414346.6926417091,0.6278659611992945,0.6129417446262013,20,16,
4:4:2:5:5:3:3:3:4,2864.0,6.96263128878205,639.2,444.61194073942244,576752.7162590469,0.31393298059964725,0.33813021925706993,15,16,
4:4:2:5:5:3:4:3:4,2996.0,6.993905502984427,547.0,422.5444201921702,539390.9777158732,0.3474426807760141,0.41473613048876456,13,17,
4:4:2:5:5:4:4:4:4,2732.0,6.709151570815734,640.6000000000001,431.4889406525206,546445.3379178448,0.4091710758377425,0.44681672618375207,17,15,
4:4:2:6:5:3:4:2:4,2784.0,6.821777144302808,619.0,464.9476408196919,594518.0323196971,0.30864197530864196,0.40751282693578395,10,16,
4:4:2:7:7:2:2:1:4,2752.0,6.947241911657894,644.0,543.0861639100259,710843.8524086784,0.20458553791887124,0.28662768184833154,8,16,
4:4:3:3:3:3:4:3:3,2520.0,6.326747916974284,754.8000000000001,312.4660689244188,392062.37288969225,0.3950617283950617,0.48029573476330567,14,14,
4:4:3:3:3:3:5:3:4,2684.0,6.539769229762567,704.5999999999998,319.4491532753757,396400.27879664965,0.3932980599647266,0.5157533054422975,14,15,
4:4:3:3:3:4:5:4:3,2568.0,6.43598333023789,773.5999999999999,307.60254824488345,372919.3245315722,0.4497354497354497,0.5772788825920334,17,14,
4:4:3:3:3:4:5:3:4,2880.0,6.814241685141387,668.0,315.67503547516657,391724.87284844246,0.47266313932980597,0.5156933318325209,16,16,
4:4:3:3:3:5:5:5:3,2632.0,6.565011629175813,770.6,319.76159374268644,390878.75674392865,0.5502645502645502,0.5571385907485781,21,14,
4:4:3:3:3:5:5:3:4,2864.0,6.982098503185259,798.7999999999998,296.0498513060424,358405.3043311692,0.5132275132275133,0.5805637364335817,15,16,
4:4:3:3:3:5:6:5:3,2516.0,6.295370156960503,747.4,306.07487899660543,367141.13704476994,0.5714285714285714,0.6008536813852168,24,13,
4:4:3:3:3:5:6:5:4,2812.0,6.698285866521209,664.0000000000001,321.92808631752524,380851.1015135222,0.5749559082892416,0.6281601041072273,22,15,
4:4:3:3:3:6:6:6:3,2532.0,6.149762907485949,682.0000000000001,272.915568544533,310525.8749821156,0.6878306878306878,0.6895845532757278,25,13,
4:4:3:3:3:6:7:5:3,2500.0,6.197092719779403,738.2,275.5515721149207,310525.8749821156,0.6878306878306878,0.7020219908978266,23,13,
4:4:3:4:3:4:5:4:4,2896.0,7.057091591469689,776.1999999999998,329.1709323633139,397743.8521479613,0.48500881834215165,0.5849088020601747,17,16,
4:4:3:4:3:5:6:4:4,2732.0,6.6748581612129385,725.0000000000001,327.64457740773594,390792.04378365056,0.5590828924162258,0.6124691206640224,17,15,
4:4:3:4:4:3:3:2:4,2784.0,6.993374960611589,800.2,381.04360266677116,492629.28671982454,0.30511463844797176,0.35570098430944025,10,16,
4:4:3:4:4:3:4:3:4,2684.0,6.622880915240302,742.6000000000001,328.57347894125064,416268.0438588811,0.36155202821869487,0.4453721950900315,14,15,
4:4:3:4:4:4:4:3:3,2552.0,6.358167853139114,700.1999999999999,352.8811727298779,441814.8885480905,0.43386243386243384,0.48758359435583093,16,14,
4:4:3:4:4:4:4:3:4,2880.0,7.052347426841669,787.1999999999999,331.4809910192262,414519.7732609812,0.42857142857142855,0.4915722631070398,16,16,
4:4:3:4:4:4:5:4:3,2568.0,6.357058495837608,708.8,327.6521671399238,403090.1976249566,0.48148148148148145,0.5403473424666252,17,14,
4:4:3:4:4:4:5:3:4,2864.0,7.038975352737946,775.0,352.09902500241543,439011.61341790087,0.43033509700176364,0.5010235371120915,15,16,
4:4:3:4:4:4:6:4:4,2732.0,6.71825685115397,718.5999999999998,358.6516346043011,418265.03160921653,0.49029982363315694,0.6530665798736749,17,15,
4:4:3:4:4:5:4:4:4,2764.0,6.855124986059265,761.8,361.055867095604,452811.0860042723,0.5097001763668431,0.48193696550497045,19,15,
4:4:3:4:4:5:5:4:3,2616.0,6.517710079799135,745.4000000000001,334.1416152461095,407003.3992858221,0.5696649029982364,0.566032837943022,20,14,
4:4:3:4:4:5:5:4:4,2928.0,7.012740344614377,708.8,339.42377539635146,418698.4673788403,0.5308641975308642,0.5329106048086548,19,16,
4:4:3:4:4:5:6:4:3,2568.0,6.423324718528747,740.0,334.02511540579985,398970.3745042043,0.5379188712522046,0.6096084107247832,17,14,
4:4:3:4:4:5:6:4:4,2732.0,6.578333881351971,658.8000000000001,339.11531072656715,400183.6510708871,0.5661375661375662,0.6327314875554702,17,15,
4:4:3:4:4:6:5:5:4,2796.0,6.7896021262890045,718.6000000000001,335.10440560586534,403870.26901682065,0.6490299823633157,0.5906617523226392,21,15,
4:4:3:4:4:6:6:4:4,2928.0,7.0336036152587,711.6,348.45324985168327,415946.9142546135,0.6084656084656085,0.6108526864637555,19,16,
4:4:3:4:5:3:3:3:4,2684.0,6.689383371829819,723.7999999999998,385.08037182750763,497445.4136439966,0.3386243386243386,0.35979301498487215,14,15,
4:4:3:4:5:3:4:3:3,2520.0,6.547610322637531,798.5999999999999,393.89505293548007,503909.1099060598,0.3474426807760141,0.40539604554611286,14,14,
4:4:3:4:5:3:4:3:4,2864.0,6.927570562314771,672.5999999999999,391.3325088324756,499460.3713715627,0.3880070546737213,0.41548098657504956,15,16,
4:4:3:4:5:4:4:3:4,2880.0,6.92788943007985,657.1999999999999,390.9133068552753,498094.87068951334,0.42857142857142855,0.42246633479929735,16,16,
4:4:3:5:5:2:3:3:4,2668.0,6.618279704943312,683.4,401.1645927028576,521265.32037055126,0.2962962962962963,0.3290516091209334,13,15,
4:4:3:5:5:2:4:3:4,2668.0,6.825034570601983,772.9999999999998,428.7946015313252,548861.4097835916,0.2768959435626102,0.40295035747059366,13,15,
4:4:3:5:5:3:2:3:3,2504.0,6.303221835010725,657.2000000000002,412.72678045108125,539733.1748010396,0.32098765432098764,0.29210422417870174,13,14,
4:4:3:5:5:3:3:3:3,2536.0,6.422754611660083,704.0,401.7018648112669,522090.9230808369,0.36331569664902996,0.327708942931511,15,14,
4:4:3:5:5:3:3:3:4,2684.0,6.665774923847387,699.9999999999997,395.4943818214688,507517.9572489383,0.37742504409171074,0.39160305508060134,14,15,
4:4:3:5:5:3:4:3:3,2504.0,6.4309702887854,718.8000000000001,423.5601537413216,541095.753848105,0.31569664902998235,0.41151231419337897,13,14,
4:4:3:5:5:3:4:2:4,2816.0,6.848249014891863,660.1999999999999,406.7571914436865,519379.31375990564,0.3368606701940035,0.41357815893713556,12,16,
4:4:3:5:5:4:4:4:3,2568.0,6.619784225727104,784.1999999999999,401.21765598726824,506072.3439929257,0.4585537918871252,0.46180471141381796,17,14,
4:4:3:5:5:4:4:4:4,2896.0,7.015999091640596,685.1999999999998,396.8714849602183,504284.454979809,0.4021164021164021,0.4337703964105715,17,16,
4:4:3:5:5:4:5:3:3,2552.0,6.559707959298413,765.0,402.3544129222001,498304.2521007878,0.48324514991181655,0.5215230679363748,16,14,
4:4:3:5:5:4:5:3:4,2700.0,6.78263031631721,746.4,399.351389351858,497409.8135527618,0.42328042328042326,0.5042959053862828,15,15,
4:4:3:5:5:5:5:4:4,2732.0,6.80040685197902,716.6,407.2306850721046,506931.23302858346,0.5202821869488536,0.5060930238646323,17,15,
4:4:3:6:6:3:2:3:3,2520.0,6.63143465179792,769.2,470.82344756942047,618503.7541936567,0.3492063492063492,0.2635573395323364,14,14,
4:4:3:6:6:3:3:3:3,2520.0,6.7392697014604614,786.0,515.1659207280818,667080.6804340944,0.32451499118165783,0.3475759627269836,14,14,
4:4:3:6:6:3:3:2:4,2636.0,6.864121539165713,777.4,478.55691270695905,623995.5378517224,0.31216931216931215,0.3094256674772849,11,15,
4:4:3:6:6:3:4:1:4,2736.0,6.996670602494377,745.2,485.9122316143118,619579.435461748,0.345679012345679,0.41951603714591523,7,16,
4:4:3:7:7:1:1:1:4,2556.0,6.804188075743981,748.2,553.7746389468374,738430.9814369851,0.15343915343915343,0.15179303839070707,6,15,
4:4:3:7:7:3:3:2:4,2652.0,6.827726616577052,681.3999999999999,537.9209915991884,702234.4083080267,0.31746031746031744,0.3024810555425013,12,15,
4:4:4:3:3:4:5:3:4,2716.0,7.0050118218126,938.8000000000001,317.04170296774373,390463.9987928078,0.4444444444444444,0.5373516582124558,16,15,
4:4:4:3:3:4:6:4:3,2600.0,6.540021867181978,817.3999999999997,290.7923986921819,338025.0993560012,0.4991181657848324,0.6583130526227163,19,14,
4:4:4:3:3:5:5:4:3,2616.0,6.626920380317978,817.7999999999998,323.6638556402939,395743.69278844947,0.544973544973545,0.5565290602155604,20,14,
4:4:4:3:3:5:6:5:3,2648.0,6.71429204545812,836.5999999999998,322.4035897747544,385878.02946569695,0.5925925925925926,0.6054327904342064,22,14,
4:4:4:3:3:5:6:3:4,2716.0,6.909640724655591,891.9999999999999,309.7662908797199,365430.25214796135,0.5167548500881834,0.6333209672396917,16,15,
4:4:4:3:3:6:6:4:3,2616.0,6.76646544485686,897.5999999999999,322.98590723383944,383240.5948454929,0.6278659611992945,0.6225801275605661,20,14,
4:4:4:3:3:6:7:5:3,2500.0,6.426348607737924,861.6000000000001,282.13966058740255,317955.4182093751,0.6948853615520282,0.7020013289531457,23,13,
4:4:4:3:4:3:5:3:3,2504.0,6.5502276664522885,886.2000000000002,323.7790868784472,402376.6131672987,0.36860670194003525,0.5112227002415537,13,14,
4:4:4:3:4:3:5:4:4,2732.0,6.9831858370509705,901.9999999999999,325.46636960789994,403796.1364421081,0.3968253968253968,0.516277780840124,17,15,
4:4:4:3:4:4:5:4:3,2568.0,6.5879512030308165,842.4000000000001,324.9683321184729,401647.4571467774,0.4532627865961199,0.5274016277182049,17,14,
4:4:4:3:4:4:5:3:4,2716.0,6.848974130720411,842.4,324.9683321184729,401647.4571467774,0.4532627865961199,0.5274016277182049,16,15,
4:4:4:4:3:4:6:4:4,2764.0,6.927379090409231,832.9999999999998,330.8239442620342,395942.27264147677,0.4991181657848324,0.6055051132577567,19,15,
4:4:4:4:3:5:6:3:3,2552.0,6.528562098550501,822.1999999999999,327.4947098781345,390262.7203401005,0.5308641975308642,0.6142524915978987,16,14,
4:4:4:4:4:2:3:2:4,2620.0,6.916535757348018,925.3999999999999,376.2757744163266,484122.3879994588,0.2927689594356261,0.379408812511742,10,15,
4:4:4:4:4:3:4:3:3,2504.0,6.684252190185813,900.1999999999999,385.7709918353561,492587.25839450315,0.38095238095238093,0.41353691943332893,13,14,
4:4:4:4:4:3:4:3:4,2700.0,7.007662614774193,930.3999999999999,342.9447025769678,431098.39599378407,0.37566137566137564,0.47394387053306297,15,15,
4:4:4:4:4:3:5:4:3,2568.0,6.74793964071791,923.5999999999999,334.48177628705514,417116.34158615564,0.38095238095238093,0.5004872772120394,17,14,
4:4:4:4:4:3:5:2:4,2652.0,6.823778260917916,858.9999999999997,358.08227394045866,444413.6719035599,0.3844797178130511,0.5152539701710542,12,15,
4:4:4:4:4:4:4:3:3,2552.0,6.748527547935177,941.9999999999998,332.4151196792458,415510.6770124834,0.4021164021164021,0.49296508515766935,16,14,
4:4:4:4:4:4:4:3:4,2700.0,7.02074076519169,901.4,379.36001386368855,483152.0752656413,0.41798941798941797,0.424363529695103,15,15,
4:4:4:4:4:4:5:3:3,2552.0,6.634530504909293,876.1999999999999,333.5787962835691,413195.7191398336,0.43033509700176364,0.521040196553305,16,14,
4:4:4:4:4:4:5:3:4,2684.0,6.865858982805081,872.2,336.74204325048083,417134.2792911125,0.41975308641975306,0.5208972136596572,14,15,
4:4:4:4:4:4:6:4:3,2584.0,6.745011902958438,899.7999999999998,340.6217489774342,407631.5488059084,0.4973544973544973,0.6056924699627964,18,14,
4:4:4:4:4:4:6:3:4,2700.0,6.844309818120322,835.0,345.7236668742224,413310.18348375184,0.48324514991181655,0.6078070237581037,15,15,
4:4:4:4:4:5:4:4:3,2584.0,6.807857751800297,910.5999999999999,365.4553452707681,459780.3272212361,0.5008818342151675,0.4710080405575421,18,14,
4:4:4:4:4:5:5:5:3,2632.0,6.668069942851439,819.6,329.19565759676595,402114.61341699876,0.544973544973545,0.5590040299655257,21,14,
4:4:4:4:4:5:5:4:4,2748.0,6.860347499904902,804.6000000000001,337.2170324460798,413441.1260596615,0.5044091710758377,0.5494800676324882,18,15,
4:4:4:4:4:5:6:3:3,2552.0,6.539922895744808,806.4,349.73628188730635,416477.16102767957,0.5167548500881834,0.6156247391864215,16,14,
4:4:4:4:4:5:6:4:4,2732.0,6.951550365366027,855.2,354.3290571625374,418986.81169444544,0.5202821869488536,0.6290226244935767,17,15,
4:4:4:4:4:6:5:5:3,2632.0,6.736745718322397,823.8000000000001,363.9348222887989,448860.3374645153,0.6049382716049383,0.533371365338481,21,14,
4:4:4:4:5:2:3:2:4,2784.0,7.039669569331757,819.7999999999998,387.69264581110673,499215.30554532947,0.25573192239858905,0.3755497947246245,10,16,
4:4:4:4:5:3:4:2:4,2652.0,6.839830573648376,833.5999999999998,392.5839352586288,498546.36399744207,0.36507936507936506,0.4360867520004065,12,15,
4:4:4:5:4:3:4:3:4,2668.0,6.851146649591672,821.5999999999999,395.00015031847795,496841.1188900407,0.3985890652557319,0.4717841309168545,13,15,
4:4:4:5:4:4:5:3:3,2504.0,6.7697082975248435,937.6000000000001,396.824604696586,493788.9225815135,0.47266313932980597,0.5072754937968531,13,14,
4:4:4:5:4:4:5:3:4,2684.0,6.884850477502311,824.8,394.9102207438098,489354.7311359048,0.455026455026455,0.5199026374801521,14,15,
4:4:4:5:5:2:3:2:4,2604.0,6.805812239594752,829.4,425.4955398502238,553865.961355142,0.2310405643738977,0.3191430222186987,9,15,
4:4:4:5:5:2:4:1:4,2588.0,6.788469122458047,811.6,449.4619924337129,575342.3012113506,0.2927689594356261,0.4027476995326478,8,15,
4:4:4:5:5:3:3:3:3,2536.0,6.596517563765743,803.8000000000001,400.4254586551758,515225.5252587603,0.3932980599647266,0.3791163022891074,15,14,
4:4:4:5:5:3:3:3:4,2668.0,7.057203942133459,913.9999999999999,419.4346351896712,545328.2278530685,0.3262786596119929,0.3257835563738825,13,15,
4:4:4:5:5:3:4:3:3,2520.0,6.632645094492902,830.1999999999999,410.5097685774756,516802.7014230127,0.3509700176366843,0.4686848661786762,14,14,
4:4:4:5:5:3:4:2:4,2636.0,6.917006542023177,888.5999999999999,397.3427093271416,507805.3484398829,0.36507936507936506,0.409797198256563,11,15,
4:4:4:5:5:3:5:2:4,2604.0,6.965808067018186,944.4,401.21317399931104,497417.68270835426,0.3562610229276896,0.5184016066331353,9,15,
4:4:4:5:5:4:3:3:3,2536.0,6.7737754535690815,889.9999999999997,414.73068217366966,532230.0637590835,0.4126984126984127,0.39137003023214567,15,14,
4:4:4:5:5:4:4:3:3,2504.0,6.588654519393097,836.1999999999996,395.5671124958867,506006.56654249586,0.4038800705467372,0.4057557718639001,13,14,
4:4:4:5:5:4:4:3:4,2716.0,6.952635964434661,807.3999999999999,418.7445918344528,535457.2984221086,0.400352733686067,0.4073661206805063,16,15,
4:4:4:5:5:5:4:3:3,2536.0,6.857318795783721,916.5999999999999,435.4997572093696,547007.8072012656,0.5255731922398589,0.4767141116323719,15,14,
4:4:4:5:5:5:5:4:3,2568.0,6.811968816821427,887.4,406.9863191377492,504066.64990975446,0.5044091710758377,0.521372470804933,17,14,
4:4:4:6:6:1:2:1:4,2572.0,6.850889601845941,828.4000000000001,484.0544042466481,636193.2378492474,0.19576719576719576,0.2603729676706802,7,15,
4:4:4:6:6:2:3:2:4,2604.0,7.061541374127738,893.5999999999999,506.2939591304275,656043.762406593,0.25220458553791886,0.3439746423030933,9,15,
4:4:4:6:6:3:3:3:4,2684.0,7.0545410287280506,842.2,473.72476328880424,614068.2101076819,0.38271604938271603,0.34202541024937655,14,15,
4:4:4:6:6:3:4:1:4,2556.0,6.917454763639376,874.9999999999999,491.1968509835259,627769.490262829,0.3315696649029982,0.40967182276107006,6,15,
4:4:4:7:7:2:2:1:4,2588.0,7.011271911067722,847.5999999999999,539.7911735753985,713587.8881347995,0.2345679012345679,0.22003880771844037,8,15,
4:4:5:3:3:4:5:3:3,2552.0,6.8461263507155925,1006.8,322.9536408557406,395286.16385344253,0.4091710758377425,0.5538650310851481,16,14,
4:4:5:3:3:5:5:4:3,2568.0,6.774345654900408,957.0,316.05398632853127,387308.21501910425,0.5255731922398589,0.5507372071063129,17,14,
4:4:5:3:3:5:6:4:3,2584.0,6.936445142824249,1033.1999999999998,315.7643959813495,373322.91221850325,0.5202821869488536,0.6293284537599684,18,14,
4:4:5:3:3:5:6:4:4,2732.0,7.046195853112576,963.5999999999999,299.5930487148307,344639.1208009992,0.5308641975308642,0.6742280586137273,17,15,
4:4:5:3:3:6:6:4:3,2600.0,6.848607082668785,971.5999999999998,311.5602158732014,367316.6157744772,0.6225749559082893,0.634447551543982,19,14,
4:4:5:4:3:5:6:4:3,2568.0,6.978175453711734,1058.6,330.0254822545533,386606.0739803514,0.5396825396825397,0.6456142032870489,17,14,
4:4:5:4:3:6:6:4:3,2600.0,6.87021257531981,967.4000000000002,328.0105302063322,391386.6599596206,0.6084656084656085,0.6116616165114003,19,14,
4:4:5:4:4:2:3:2:4,2604.0,7.063073689065056,1028.0,372.7627816998864,482195.73904463503,0.24338624338624337,0.3528165162493697,9,15,
4:4:5:4:4:3:4:3:3,2504.0,6.878078980619188,1028.6,367.27078201107935,466889.8381933776,0.36860670194003525,0.4319023900308894,13,14,
4:4:5:4:4:3:4:1:4,2572.0,6.905742832228177,991.1999999999999,352.35618587337643,441342.2410190139,0.3544973544973545,0.48618999920837086,7,15,
4:4:5:4:4:4:4:4:3,2568.0,6.998429024796375,1038.3999999999999,361.7092570595447,457415.6727598193,0.4074074074074074,0.452280061240379,17,14,
4:4:5:4:4:4:4:2:4,2636.0,7.0410885555441345,1007.6,348.69721099352427,437437.7815789111,0.400352733686067,0.48095824491544686,11,15,
4:4:5:4:4:4:5:3:3,2520.0,6.765344688479613,973.8000000000002,342.1504383679401,423505.41690684785,0.4021164021164021,0.523162707987863,14,14,
4:4:5:4:4:4:5:2:4,2652.0,6.980090850491328,966.0,339.71151222858254,420261.3147717898,0.42328042328042326,0.5247172366016382,12,15,
4:4:5:4:4:5:5:4:3,2584.0,6.9127475675277905,998.1999999999999,337.3278707882574,406792.2288358141,0.5714285714285714,0.5893462397558237,18,14,
4:4:5:4:4:5:6:4:3,2568.0,6.90727421042562,1003.5999999999998,344.8244773113264,413237.96179214807,0.5061728395061729,0.6027984660313321,17,14,
4:4:5:4:4:6:5:4:3,2584.0,6.930624991858124,988.8000000000001,356.86437038355626,430201.7857617825,0.6102292768959435,0.5901171401861179,18,14,
4:4:5:5:5:2:3:1:4,2588.0,7.039007752763599,977.8000000000001,425.3173958169604,545307.7854284955,0.25044091710758376,0.3956028735839415,8,15,
4:4:5:5:5:2:4:1:4,2540.0,7.049400226696995,1018.2000000000002,438.8099285371961,553895.9626856549,0.24867724867724866,0.45911896942186237,5,15,
4:4:5:5:5:3:3:3:3,2520.0,6.855390631408134,971.6000000000001,395.4064880084113,506773.2735270656,0.31569664902998235,0.39724723526136085,14,14,
4:4:5:5:5:4:4:3:3,2552.0,6.904891690623282,965.8,397.27358858340114,497615.64022326993,0.4673721340388007,0.4861074785042591,16,14,
4:4:5:5:5:4:5:3:3,2504.0,7.018803432027007,1072.6000000000001,403.06154595931264,500397.18831717846,0.4656084656084656,0.5142930065853846,13,14,
4:4:5:5:5:5:4:3:3,2536.0,6.966279046411107,972.4000000000001,441.48021931509766,556290.1871521897,0.5291005291005291,0.465486775030611,15,14,
4:4:5:5:5:5:5:3:3,2536.0,6.981819830180618,997.0000000000001,425.6918437124104,529021.1943051069,0.5485008818342152,0.5112661285691658,15,14,
4:4:5:6:6:1:3:1:4,2556.0,7.048838113158277,973.8,466.8912101607429,607168.7927923625,0.19753086419753085,0.32450539093597064,6,15,
4:4:5:6:6:4:3:3:3,2504.0,7.016658807171013,1007.8000000000001,466.64554366596434,599684.3448544284,0.42680776014109345,0.38496620867461273,13,14,
4:4:6:3:3:5:6:4:3,2568.0,6.996813289262316,1107.4000000000003,291.7931350117322,331706.85315888753,0.5326278659611993,0.6907853954638014,17,14,
4:5:2:4:4:3:4:3:4,3012.0,7.106061213996243,651.1999999999998,365.9367083358701,457648.89496594906,0.3968253968253968,0.49127189539310223,14,17,
4:5:2:5:5:2:4:2:4,2964.0,7.16210635174111,645.6000000000001,451.31430143720917,577636.7311083319,0.2821869488536155,0.4033328764227975,11,17,
4:5:2:5:5:3:3:3:4,3012.0,7.174337872526139,628.6,427.2495737223205,553963.9733455871,0.3262786596119929,0.3406907610931943,14,17,
4:5:2:5:5:3:4:3:4,3044.0,7.180574873331672,597.7999999999998,429.58595317905855,548664.595227181,0.3915343915343915,0.412520850923946,16,17,
4:5:2:5:5:4:4:3:4,3044.0,7.209534123806394,628.4000000000001,415.40584819822516,518816.0853825406,0.4426807760141093,0.4956568099976832,16,17,
4:5:2:6:5:3:4:3:4,3044.0,7.1292703639801545,534.2000000000002,464.09629637674755,591546.6967235808,0.35802469135802467,0.4210374478482322,16,17,
4:5:2:6:6:2:3:2:4,2948.0,7.159990065575522,603.2,508.514367181321,663116.3174286743,0.25044091710758376,0.3089104362461692,10,17,
4:5:2:6:6:3:3:2:4,2980.0,7.227497036129581,619.0,498.9908194854722,649431.0916496896,0.35978835978835977,0.3200399960978888,12,17,
4:5:2:7:7:1:1:1:5,3048.0,7.53786945209361,634.1999999999998,591.7719793370768,790656.5658675374,0.15167548500881833,0.13461094299485316,6,18,
4:5:2:7:7:2:2:1:4,2916.0,7.0897536453466685,568.4,535.490316911561,699973.6732843235,0.21340388007054673,0.29470012474693735,8,17,
4:5:3:3:4:3:5:3:4,2996.0,7.071120906973465,688.8,324.5255542539545,402196.6640146908,0.37389770723104054,0.5194670887743453,13,17,
4:5:3:4:4:3:4:2:4,2964.0,7.172234772193202,752.4000000000002,350.2571158335455,446598.96009767236,0.31216931216931215,0.4195972106016462,11,17,
4:5:3:4:4:3:5:3:4,2880.0,7.081223149884658,797.9999999999998,337.05352598460166,419807.2164992749,0.3844797178130511,0.5043543586847512,16,16,
4:5:3:4:4:4:4:3:4,3044.0,7.320040238964442,766.3999999999999,340.0628154928385,426285.1725113254,0.41622574955908287,0.48350584424038284,16,17,
4:5:3:4:4:4:5:4:4,2896.0,7.112400213766353,802.3999999999997,334.3309212055229,414462.2397186115,0.42328042328042326,0.5186581093031787,17,16,
4:5:3:4:4:5:6:4:4,2912.0,7.082203140168859,750.5999999999999,353.0091804757436,420518.74542668025,0.5132275132275133,0.6149500684392483,18,16,
4:5:3:4:5:2:3:2:4,2980.0,7.188582579388807,706.9999999999998,388.9263225134535,499711.4035804493,0.2962962962962963,0.3858631989878408,12,17,
4:5:3:4:5:4:4:3:4,3028.0,7.300632113282886,719.9999999999999,391.45840823139736,497218.53088311484,0.4074074074074074,0.4352760036443218,15,17,
4:5:3:5:4:4:5:4:4,2896.0,7.065875338399869,715.2,395.15131687272554,492459.78422156186,0.49206349206349204,0.5025041489034892,17,16,
4:5:3:5:5:2:3:2:4,2964.0,7.126301157750569,678.8,397.81275644457196,513171.2539987385,0.26278659611992944,0.3667848611757803,11,17,
4:5:3:5:5:3:3:3:4,2848.0,7.155805791712346,791.5999999999999,417.7418839009008,542891.052293169,0.3562610229276896,0.32818593511639155,14,16,
4:5:3:5:5:3:4:3:4,3012.0,7.322352661872228,737.2,402.5739592815535,515079.07610925875,0.35978835978835977,0.4048255624090102,14,17,
4:5:3:5:5:3:5:2:4,2932.0,7.313206152228037,792.3999999999997,422.1878883132979,524399.6555392839,0.36155202821869487,0.5128117067022249,9,17,
4:5:3:5:5:4:3:3:4,3028.0,7.339433701556064,729.6,403.8589087822876,520523.03316370246,0.42328042328042326,0.37099092978813086,15,17,
4:5:3:5:5:4:4:3:4,2996.0,7.410291676990365,801.8000000000001,403.83538085353706,514736.7390856533,0.4126984126984127,0.4210386919230544,13,17,
4:5:3:5:5:4:5:3:4,2996.0,7.323355801888049,744.8,411.54273967052376,512696.777676672,0.4021164021164021,0.5036728247646435,13,17,
4:5:3:6:5:3:4:2:4,2948.0,7.367530849363798,763.9999999999998,465.3899915892739,593021.3496542809,0.345679012345679,0.4222593280939192,10,17,
4:5:3:6:6:1:1:2:4,2768.0,7.0781208661625765,770.0000000000001,475.29453111418087,630192.1629725121,0.19400352733686066,0.1978299901843165,9,16,
4:5:3:6:6:2:2:2:4,2948.0,7.216400356895673,666.9999999999999,476.69900235984693,625575.2538962078,0.25220458553791886,0.27025936447635013,10,17,
4:5:3:6:6:2:3:2:4,2964.0,7.446585725833835,789.5999999999999,468.6141065477844,610081.4917414042,0.25573192239858905,0.3183260310168686,11,17,
4:5:3:6:6:3:2:2:4,2980.0,7.302114731417245,662.4,497.8990527135782,650316.2000369976,0.3527336860670194,0.2994831171356843,12,17,
4:5:3:6:6:3:3:2:4,2932.0,7.41537947304517,800.1999999999999,472.3201612166113,616421.0842127787,0.3350970017636684,0.3041439975216281,9,17,
4:5:3:6:6:3:4:2:4,2964.0,7.477335065673425,787.4000000000002,488.24898223683147,624873.4662680146,0.36155202821869487,0.4035860873105373,11,17,
4:5:3:6:6:3:4:1:5,3048.0,7.59091209165331,761.2,494.84715596742683,632711.4416256489,0.3315696649029982,0.4077768006172815,6,18,
4:5:3:6:6:4:3:4:4,3060.0,7.465928734515401,672.0,501.1815924702324,651177.1411923848,0.42328042328042326,0.3294582942548445,17,17,
4:5:3:6:7:1:1:1:4,2900.0,7.309118778935305,719.0,525.2703476563179,697587.3450035956,0.18871252204585537,0.18515453025300815,7,17,
4:5:3:6:7:1:2:1:5,3032.0,7.501379382884516,691.0,530.2821100955202,700934.03284386,0.1693121693121693,0.22090261057559368,5,18,
4:5:3:7:6:3:3:2:4,2964.0,7.404760136355985,696.4000000000001,538.0989973138428,692921.7865218993,0.37566137566137564,0.37530998176152297,11,17,
4:5:3:7:7:1:1:1:4,2736.0,7.129023266607398,750.3999999999999,555.7561921663943,743049.8509370552,0.1746031746031746,0.12843294980716394,7,16,
4:5:3:7:7:1:2:1:5,3048.0,7.630455449795183,742.8,535.6682400338691,709245.5274964459,0.164021164021164,0.20848237137204484,6,18,
4:5:3:7:7:2:2:2:4,2768.0,7.268953157945204,773.3999999999999,580.0964405549314,767353.9767699109,0.25044091710758376,0.2154166248410776,9,16,
4:5:3:7:7:3:3:2:4,2784.0,7.269282436769535,790.2,547.4831416483266,707692.1998302095,0.30511463844797176,0.3565419202474726,10,16,
4:5:3:8:7:2:3:2:4,2768.0,7.270990207928805,748.4,606.2514478956327,788483.5565461662,0.2874779541446208,0.3239148432870035,9,16,
4:5:4:3:3:4:5:4:4,2896.0,7.29157912511428,923.5999999999998,314.72536393979715,386448.83603981166,0.43562610229276894,0.545486504016643,17,16,
4:5:4:3:3:4:6:3:4,2880.0,7.118290986532524,839.7999999999998,316.2709893639413,368080.1608040552,0.4708994708994709,0.6564091886908963,16,16,
4:5:4:3:3:5:5:3:4,2880.0,7.314700529542471,948.6,318.8352002505806,391040.6160441971,0.5061728395061729,0.5485640113145559,16,16,
4:5:4:3:3:5:6:3:4,3028.0,7.472777247129459,887.0,322.0646991224028,379838.76695782226,0.5291005291005291,0.633795053332245,15,17,
4:5:4:3:4:4:5:3:4,2880.0,7.075614382496839,807.7999999999998,324.07335487570833,400943.3770114585,0.4708994708994709,0.5245135732196433,16,16,
4:5:4:4:4:3:3:2:4,2800.0,7.18100178670543,903.4000000000001,368.22801306197863,471870.2009748103,0.3333333333333333,0.3979101542804709,11,16,
4:5:4:4:4:3:4:3:4,2832.0,7.243705477890217,901.9999999999999,373.1810059637529,476527.14877378906,0.3562610229276896,0.4133943272583125,13,16,
4:5:4:4:4:3:5:2:4,2964.0,7.264450473241514,802.8000000000001,352.1434183279381,438734.2357028868,0.3985890652557319,0.5034108568772147,11,17,
4:5:4:4:4:4:4:3:4,2996.0,7.4017150267660625,820.1999999999998,380.5724201763582,486322.95078086335,0.4462081128747795,0.41023995654291107,13,17,
4:5:4:4:4:4:5:3:4,2864.0,7.127289591965089,836.0,341.173198644205,422815.0753162523,0.47619047619047616,0.519562260228727,15,16,
4:5:4:4:4:4:6:2:4,2800.0,7.214592177797592,903.1999999999998,387.47376481123524,462200.5563394794,0.49029982363315694,0.6122603729619044,11,16,
4:5:4:4:4:5:5:3:4,3044.0,7.617177981944691,894.7999999999997,380.1399157626395,468840.20888183214,0.5255731922398589,0.5334115612221283,16,17,
4:5:4:4:4:5:6:4:4,2748.0,7.087990623656131,930.8,340.0906836130261,403902.5399680413,0.5784832451499118,0.6208482051300397,18,15,
4:5:4:4:4:6:5:4:4,2732.0,7.087453229462879,912.1999999999999,374.3859811054525,450135.9770112148,0.6190476190476191,0.5958625392544615,17,15,
4:5:4:4:5:3:3:2:4,2800.0,7.22057759941441,906.0,388.06749886797064,501365.8011823904,0.32098765432098764,0.3591746527366641,11,16,
4:5:4:5:4:2:4:2:4,2948.0,7.317312322995833,805.9999999999998,394.9160871386373,496786.2284407337,0.2857142857142857,0.47142426256683573,10,17,
4:5:4:5:4:4:5:3:4,2668.0,7.066092868437182,939.6000000000001,398.87465640388257,489909.3219394805,0.48500881834215165,0.5447552075104821,13,15,
4:5:4:5:4:5:5:3:4,2716.0,7.159246017043313,945.9999999999999,397.29249166355817,488894.2300363309,0.5714285714285714,0.5396236913488053,16,15,
4:5:4:5:5:1:2:1:4,2900.0,7.452329579291327,914.0000000000001,411.47087145818153,541090.1823009629,0.18871252204585537,0.2567786119979385,7,17,
4:5:4:5:5:2:3:2:4,2784.0,7.12376851373992,845.5999999999999,409.5767472905351,529305.5893118471,0.26278659611992944,0.3577369578465284,10,16,
4:5:4:5:5:2:4:2:4,2964.0,7.436692344489808,828.9999999999999,423.60455932572165,539563.5215019353,0.26807760141093473,0.42389195144179675,11,17,
4:5:4:5:5:2:4:1:5,3048.0,7.706732117522358,866.1999999999999,455.51711063517666,576506.0828340633,0.2768959435626102,0.44925551168638955,6,18,
4:5:4:5:5:3:3:2:4,2816.0,7.226949425904589,869.8,411.880324487902,531181.8480156024,0.36155202821869487,0.36804583462875906,12,16,
4:5:4:5:5:3:4:3:4,3028.0,7.512585053050441,830.1999999999999,401.43572507959965,511741.4123463617,0.3474426807760141,0.4205227850718391,15,17,
4:5:4:5:5:4:3:3:4,3012.0,7.569699463781566,854.8,425.2195959641476,548510.8308903311,0.43738977072310403,0.3669172307103074,14,17,
4:5:4:5:5:4:4:3:4,2848.0,7.273304149206594,879.5999999999999,396.3634526001396,506227.5366050182,0.4056437389770723,0.4125671894078853,14,16,
4:5:4:5:5:4:5:2:4,2980.0,7.546046844466698,877.4000000000001,421.2085608126179,522485.15566167,0.4514991181657848,0.5168225109134227,12,17,
4:5:4:5:5:5:4:4:4,2764.0,7.17390971982712,903.1999999999999,400.406811141977,504876.49350512534,0.5079365079365079,0.46304895488224,19,15,
4:5:4:5:5:5:5:3:4,2684.0,7.156408109702852,948.7999999999998,424.88339820151737,518767.9807050034,0.5149911816578483,0.5601184550327429,14,15,
4:5:4:5:6:2:3:1:4,2884.0,7.502416643275132,910.0,459.87023673699974,598627.1544102237,0.2328042328042328,0.3189943097084669,6,17,
4:5:4:5:6:3:2:2:4,2948.0,7.584029448973831,892.5999999999999,459.5446975681622,600435.7964951346,0.30158730158730157,0.2973455362423956,10,17,
4:5:4:5:6:3:3:3:4,2880.0,7.492762340501174,906.5999999999998,461.7962470641656,598127.7350369797,0.3544973544973545,0.346226881552282,16,16,
4:5:4:6:5:2:3:2:4,2768.0,7.328545385917014,923.7999999999998,463.48523381494664,596306.940512377,0.25573192239858905,0.3795719589291668,9,16,
4:5:4:6:5:2:4:2:4,2932.0,7.6144917304098,915.0000000000001,470.4168111423565,594659.6004456581,0.2962962962962963,0.4537112946391671,9,17,
4:5:4:6:5:4:4:3:4,2684.0,7.187099359569514,925.1999999999999,465.88533687591416,591422.3040293813,0.49382716049382713,0.43749339470396653,14,15,
4:5:4:6:6:1:1:1:4,2884.0,7.44059873652833,812.6,522.219483611563,693055.1587434777,0.13932980599647266,0.19060803850683658,6,17,
4:5:4:6:6:1:2:1:4,2900.0,7.560520445165882,886.9999999999999,499.8150924090554,660317.3114846246,0.15343915343915343,0.22468468923553436,7,17,
4:5:4:6:6:1:2:0:5,3016.0,7.923677899536974,950.0000000000001,526.7253690374644,692921.5473135958,0.1710758377425044,0.25417667412384864,4,18,
4:5:4:6:6:1:3:1:4,2884.0,7.578668692480615,914.0,499.10514863650866,649200.1067383783,0.19400352733686066,0.32331597385359884,6,17,
4:5:4:6:6:1:3:1:5,3032.0,7.878738833959787,917.3999999999999,517.8449188551997,675313.9918055937,0.18342151675485008,0.3086493007261729,5,18,
4:5:4:6:6:2:2:1:4,2916.0,7.423460976052398,816.4000000000001,476.7023734217095,627180.1800960766,0.21516754850088182,0.2534792760689746,8,17,
4:5:4:6:6:2:2:1:5,3048.0,7.699692274114286,836.5999999999999,481.12551942280083,634589.9818253742,0.20282186948853614,0.2362760818640789,6,18,
4:5:4:6:6:2:3:2:4,2948.0,7.471489823175874,821.8,466.5347297407205,605641.1554615194,0.26807760141093473,0.3341308139591123,10,17,
4:5:4:6:6:2:3:1:5,3048.0,7.876729617871168,923.5999999999999,494.5056933329519,644241.3852190016,0.2204585537918871,0.3143358326558942,6,18,
4:5:4:6:6:2:4:2:4,2948.0,7.648150344113152,916.1999999999997,472.3012451121577,603722.8462177075,0.291005291005291,0.4089361271794506,10,17,
4:5:4:6:6:3:2:2:4,2768.0,7.360361757771906,911.9999999999998,493.32511665667084,650946.660846614,0.30511463844797176,0.23340530573532664,9,16,
4:5:4:6:6:3:3:3:4,3012.0,7.675696725923276,875.7999999999997,464.32004359849776,601248.5074155912,0.3527336860670194,0.3475119033139974,14,17,
4:5:4:6:6:3:4:3:4,3028.0,7.605241940391626,816.2,467.9721802020518,596700.652919994,0.36507936507936506,0.4195419269698266,15,17,
4:5:4:6:6:4:3:2:4,2800.0,7.4379565423116585,937.0000000000001,480.3213594907103,619864.3669782288,0.4056437389770723,0.3647248799186848,11,16,
4:5:4:7:7:0:0:0:4,2508.0,7.097918653363746,927.0000000000001,589.5198764572441,792972.7685647474,0.059964726631393295,0.07057480477676308,3,15,
4:5:4:7:7:1:1:1:4,2884.0,7.635467393165896,869.5999999999999,575.7100119250628,770071.4080524478,0.15873015873015872,0.1244039669367248,6,17,
4:5:4:7:7:1:1:1:5,3048.0,7.992960539208802,940.3999999999999,543.608625731391,722799.1057463868,0.13403880070546736,0.17564929597663972,6,18,
4:5:4:7:7:1:2:1:5,3048.0,7.904465285315061,877.1999999999999,556.63181677364,737589.1003275034,0.1763668430335097,0.20247239699974798,6,18,
4:5:4:7:7:2:2:1:4,2736.0,7.392008477498734,903.2,552.0688067417822,728995.359863973,0.25044091710758376,0.22818393624752017,7,16,
4:5:4:7:7:2:3:1:4,2572.0,7.087839510665423,905.3999999999999,541.4050025472947,699601.1175539618,0.291005291005291,0.3582366978388086,7,15,
4:5:4:7:7:2:3:0:5,3016.0,7.892857037981126,914.8,544.4499405352983,705370.5961968979,0.20634920634920634,0.3448296554819164,4,18,
4:5:4:7:7:3:2:3:4,2996.0,7.781857478987523,861.1999999999999,555.1131905859257,730693.6278308135,0.31569664902998235,0.2502408372079031,13,17,
4:5:4:7:7:3:3:1:4,2916.0,7.675309727157537,880.1999999999999,555.7006152983234,720373.4703482105,0.32098765432098764,0.3417048267171819,8,17,
4:5:5:3:3:4:5:4:4,2732.0,7.097685172460542,981.1999999999997,311.1874927851275,381659.1027842589,0.43562610229276894,0.5485768248101076,17,15,
4:5:5:3:3:4:6:3:4,2864.0,7.311357995469375,958.3999999999999,323.1399834311355,386785.81921885925,0.48677248677248675,0.6052920254054756,15,16,
4:5:5:3:3:5:5:4:4,2764.0,7.064116499782837,959.5999999999998,281.75405537686873,338168.96057682915,0.5414462081128748,0.5995993056468936,19,15,
4:5:5:3:3:5:6:3:4,2716.0,7.129762143514291,1028.1999999999998,298.37513537260315,339512.1285682305,0.5502645502645502,0.6895129374641025,16,15,
4:5:5:4:4:3:4:3:4,2880.0,7.427232151263077,974.0000000000001,357.24062976616426,451271.4771201337,0.3968253968253968,0.45635625905557825,16,16,
4:5:5:4:4:3:5:3:4,2668.0,7.289179196005148,1098.4,366.5646041349188,456479.13584634394,0.36684303350970016,0.5049337017304285,13,15,
4:5:5:4:4:4:4:3:3,2552.0,7.070833792309963,1090.4,366.7627602397488,457738.8951156911,0.4567901234567901,0.49793694198586896,16,14,
4:5:5:4:4:4:4:3:4,2684.0,7.144400179114596,1004.3999999999999,362.4749015579763,460414.5649385657,0.400352733686067,0.435189607510157,14,15,
4:5:5:4:4:4:5:3:4,2716.0,7.281365296776512,1066.8000000000002,345.73412327228215,431153.4638151565,0.4126984126984127,0.5004515898613827,16,15,
4:5:5:4:4:4:6:3:4,2684.0,7.17477085440247,1024.5999999999997,359.4950744462006,430992.1600501276,0.4514991181657848,0.6019599319604511,14,15,
4:5:5:4:4:5:5:4:4,2896.0,7.4529830294943205,962.5999999999998,367.2413777232799,450342.0795734772,0.5396825396825397,0.5489557219301169,17,16,
4:5:5:4:4:5:6:3:4,2864.0,7.461478162505531,996.0,370.6581181406363,443923.8602701003,0.5432098765432098,0.6040775010010451,15,16,
4:5:5:4:5:2:4:1:4,2540.0,7.099458567378996,1095.3999999999999,389.9930077038902,498609.57059246104,0.2892416225749559,0.4080849947137885,5,15,
4:5:5:4:5:3:3:2:4,2652.0,7.123387672531263,994.1999999999999,392.7608103252264,504860.9482803994,0.30158730158730157,0.38380424051074397,12,15,
4:5:5:5:4:4:4:3:4,2832.0,7.412814558002476,973.1999999999999,397.86585438740445,497077.4488891495,0.43915343915343913,0.49456592158841967,13,16,
4:5:5:5:5:2:2:1:4,2916.0,7.578839378149212,970.4000000000001,410.80192741060307,537683.3941443828,0.20105820105820105,0.28678820206521527,8,17,
4:5:5:5:5:2:3:1:4,2588.0,7.129870702315255,1010.1999999999998,444.4366882127499,579459.5400919658,0.2310405643738977,0.30988793429019446,8,15,
4:5:5:5:5:2:4:1:4,2752.0,7.393237716438743,1023.0,416.96578522076766,533382.5620532003,0.21340388007054673,0.405731427904851,8,16,
4:5:5:5:5:3:3:2:4,2816.0,7.463763036458899,1009.4,406.5536416721956,523534.31995014247,0.30158730158730157,0.3752517539810096,12,16,
4:5:5:5:5:3:4:3:4,2864.0,7.613254772810078,1056.8,395.915456183314,506867.9259037388,0.3844797178130511,0.4021472697079338,15,16,
4:5:5:5:5:3:4:1:5,3048.0,7.8800113031230055,1005.6000000000001,414.3664088707435,518122.78180202394,0.3403880070546737,0.4918622027598904,6,18,
4:5:5:5:5:3:5:1:4,2916.0,7.7669261689839315,1082.0,405.84713781388893,503271.66045089834,0.31393298059964725,0.5177597511979478,8,17,
4:5:5:5:5:4:4:3:4,2684.0,7.1511094022713095,972.6,398.0790310878323,501871.1135035418,0.4638447971781305,0.46355554449358827,14,15,
4:5:5:5:5:4:5:2:4,2964.0,7.716208211250784,1000.9999999999998,410.0900557791952,511215.89733115374,0.42857142857142855,0.5016497043212905,11,17,
4:5:5:5:5:5:5:4:4,2732.0,7.21231788796249,954.4000000000001,402.98424247473173,502137.57700141834,0.5061728395061729,0.5030300786921428,17,15,
4:5:5:6:5:2:4:1:4,2736.0,7.4424170513793,1021.0,462.8504681320632,592173.5089760869,0.2962962962962963,0.40502706552556367,7,16,
4:5:5:6:5:3:5:1:4,2916.0,7.661763210991074,958.5999999999999,469.6197406319393,583901.9097779362,0.3915343915343915,0.5097489191753396,8,17,
4:5:5:6:6:1:1:1:4,2720.0,7.349448025139385,963.8,483.3370302540315,641267.3426865311,0.12874779541446207,0.1928647413110892,6,16,
4:5:5:6:6:1:2:1:4,2556.0,7.090545604841719,989.1999999999998,475.13935794525474,625982.281136916,0.18165784832451498,0.24416260292606723,6,15,
4:5:5:6:6:1:2:0:5,3016.0,7.991912651811484,1017.1999999999998,498.2144735771119,651606.5948294846,0.15696649029982362,0.2913673990031485,4,18,
4:5:5:6:6:1:3:0:4,2852.0,7.812498448511889,1103.0,474.6866203062409,613896.4902618168,0.18518518518518517,0.3540268199421489,4,17,
4:5:5:6:6:1:3:1:5,3048.0,7.995913252146616,1003.8,481.88281396713154,627815.8218260199,0.19400352733686066,0.31415817360934944,6,18,
4:5:5:6:6:2:1:1:4,2572.0,7.210083924170625,1001.3999999999999,514.7175850047454,683931.9939422762,0.23809523809523808,0.18097294200405423,7,15,
4:5:5:6:6:2:2:1:4,2588.0,7.182407143092012,1001.0,483.42485013317025,637971.4689115634,0.2345679012345679,0.23242771932050418,8,15,
4:5:5:6:6:2:3:1:4,2916.0,7.6960221955341295,977.1999999999999,470.4445848678509,613745.3736125837,0.2257495590828924,0.30631955845022857,8,17,
4:5:5:6:6:2:3:1:5,3048.0,8.073271935205183,1037.1999999999998,492.3451872613389,641334.5083846974,0.21516754850088182,0.3151563664618208,6,18,
4:5:5:6:6:2:4:0:4,2836.0,7.694944755756322,1032.4,494.6336765138341,632950.8240872519,0.21340388007054673,0.40423874882178157,3,17,
4:5:5:6:6:3:2:1:4,2588.0,7.2318686500241585,1031.6,480.8695245636979,628937.4314406002,0.31746031746031744,0.29121252239350603,8,15,
4:5:5:6:6:3:3:1:4,2900.0,7.866498145595121,1096.8,463.50444855243336,597213.0048472491,0.30864197530864196,0.37249831274740747,7,17,
4:5:5:6:6:3:4:1:4,2588.0,7.343035551692288,1102.6000000000004,472.9011578095274,603368.8410430641,0.30687830687830686,0.4168702741829934,8,15,
4:5:5:6:6:4:3:2:4,2636.0,7.210389993062573,959.2,493.091126066479,637152.6663423463,0.4056437389770723,0.35837514879282656,11,15,
4:5:5:6:6:4:4:2:4,2816.0,7.547179429040762,988.1999999999999,475.05073626611204,605290.0334801592,0.4567901234567901,0.4225435434003121,12,16,
4:5:5:7:7:0:0:0:4,2788.0,7.7700238704263835,1041.0,576.6035345317596,780632.4775199208,0.0,0.0,0,17,
4:5:5:7:7:0:2:0:4,2804.0,7.814012756429129,1071.8,554.7452328953165,734873.889468454,0.07054673721340388,0.20469387750945647,1,17,
4:5:5:7:7:1:1:0:4,2852.0,7.72751586492736,986.4000000000001,543.1014954138137,720848.8874007817,0.14109347442680775,0.1897338625468571,4,17,
4:5:5:7:7:1:2:1:4,2736.0,7.614060001483256,1028.0,553.1720208410062,725413.2536762233,0.19223985890652556,0.2748209760925577,7,16,
4:5:5:7:7:1:2:0:5,3016.0,8.02528762645575,978.5999999999999,555.73808420041,733470.5303447739,0.15167548500881833,0.23177221666478376,4,18,
4:5:5:7:7:2:2:1:4,2736.0,7.48062122517593,957.9999999999999,547.5122346747521,721492.1803114094,0.2698412698412698,0.24262924951158876,7,16,
4:5:5:7:7:2:3:1:4,2572.0,7.233502749728198,980.5999999999998,548.7960590958886,715949.6456713063,0.25220458553791886,0.3064307032119651,7,15,
4:5:5:7:7:2:3:0:5,3000.0,7.979886591099906,977.6000000000001,546.995697153647,713159.346031451,0.20987654320987653,0.31002841876398235,3,18,
4:5:6:4:4:3:5:3:4,2684.0,7.412446558093202,1167.4,351.4571984388455,436019.31696013943,0.3915343915343915,0.5164342401485308,14,15,
4:5:6:4:4:4:4:3:3,2520.0,7.064448343435634,1146.8,338.7422107280044,426755.9687790485,0.4074074074074074,0.46614647558259487,14,14,
4:5:6:4:4:4:4:2:4,2800.0,7.559131830220671,1138.8,347.2277477351205,433123.87518741254,0.4021164021164021,0.49966170935336585,11,16,
4:5:6:4:4:4:5:2:4,2604.0,7.253945581590152,1120.3999999999999,388.5871447616158,475552.4317233321,0.43033509700176364,0.554229225563557,9,15,
4:5:6:4:4:5:6:3:4,2716.0,7.517796234220778,1185.6000000000004,360.9904648031812,432014.4575234122,0.5132275132275133,0.6056586539154257,16,15,
4:5:6:4:5:3:3:2:4,2816.0,7.736345489983021,1176.3999999999999,394.1078928203728,505761.0562549963,0.3544973544973545,0.3914014405663983,12,16,
4:5:6:5:5:2:3:1:4,2556.0,7.451950615737173,1228.2000000000003,441.0559991229771,568919.7661873228,0.2328042328042328,0.36708318409111806,6,15,
4:5:6:5:5:2:4:1:4,2556.0,7.313447200132884,1169.8,420.9245624753449,530976.7105052483,0.2962962962962963,0.46148093536961327,6,15,
4:5:6:5:5:3:4:1:4,2916.0,8.03571200864611,1214.6000000000001,425.6487089023439,540859.336134101,0.3527336860670194,0.4337029707519401,8,17,
4:5:6:5:5:3:5:2:4,2768.0,7.572459408893021,1124.6,400.984484842343,499280.33944390767,0.30864197530864196,0.5053175400331931,9,16,
4:5:6:5:6:1:2:1:4,2916.0,7.896970698423235,1103.2,458.3823860059747,603080.9577050132,0.18342151675485008,0.2534378132179124,8,17,
4:5:6:6:5:2:4:1:4,2556.0,7.297232656720356,1111.2,470.33091636044173,595346.5343312401,0.2980599647266314,0.44866836401922044,6,15,
4:5:6:6:5:3:4:1:4,2588.0,7.343770333357885,1110.2,465.71777901392124,592006.127255106,0.328042328042328,0.43213062554524745,8,15,
4:5:6:6:6:2:2:1:4,2736.0,7.611536981688751,1104.1999999999998,475.5414686175212,622024.0817901759,0.25044091710758376,0.2906711468036873,7,16,
4:5:6:6:6:2:3:2:4,2948.0,7.975867950921109,1104.2,470.11712817226925,611273.2899884882,0.2804232804232804,0.32532858417899374,10,17,
4:5:6:6:6:2:4:1:4,2556.0,7.432227061364886,1177.6,480.4727437938903,615155.1337189791,0.25925925925925924,0.40190744850031457,6,15,
4:5:6:6:6:3:3:1:4,2916.0,7.981350854262856,1106.8,502.62593436703963,650907.9032080718,0.31746031746031744,0.34705506271364145,8,17,
4:5:6:6:6:3:4:1:4,2588.0,7.518157423152954,1198.6000000000001,476.195258927725,607045.77225132,0.31746031746031744,0.4205052278597596,8,15,
4:5:6:7:7:0:2:0:4,2804.0,8.057731890823106,1201.4,563.3339820967005,746501.734541097,0.07054673721340388,0.20215000985990048,1,17,
4:5:6:7:7:2:2:0:4,2524.0,7.578973349881558,1218.6000000000001,554.6778893828431,731982.1887660732,0.20458553791887124,0.23263326333747794,4,15,
4:5:7:5:5:3:4:2:4,2604.0,7.679896897327466,1309.3999999999996,441.10154078467286,560294.2376189517,0.35978835978835977,0.43513035412229695,9,15,
4:6:5:6:6:3:3:1:5,3048.0,8.186684105086327,1071.2,522.6498875839467,679497.376087926,0.30335097001763667,0.32599729293816515,6,18,
4:6:5:7:7:2:2:1:5,3048.0,8.149912618808816,1022.7999999999998,550.2004548645983,718934.196126924,0.26807760141093473,0.2969404020215921,6,18,
4:6:6:5:5:2:3:1:5,3048.0,8.123953158947788,1108.0,450.2814411233958,584576.5270135767,0.20987654320987653,0.3338077154964741,6,18,
4:6:6:6:6:2:2:1:5,3048.0,8.369372141942907,1191.1999999999998,506.2340044816281,663984.1804222129,0.2239858906525573,0.27363239160387975,6,18,
4:6:6:6:6:2:4:1:5,3048.0,8.193758773692055,1113.6000000000001,484.26122468339554,619008.7408658187,0.2716049382716049,0.4089504286573893,6,18,
5:4:2:4:4:5:5:4:4,3108.0,7.048663060167197,537.8,350.7919551148011,422254.3212211421,0.5925925925925926,0.5933697671957097,20,17,
5:5:1:4:4:4:5:5:5,3616.0,7.913797683453931,494.4000000000001,376.72328651837955,467024.098452639,0.48500881834215165,0.5186008437534799,21,20,
5:5:1:4:4:5:4:4:5,3272.0,7.287796280632522,475.8000000000001,384.38049111863984,479877.45580842294,0.5308641975308642,0.49693011820632654,20,18,
5:5:1:4:4:5:5:5:5,3320.0,7.39236306507749,499.20000000000005,372.2698578989368,460431.3592627351,0.5784832451499118,0.5253965082467867,23,18,
5:5:1:4:4:6:5:5:4,3140.0,7.100598563316733,501.6,384.43938540058764,471992.1835048621,0.6031746031746031,0.545813516851917,22,17,
5:5:1:5:4:4:4:5:5,3616.0,7.9093098997318725,471.60000000000014,396.9787131479717,497009.70198653976,0.49206349206349204,0.4876922797444937,21,20,
5:5:1:5:4:4:5:5:5,3452.0,7.637826310388344,481.40000000000015,397.2475179901908,493835.9713200292,0.4991181657848324,0.5102562257130017,21,19,
5:5:1:5:4:5:4:5:5,3304.0,7.406566758009918,498.20000000000016,397.3233517916227,496055.20700886304,0.5485008818342152,0.4968050490916691,22,18,
5:5:1:5:4:5:5:4:5,3552.0,7.824968792686616,484.5999999999999,400.1573054533115,495768.91973528266,0.5008818342151675,0.5204236297738059,17,20,
5:5:1:5:5:2:3:3:5,3356.0,7.519001098956138,449.3999999999999,457.8736231081303,590191.5612805749,0.2927689594356261,0.3705754526858286,15,19,
5:5:1:5:5:3:5:2:5,3292.0,7.40537166801098,481.20000000000005,425.6457357622255,524697.5605118318,0.3950617283950617,0.5348279719810359,11,19,
5:5:1:5:5:4:3:4:5,3568.0,7.90636702881651,464.7999999999999,450.1101053389611,577293.5333144349,0.43386243386243384,0.39404685983850773,18,20,
5:5:1:5:5:4:4:4:5,3388.0,7.5145124245869415,466.40000000000003,406.3285447407963,517704.94225088286,0.4673721340388007,0.42272054966202866,17,19,
5:5:1:5:5:4:5:3:5,3520.0,7.717494379432153,443.20000000000005,412.61931313803063,510437.421722704,0.455026455026455,0.5248250754843797,15,20,
5:5:1:5:5:5:4:5:4,3156.0,7.142070649966603,485.99999999999994,407.5540585310638,511017.8135191894,0.562610229276896,0.4826527965237033,23,17,
5:5:1:5:5:5:4:4:5,3420.0,7.581567930657544,446.6000000000001,432.14901668282727,549480.3067791453,0.5185185185185185,0.4310626866716384,19,19,
5:5:1:5:5:5:5:4:5,3436.0,7.602906031491877,471.4,403.44771985589443,502576.5710615824,0.5679012345679012,0.5038939281783893,20,19,
5:5:1:5:6:1:1:2:5,3260.0,7.386313438618391,469.2,458.8397196966274,609427.1457589647,0.19929453262786595,0.18433169445711217,9,19,
5:5:1:6:5:4:3:5:5,3616.0,7.896622972262895,398.3999999999999,462.9852252730617,594724.0152633085,0.47795414462081126,0.3869703081792192,21,20,
5:5:1:6:6:2:3:2:5,3604.0,8.041508748210038,491.2000000000001,464.33546023509126,598159.2197804571,0.2980599647266314,0.3735044087295145,10,21,
5:5:1:6:6:3:2:2:5,3604.0,8.01361090929794,464.19999999999993,475.51738557193175,621981.0863028477,0.31393298059964725,0.2907837262291792,10,21,
5:5:1:6:6:4:3:4:5,3552.0,7.957024516814755,494.59999999999997,465.0329010339654,600714.282886339,0.42857142857142855,0.35990606648265944,17,20,
5:5:1:6:6:4:4:4:5,3568.0,7.980706350664743,488.60000000000014,468.46050082690937,598619.6470293571,0.43562610229276894,0.410333907710903,18,20,
5:5:1:7:7:1:1:1:5,3392.0,7.8282124986936354,456.20000000000005,590.396486759291,786982.4638245378,0.18871252204585537,0.15484372903674182,7,20,
5:5:1:7:7:2:2:1:5,3572.0,7.936446786897893,381.2000000000001,546.7653281711057,721096.1536649041,0.2204585537918871,0.23696270319106966,8,21,
5:5:2:3:3:4:5:4:4,3092.0,7.156887602979153,644.8,321.15527088918014,391283.47690038505,0.4409171075837742,0.565417450549369,19,17,
5:5:2:3:3:4:5:4:5,3272.0,7.377873416039801,599.0,312.25422689456775,378988.9993215143,0.47619047619047616,0.5746116189203059,20,18,
5:5:2:3:3:5:6:5:5,3320.0,7.404541740356253,559.5999999999999,318.7751667819952,381239.21839429083,0.5943562610229277,0.6070261927143228,23,18,
5:5:2:4:3:5:5:5:4,3172.0,7.142743750621522,548.4,329.53570660240246,397168.8399602018,0.5837742504409171,0.5906062554850376,24,17,
5:5:2:4:4:3:4:2:5,3144.0,7.2464837058296006,613.1999999999999,351.55626120538386,442832.3304811846,0.31746031746031744,0.46668890428746135,12,18,
5:5:2:4:4:3:5:3:5,3356.0,7.720411051616011,647.6,373.8730662662784,459497.9639917246,0.38095238095238093,0.5430250654286629,15,19,
5:5:2:4:4:4:4:4:4,3076.0,7.0750733013304,590.9999999999998,344.5665618543369,431119.21175180335,0.47266313932980597,0.4897748564744616,18,17,
5:5:2:4:4:4:4:4:5,3256.0,7.405950619058833,549.4000000000001,393.7740010063578,496392.61830102233,0.43738977072310403,0.463926792653933,19,18,
5:5:2:4:4:4:5:4:4,3092.0,7.095972544335156,541.1999999999999,390.2164326380338,481648.46428595216,0.49382716049382713,0.5311920564257908,19,17,
5:5:2:4:4:4:5:4:5,3224.0,7.376399070476105,607.6,350.81827295995095,432925.69723109127,0.455026455026455,0.5317983434453794,17,18,
5:5:2:4:4:5:4:4:4,3108.0,7.224151857380963,599.3999999999999,388.69410313500623,486583.46532573976,0.5238095238095238,0.4880609699354306,20,17,
5:5:2:4:4:5:4:4:5,3272.0,7.393401698647316,525.5999999999998,394.4587631330284,493805.6218811363,0.5608465608465608,0.48802258658877046,20,18,
5:5:2:4:4:5:5:5:4,3140.0,7.125295520452848,540.1999999999999,359.8425600967651,442651.5042033313,0.5837742504409171,0.5405963685418536,22,17,
5:5:2:4:4:5:5:5:5,3304.0,7.339143359664251,507.20000000000005,350.0942849296303,430596.3671251858,0.5396825396825397,0.5409970144842964,22,18,
5:5:2:4:4:6:5:5:4,3140.0,7.139416500970474,553.4000000000001,354.64915605025857,439150.0373090301,0.6084656084656085,0.5220069224231177,22,17,
5:5:2:4:4:6:5:5:5,3288.0,7.36908895224321,508.2,382.07343592190006,470452.4308104899,0.6225749559082893,0.5379577615064277,21,18,
5:5:2:4:5:4:4:4:5,3388.0,7.693783101874158,579.9999999999999,394.37501876264804,497572.9344116298,0.48148148148148145,0.46084173408083245,17,19,
5:5:2:5:4:4:4:3:5,3372.0,7.784028012117066,645.9999999999999,395.54388287037636,495753.1128341314,0.47442680776014107,0.4840509905266293,16,19,
5:5:2:5:4:5:4:5:5,3288.0,7.3972908886510575,510.8000000000002,395.4639338651495,494423.2530089558,0.5590828924162258,0.4922847126511295,21,18,
5:5:2:5:4:5:5:4:5,3436.0,7.6526672933582915,504.19999999999993,398.86235533415066,496281.4274764008,0.5291005291005291,0.5075441832777139,20,19,
5:5:2:5:5:2:2:2:5,3144.0,7.316610265857605,569.4,435.1180207412621,569178.242762392,0.2980599647266314,0.29035652523965055,12,18,
5:5:2:5:5:2:3:2:5,3292.0,7.653654599502999,602.0,445.6221579182002,579562.9772923267,0.24691358024691357,0.3239916750947665,11,19,
5:5:2:5:5:3:3:3:5,3160.0,7.371637715901125,590.1999999999997,429.51858491593845,553155.801268031,0.3862433862433862,0.37482907964453804,13,18,
5:5:2:5:5:3:4:3:5,3160.0,7.387461251038868,626.9999999999998,401.6905293390388,513619.63470197574,0.36155202821869487,0.4076225331953721,13,18,
5:5:2:5:5:4:3:4:5,3256.0,7.492867574045706,543.6000000000001,448.8559144839145,578475.3115392309,0.400352733686067,0.3713535820710048,19,18,
5:5:2:5:5:4:4:4:4,3092.0,7.126636901796903,541.8,407.00312331884436,513361.63013142906,0.4567901234567901,0.46186253777052555,19,17,
5:5:2:5:5:4:4:3:5,3536.0,7.935067625608888,525.3999999999999,437.78334372023966,560722.1386985965,0.41622574955908287,0.40014402562064516,16,20,
5:5:2:5:5:4:5:4:5,3388.0,7.596890339728593,505.60000000000014,413.8368226261124,515717.50134655065,0.4691358024691358,0.5026822632561954,17,19,
5:5:2:5:5:5:4:4:5,3584.0,7.9318129697616815,507.8000000000001,405.5379538548734,511743.28615441726,0.5114638447971781,0.4602251405302997,19,20,
5:5:2:5:5:5:5:5:5,3288.0,7.447535983486933,535.0,399.75290263709115,497853.9663368257,0.5291005291005291,0.5046468428841898,21,18,
5:5:2:5:6:2:2:2:5,3276.0,7.472132956531462,504.6,456.09938635333873,602638.4134014185,0.23985890652557318,0.22378746785008208,10,19,
5:5:2:6:5:3:4:3:5,3488.0,7.928849348212429,542.2,465.4575804364472,595791.3405655422,0.3262786596119929,0.40294333519346387,13,20,
5:5:2:6:6:1:2:1:5,3244.0,7.616642160151016,589.4,485.23610480562604,641238.207064656,0.19400352733686066,0.22263894095720219,8,19,
5:5:2:6:6:2:2:1:5,3408.0,7.927089203091548,611.2,475.4595781529076,628701.3128991132,0.20987654320987653,0.21820401136924764,8,20,
5:5:2:6:6:2:3:2:5,3276.0,7.727080908062409,632.6,472.65487487138626,616848.4259064638,0.25573192239858905,0.3042344035989683,10,19,
5:5:2:6:6:3:2:2:5,3456.0,7.873539732387968,502.60000000000014,505.69702826397764,666691.9831173318,0.31569664902998235,0.23948885921598237,11,20,
5:5:2:6:6:3:3:2:5,3456.0,8.015576864381176,605.8000000000001,483.03208210412686,629430.7954916112,0.345679012345679,0.3130874476920675,11,20,
5:5:2:6:6:3:4:3:5,3324.0,7.6262358818230975,525.4,474.6757449936967,605604.9350343974,0.3932980599647266,0.41706595064929186,13,19,
5:5:2:6:6:4:2:3:5,3356.0,7.982967275701393,648.0,522.3424453226899,682503.1140132188,0.4056437389770723,0.2972007564503922,15,19,
5:5:2:6:6:4:3:3:5,3192.0,7.5189592408605295,572.8000000000001,498.4498895679197,646235.9769408354,0.4038800705467372,0.3410605249468007,15,18,
5:5:2:7:6:2:3:2:5,3096.0,7.47281056432941,609.6,531.4835899747751,693794.0500737204,0.2222222222222222,0.3027922320380234,9,18,
5:5:2:7:7:1:2:1:5,3376.0,8.001509343920445,610.8000000000001,550.0557980028916,723265.2326961063,0.19047619047619047,0.2573866069537326,6,20,
5:5:2:7:7:2:1:2:5,3260.0,7.685274709253296,551.4,546.1507601466194,728017.6101187461,0.24338624338624337,0.154686338629793,9,19,
5:5:2:7:7:2:2:1:5,3392.0,8.0466689779228,629.4,541.0613104822273,716709.6626642173,0.24691358024691357,0.20508480591882877,7,20,
5:5:2:8:8:1:1:1:5,3360.0,7.950716626456037,549.0000000000001,599.0563272005725,799709.8272102682,0.17989417989417988,0.14208683119719212,5,20,
5:5:3:3:3:4:5:4:4,3092.0,7.190147012834167,664.6,320.2133562769728,390437.42781884864,0.42857142857142855,0.5635127704074875,19,17,
5:5:3:4:4:3:4:3:5,3160.0,7.474082945994187,690.8,387.0050303787038,495682.1889310874,0.38271604938271603,0.4001621167632022,13,18,
5:5:3:4:4:3:5:3:5,3520.0,8.050135022795223,661.0,383.4265579248916,475085.6829730252,0.3544973544973545,0.5201444907489213,15,20,
5:5:3:4:4:4:4:3:5,3176.0,7.553135935769331,731.1999999999998,375.42807558121063,474505.6429360508,0.4074074074074074,0.4543217238278231,14,18,
5:5:3:4:4:4:5:4:5,3240.0,7.5582378615841295,695.7999999999998,349.72086751820086,435907.81836182583,0.48500881834215165,0.5020272964759401,18,18,
5:5:3:4:4:5:5:4:4,3076.0,7.426572724604492,766.3999999999999,368.46673485074757,454927.7560616967,0.5044091710758377,0.5304146491417964,18,17,
5:5:3:4:4:5:5:4:5,3256.0,7.607704068877376,713.7999999999998,343.7682070534718,425941.99622668215,0.5167548500881834,0.5201783726591515,19,18,
5:5:3:4:4:5:6:4:4,3076.0,7.242368259396252,685.2000000000002,345.2228030776744,405207.35312194517,0.5132275132275133,0.6422359274194342,18,17,
5:5:3:5:4:4:4:3:5,3208.0,7.5422171778826925,672.0,396.43713985948676,497082.2548028045,0.4708994708994709,0.4826285956310886,16,18,
5:5:3:5:5:2:2:1:5,3064.0,7.432713908498377,726.2,424.14878611857966,555752.9874721051,0.20105820105820105,0.28007522796849466,7,18,
5:5:3:5:5:2:3:1:5,3080.0,7.402484346392555,717.6,399.6086244045788,519738.7197891599,0.21693121693121692,0.32378192059750904,8,18,
5:5:3:5:5:3:3:2:5,3276.0,7.853907660548917,770.8,406.3656435312363,525743.7146998793,0.32451499118165783,0.35203286679886037,10,19,
5:5:3:5:5:3:4:3:5,3340.0,8.000548574425437,798.6,397.71104169922324,508516.8437026878,0.3315696649029982,0.4077459374237243,14,19,
5:5:3:5:5:4:3:3:5,3356.0,7.889954695563313,682.6000000000001,435.00431238439796,558978.8513854204,0.42680776014109345,0.38532859948499243,15,19,
5:5:3:5:5:4:4:3:5,3192.0,7.681247413261502,753.3999999999999,409.8672833192717,522273.7443067211,0.4638447971781305,0.4222435553667849,15,18,
5:5:3:5:5:4:5:2:5,3144.0,7.597371021425202,737.7999999999997,425.9093691480897,529727.5490100755,0.42151675485008816,0.5087471906762396,12,18,
5:5:3:5:6:2:2:1:5,3064.0,7.618438933072182,798.8,456.8548750519265,602062.8348451244,0.21516754850088182,0.24222013881295068,7,18,
5:5:3:5:6:2:3:2:5,3276.0,7.800735372219484,684.9999999999998,462.0169560484476,597883.1031064396,0.2821869488536155,0.3508322418877397,10,19,
5:5:3:6:6:1:2:1:5,3244.0,7.7351802032118515,670.8,471.0471752211196,619799.0921034948,0.13932980599647266,0.25283728812336564,8,19,
5:5:3:6:6:1:3:1:5,3212.0,7.895734421937285,792.5999999999999,472.2814172384405,616391.3881789856,0.19400352733686066,0.3039449714943521,6,19,
5:5:3:6:6:2:1:2:5,3112.0,7.612180800582668,705.8000000000002,498.3065139303725,661732.6132184031,0.24514991181657847,0.1856963822589553,10,18,
5:5:3:6:6:2:2:2:5,3260.0,7.793376336502575,673.1999999999999,485.6443827969602,642222.3132859098,0.2257495590828924,0.21759235676194164,9,19,
5:5:3:6:6:2:3:2:5,3260.0,7.8696390990446945,729.2,472.8853691583413,616567.5272349638,0.26278659611992944,0.30973394354893075,9,19,
5:5:3:6:6:2:4:1:5,3244.0,7.923878249651814,770.2,478.63896755257895,612587.5017831748,0.2821869488536155,0.4034913744701756,8,19,
5:5:3:6:6:3:2:2:5,3128.0,7.605966700622631,704.2,480.3831192530311,630275.7475785727,0.32098765432098764,0.27162538217540133,11,18,
5:5:3:6:6:3:3:2:5,3144.0,7.682520182609077,737.2,474.788943539347,620002.305326571,0.3474426807760141,0.300722096200265,12,18,
5:5:3:6:6:3:4:2:5,3308.0,8.001730619119078,756.5999999999998,472.3812610405177,603658.4134762927,0.3315696649029982,0.4101293128500913,12,19,
5:5:3:6:6:4:3:3:5,3176.0,7.660932126646138,695.3999999999997,472.34851580836033,607274.3057668166,0.42328042328042326,0.38295504573886663,14,18,
5:5:3:6:7:2:1:2:5,3260.0,7.871107019763702,675.8000000000001,527.1176802060196,701536.465566042,0.20458553791887124,0.16791217771611966,9,19,
5:5:3:6:7:2:2:2:5,3096.0,7.726994254702329,756.4000000000001,528.8057424162203,698176.457087529,0.25573192239858905,0.22921129170196597,9,18,
5:5:3:7:7:1:1:0:5,3164.0,7.848409394491099,735.8,550.2481266764526,736951.1060368018,0.10405643738977072,0.11269880486974933,3,19,
5:5:3:7:7:1:2:1:5,3212.0,8.014759257222753,796.1999999999998,536.1684988453011,708273.9250994258,0.15167548500881833,0.22540359985603273,6,19,
5:5:3:7:7:2:2:1:5,3244.0,8.015174720558036,762.1999999999998,538.4040665564075,711223.0889125329,0.2257495590828924,0.22544407809956224,8,19,
5:5:3:7:7:2:3:2:5,3260.0,8.07694772383395,786.3999999999999,533.2293594138497,696269.721433625,0.26278659611992944,0.3011213883139898,9,19,
5:5:4:4:4:3:4:4:4,3076.0,7.543856080193964,824.5999999999999,376.766397469978,473540.9784487473,0.3862433862433862,0.47448055924895044,18,17,
5:5:4:4:4:3:4:3:5,3192.0,7.702353032218615,817.5999999999999,357.63416926795543,449899.713234672,0.3968253968253968,0.4713271364197931,15,18,
5:5:4:4:4:4:4:3:5,3324.0,7.911719862357561,804.3999999999999,357.54516195673705,451491.9827802605,0.4038800705467372,0.4577006073773676,13,19,
5:5:4:4:4:4:5:3:5,3208.0,7.790048107597221,875.5999999999999,333.3572770076253,415024.1735912829,0.49559082892416223,0.5057003502970397,16,18,
5:5:4:4:5:3:4:3:5,3176.0,7.893394483769431,909.3999999999997,390.1546722972677,497987.1981350953,0.38095238095238093,0.41522451084400613,14,18,
5:5:4:5:5:1:2:1:5,3212.0,7.999446988924508,896.6,427.08644272019603,563007.2192277024,0.1693121693121693,0.24007491989832339,6,19,
5:5:4:5:5:2:2:1:5,3080.0,7.616460950407576,803.5999999999999,434.9333588810953,569405.5747666535,0.23633156966490299,0.2852991381981833,8,18,
5:5:4:5:5:2:3:2:5,3276.0,7.985504600806817,826.5999999999998,425.1811086574661,552591.337114978,0.2716049382716049,0.32786342979818694,10,19,
5:5:4:5:5:2:4:2:5,3292.0,8.003726834656286,830.3999999999995,415.71311525011424,532112.9089129623,0.2927689594356261,0.40298406837775663,11,19,
5:5:4:5:5:3:2:2:5,3292.0,8.046267196398512,828.8,441.43350035795606,576927.3942383811,0.3262786596119929,0.2957287652911084,11,19,
5:5:4:5:5:3:3:2:5,3144.0,7.712675125385505,823.6,405.4867960935806,526259.7386626706,0.31040564373897706,0.33547328101626694,12,18,
5:5:4:5:5:3:4:2:5,3112.0,7.692015063076278,849.7999999999998,399.5725407642495,510134.7771891879,0.30335097001763667,0.41416808206199335,10,18,
5:5:4:5:5:3:5:2:5,3144.0,7.7097134557519205,818.1999999999998,409.2075294113389,509867.8563970063,0.3386243386243386,0.5031792537894797,12,18,
5:5:4:5:5:4:3:2:5,3292.0,8.033515422141406,855.3999999999999,407.6032443541765,523462.6457302886,0.4056437389770723,0.3880386071713764,11,19,
5:5:4:5:5:4:4:3:5,3176.0,7.810064023389481,840.9999999999998,411.3063012618364,515020.0329603305,0.4126984126984127,0.4872246204000391,14,18,
5:5:4:5:5:4:5:3:5,3176.0,7.7872826112882505,829.2,410.1892406004377,507284.955329398,0.49206349206349204,0.5256574467628484,14,18,
5:5:4:5:6:2:3:2:5,3112.0,7.8079494867453985,854.9999999999999,460.10735898464134,600760.4489763421,0.2698412698412698,0.30141190206591134,10,18,
5:5:4:6:5:3:4:2:5,3112.0,7.9020036224857595,903.8,464.63605394942545,591659.5804361183,0.3333333333333333,0.425058334087701,10,18,
5:5:4:6:6:1:1:1:5,3212.0,8.05367832533003,834.1999999999999,520.2356104621266,691155.6389203056,0.13403880070546736,0.1822256938061402,6,19,
5:5:4:6:6:1:2:2:5,3096.0,7.7382461168146595,828.4000000000001,463.18554823391185,607394.4683497584,0.19576719576719576,0.27495915113839003,9,18,
5:5:4:6:6:2:2:2:5,3276.0,8.032583159497936,806.9999999999999,471.4746514353294,619864.49359235,0.25396825396825395,0.2581878119019426,10,19,
5:5:4:6:6:2:3:1:5,3244.0,8.073556468497843,866.0,467.70651763827703,610367.0512723796,0.21340388007054673,0.30445972304955127,8,19,
5:5:4:6:6:2:4:2:5,3112.0,8.053333555254133,932.6000000000001,521.6401258290927,666448.6090086546,0.2786596119929453,0.41114976662399305,10,18,
5:5:4:6:6:3:2:2:5,3112.0,7.8566005593103725,824.4,518.2925171289812,679977.2977920694,0.3474426807760141,0.27197009672582045,10,18,
5:5:4:6:6:3:3:2:5,3096.0,7.846408883554039,859.9999999999998,492.91383697514027,643259.237831449,0.30511463844797176,0.3044953823193331,9,18,
5:5:4:6:6:3:4:2:5,3260.0,8.069954086504362,834.4,481.2639670479738,615302.4002923245,0.3562610229276896,0.4080702734302108,9,19,
5:5:4:7:7:1:1:0:5,3180.0,8.05150897620759,808.1999999999998,577.0055895097033,772506.7480971026,0.13227513227513227,0.11607072567807443,4,19,
5:5:4:7:7:1:2:1:5,3064.0,7.840414259568782,834.3999999999999,547.1148851754991,717387.5406572445,0.19223985890652556,0.27555132778856023,7,18,
5:5:4:7:7:2:2:2:5,3112.0,7.886452258730533,820.5999999999999,539.0184307002123,710625.2788217711,0.26102292768959434,0.2394535625863872,10,18,
5:5:4:7:7:3:2:2:5,3096.0,7.864990859971381,818.4,545.0498176037734,719254.130552805,0.31569664902998235,0.2328528039697102,9,18,
5:5:5:4:4:3:4:2:5,3144.0,7.9290009461869815,1005.0,346.74353648801844,436641.14944495953,0.37742504409171074,0.4677427270039157,12,18,
5:5:5:5:4:4:4:3:5,3176.0,8.027192889438124,980.4,395.018368311417,492712.1496457664,0.4497354497354497,0.4998206492398496,14,18,
5:5:5:5:4:4:5:3:5,3160.0,8.065456471564366,1016.0,397.11381937699423,493410.7263182899,0.48148148148148145,0.511855439355384,13,18,
5:5:5:5:5:1:3:2:5,3096.0,8.048938668510624,1011.0000000000002,456.7482250455235,593520.7458595934,0.18342151675485008,0.32876341828665995,9,18,
5:5:5:5:5:2:3:2:5,3096.0,7.929155008643147,968.8000000000002,431.0308899006635,554462.5182407027,0.26278659611992944,0.3803367298875354,9,18,
5:5:5:5:5:3:3:2:5,3128.0,7.979473682550964,973.6000000000001,422.76157800639606,549735.8137808677,0.31216931216931215,0.32495587170390206,11,18,
5:5:5:5:5:3:4:2:5,3112.0,7.966604333595911,972.1999999999998,432.8646571488816,547334.8299112037,0.3527336860670194,0.4527163351944466,10,18,
5:5:5:5:5:4:4:2:5,3144.0,7.965399631773564,953.4000000000002,418.9815912156101,524711.0984825146,0.43033509700176364,0.48671445858024165,12,18,
5:5:5:5:5:4:5:3:5,3160.0,7.971617239276089,957.0,402.9069746695427,497885.93297335657,0.47971781305114636,0.5279211970366265,13,18,
5:5:5:6:5:3:4:1:5,3064.0,7.991510603165138,996.8000000000002,470.386511994633,588129.1994473275,0.345679012345679,0.49209005461578836,7,18,
5:5:5:6:6:1:2:2:5,3096.0,8.070460587302271,985.0,494.9511530003878,650185.6859251639,0.19929453262786595,0.26369574431171017,9,18,
5:5:5:6:6:2:2:2:5,3096.0,8.01472344730509,969.0000000000001,479.3481946219863,630359.2787568512,0.26278659611992944,0.25667907249424254,9,18,
5:5:5:6:6:2:3:2:5,3128.0,8.073468829413162,981.6,468.05682627726355,609211.8844325703,0.25220458553791886,0.3196606540173124,11,18,
5:5:5:6:6:3:3:1:5,3064.0,8.039954615894349,1000.8,493.8542672120955,633767.7383603894,0.328042328042328,0.3913902369361844,7,18,
5:6:1:7:7:2:1:2:5,3588.0,8.178312634084417,491.60000000000014,557.503263525864,739927.3221684309,0.2751322751322751,0.1901230793870484,9,21,
5:6:1:7:7:3:2:2:5,3588.0,8.167866534145473,483.6000000000001,559.5803248604823,732760.5501462751,0.35978835978835977,0.283864156199126,9,21,
5:6:1:8:8:1:1:1:5,3556.0,8.09289189840519,425.80000000000007,606.8697063957421,811758.980221591,0.1693121693121693,0.12431142901602629,7,21,
5:6:2:5:5:2:3:2:5,3620.0,8.276139118606197,650.3999999999999,422.17088024971395,546680.6596612508,0.2839506172839506,0.347405688200159,11,21,
5:6:2:5:5:3:3:2:5,3620.0,8.178422888600297,596.2,420.965777836369,541110.5126563897,0.328042328042328,0.383852195281208,11,21,
5:6:2:5:5:5:4:4:5,3584.0,8.078019865023071,577.4,418.8372634680812,527814.7174592065,0.5079365079365079,0.46510583877937134,19,20,
5:6:2:6:6:2:1:2:5,3604.0,8.287556654082682,585.0,510.0446228648809,677323.5632552243,0.2998236331569665,0.1856592969146527,10,21,
5:6:2:6:6:2:2:1:5,3572.0,8.135153628965668,564.4000000000001,476.2321076235336,627517.0184637951,0.21164021164021163,0.24312054060078653,8,21,
5:6:2:6:6:2:3:2:5,3604.0,8.276550320877353,625.0,463.8040319374595,603529.5962203782,0.26807760141093473,0.32102943145105717,10,21,
5:6:2:6:6:3:2:2:5,3620.0,8.219725783366677,541.8000000000002,498.7845191689057,657333.509265542,0.31569664902998235,0.2420730935915572,11,21,
5:6:2:6:6:3:3:2:5,3620.0,8.235748292608003,567.5999999999998,482.06928190873765,628457.5366848855,0.32275132275132273,0.3105100414830698,11,21,
5:6:2:6:7:1:2:1:5,3540.0,8.283102197160812,627.3999999999997,529.1189457901804,698560.862203255,0.19047619047619047,0.2295082431085822,6,21,
5:6:2:7:6:3:3:2:5,3440.0,8.081500525689306,608.3999999999999,533.810798065837,692330.0912403016,0.3403880070546737,0.3391470391537603,10,20,
5:6:2:7:7:1:1:0:5,3508.0,8.25741359129951,601.8,572.1535062668224,766012.9200512328,0.12522045855379188,0.11604370372356727,4,21,
5:6:2:7:7:1:2:2:5,3588.0,8.294375222466735,578.8000000000002,536.1107511386389,707147.6600498031,0.19047619047619047,0.23594088938085342,9,21,
5:6:2:7:7:2:1:1:5,3572.0,8.269447474742785,549.8,566.9767181791589,753235.5683796096,0.20987654320987653,0.18241264988528974,8,21,
5:6:2:7:7:2:2:2:5,3620.0,8.293133478837813,550.1999999999998,532.0066825010401,701897.5551454402,0.24867724867724866,0.23430639315883572,11,21,
5:6:2:7:7:2:3:1:5,3572.0,8.374283513461474,618.6,557.6187521326552,728140.8469986491,0.21693121693121692,0.30092257742148154,8,21,
5:6:2:8:8:0:1:0:5,3508.0,8.396536845471823,644.2000000000002,608.6363913825248,813369.0301968253,0.09876543209876543,0.13263934446402167,4,21,
5:6:2:8:8:1:1:1:5,3540.0,8.289755440407308,556.4000000000001,603.8913347109449,805527.1338965986,0.1710758377425044,0.1489397909934947,6,21,
5:6:3:4:4:3:4:3:5,3504.0,8.160533379972284,732.3999999999996,390.6224264442855,495218.9053889079,0.328042328042328,0.4427082367263928,14,20,
5:6:3:5:5:2:3:2:5,3620.0,8.375484318559947,694.6000000000003,434.2996086234887,564101.0339327804,0.24338624338624337,0.33117798323701575,11,21,
5:6:3:5:5:2:4:2:5,3456.0,8.278021283561738,797.2,440.4380677795055,563059.0629071475,0.26278659611992944,0.4084314879301835,11,20,
5:6:3:5:5:3:2:2:5,3588.0,8.498375490901706,785.5999999999998,444.97890334126765,582207.5094001014,0.3403880070546737,0.2889897730434919,9,21,
5:6:3:5:5:3:3:1:5,3572.0,8.346046409529922,715.2,445.00831420346583,578410.6158771294,0.31216931216931215,0.32738110905524404,8,21,
5:6:3:5:5:3:4:2:5,3472.0,8.084735283646106,691.2,420.8449058273412,535999.4214175266,0.3350970017636684,0.42426910087163655,12,20,
5:6:3:5:5:4:3:3:5,3488.0,8.192415262485932,697.4,459.6994538295234,595585.2954547774,0.4021164021164021,0.3447017579157839,13,20,
5:6:3:5:5:4:4:2:5,3620.0,8.562078983675772,786.6,448.098783744162,570580.3786690907,0.4021164021164021,0.4252090956027828,11,21,
5:6:3:5:5:4:5:3:5,3520.0,8.084388581601225,663.5999999999999,400.24832576789396,498165.7501312081,0.49206349206349204,0.5065515938146293,15,20,
5:6:3:5:6:2:2:2:5,3456.0,8.229106547925083,752.7999999999997,457.10341267352226,599402.5567098864,0.2239858906525573,0.27513024472401226,11,20,
5:6:3:6:5:2:4:2:5,3620.0,8.417936305231,686.8,466.16988506597664,592885.1384397695,0.2927689594356261,0.43006061994105343,11,21,
5:6:3:6:5:3:3:2:5,3424.0,8.078200355336861,693.1999999999999,463.1396014760001,596120.3383550051,0.31216931216931215,0.3775134124427363,9,20,
5:6:3:6:6:1:2:1:5,3540.0,8.485306677595103,776.3999999999999,494.7688861964233,655753.2375344894,0.14285714285714285,0.20086569922565595,6,21,
5:6:3:6:6:1:3:1:5,3540.0,8.431072799519507,758.7999999999997,481.6182773275616,623088.5999639356,0.1781305114638448,0.35215429601090725,6,21,
5:6:3:6:6:2:1:1:5,3572.0,8.305294185948554,656.5999999999999,480.5018034328298,639042.8457276814,0.21693121693121692,0.17371216465460323,8,21,
5:6:3:6:6:2:2:2:5,3588.0,8.366616276200867,675.0,480.8714286058915,636780.0880416738,0.26631393298059963,0.2074491919746267,9,21,
5:6:3:6:6:2:3:2:5,3424.0,8.24329325423354,785.7999999999998,464.14727515041716,603800.4029770494,0.25396825396825395,0.32265977023569903,9,20,
5:6:3:6:6:2:4:1:5,3572.0,8.545363047831945,795.4000000000001,477.8208481207122,611712.4705062183,0.2874779541446208,0.40225024632956163,8,21,
5:6:3:6:6:3:2:2:5,3456.0,8.236382769846383,735.4000000000002,478.629030502899,626277.151331962,0.328042328042328,0.2885787625690777,11,20,
5:6:3:6:6:3:3:2:5,3588.0,8.475041665280054,744.8000000000001,472.5486242137908,614706.4018627548,0.3368606701940035,0.32287015390258633,9,21,
5:6:3:6:6:3:4:1:5,3572.0,8.503958141483807,771.5999999999999,478.144266221318,612307.9026875359,0.3350970017636684,0.400937734339937,8,21,
5:6:3:6:6:4:3:3:5,3504.0,8.263196535315469,681.9999999999998,499.2324355238712,645844.0000703428,0.4585537918871252,0.3524146285837154,14,20,
5:6:3:6:7:1:2:1:5,3556.0,8.44334944750941,705.1999999999999,526.1791367378349,696388.4363005275,0.19400352733686066,0.2116249548185086,7,21,
5:6:3:6:7:2:2:1:5,3572.0,8.438928742280199,684.9999999999999,527.8725968728731,699057.2475320585,0.2239858906525573,0.20704892920235682,8,21,
5:6:3:7:6:2:3:1:5,3572.0,8.63805216615115,793.2,532.5755782077022,695359.1245907521,0.23633156966490299,0.30160602232025074,8,21,
5:6:3:7:6:3:3:2:5,3588.0,8.456751453607193,672.7999999999998,534.1780741952791,686465.1016500494,0.37213403880070545,0.38500038032697526,9,21,
5:6:3:7:7:1:0:1:5,3540.0,8.403523703341587,687.5999999999999,537.1979397946798,722350.9818096022,0.15343915343915343,0.07398006494336659,6,21,
5:6:3:7:7:1:1:1:5,3540.0,8.598342234191296,800.4,534.8600467864653,716272.2626601439,0.12874779541446207,0.11360114328458701,6,21,
5:6:3:7:7:1:2:1:5,3540.0,8.379457285224639,669.5999999999999,541.5522807223699,717607.4587705864,0.14109347442680775,0.20247079832344245,6,21,
5:6:3:7:7:2:1:2:5,3588.0,8.703064094529896,776.7999999999997,569.8373415984514,758694.0608002697,0.21164021164021163,0.1646151362678028,9,21,
5:6:3:7:7:2:2:1:5,3556.0,8.507482723223898,719.3999999999999,548.3427040679509,726456.6580655018,0.2310405643738977,0.20402459407056814,7,21,
5:6:3:7:7:2:3:1:5,3572.0,8.447792834588716,683.0,534.8985372118027,697871.7241852069,0.21869488536155202,0.30599070173651827,8,21,
5:6:3:7:7:3:2:3:5,3324.0,8.179076351971188,778.1999999999998,535.3362915676645,701754.5259960697,0.30158730158730157,0.27725212753186446,13,19,
5:6:3:8:7:2:1:1:5,3524.0,8.485025184714624,688.3999999999999,598.6092797331921,795133.5722132289,0.20105820105820105,0.18367610291770417,5,21,
5:6:3:8:8:0:0:0:5,3328.0,8.2439039426749,719.5999999999998,626.6935354966689,846771.1969097195,0.04056437389770723,0.022626028775464532,3,20,
5:6:3:8:8:1:0:0:5,3328.0,8.273609737641072,747.3999999999999,615.7367212424886,826016.2430055011,0.1164021164021164,0.09714725443917879,3,20,
5:6:3:8:8:1:1:1:5,3524.0,8.702367307643053,763.1999999999999,647.0422634336113,866219.6883456092,0.14285714285714285,0.1166420972613085,5,21,
5:6:3:8:8:1:2:1:5,3392.0,8.460051624502004,794.9999999999999,609.8492710926365,805611.1886041573,0.19929453262786595,0.22535354948868602,7,20,
5:6:3:8:8:2:1:1:5,3556.0,8.709948754666831,772.1999999999997,610.3409438960933,813949.2925381418,0.20282186948853614,0.1508474949394865,7,21,
5:6:3:8:8:2:2:1:5,3556.0,8.611710909967133,723.8,603.0400859513635,798737.3591475,0.20282186948853614,0.2057621717629794,7,21,
5:6:4:4:4:3:4:2:5,3276.0,8.096328474748422,930.9999999999999,383.618245182355,484589.03158692154,0.3298059964726631,0.4563794070289983,10,19,
5:6:4:4:4:3:5:3:5,3504.0,8.331149481027282,886.1999999999999,333.56175574246873,416003.70638329204,0.3968253968253968,0.5002229393655755,14,20,
5:6:4:4:4:4:4:3:5,3340.0,8.171991621837089,941.8,351.7192495816295,443517.71125256753,0.4056437389770723,0.4627891772672099,14,19,
5:6:4:4:5:3:4:3:5,3504.0,8.373954652264745,850.7999999999997,393.23228783411054,498253.30546584615,0.37037037037037035,0.4448363532522918,14,20,
5:6:4:5:4:3:4:2:5,3456.0,8.322376318763203,866.7999999999997,395.9873727387369,496406.496513148,0.35802469135802467,0.4833890945521304,11,20,
5:6:4:5:5:1:2:1:5,3540.0,8.473861522852228,816.2,448.47948345721363,591970.1051485878,0.1693121693121693,0.231042772119808,6,21,
5:6:4:5:5:1:3:1:5,3524.0,8.583536508183204,908.9999999999999,433.8652001398767,558732.2101097052,0.19223985890652556,0.3750129936183127,5,21,
5:6:4:5:5:2:2:2:5,3424.0,8.337613754505512,863.0000000000001,440.42699880462516,575448.8595865084,0.2768959435626102,0.2974284510008222,9,20,
5:6:4:5:5:2:3:2:5,3604.0,8.703587676418792,898.5999999999998,432.3342125294551,562616.8278804178,0.26807760141093473,0.32065373042999024,10,21,
5:6:4:5:5:2:4:2:5,3292.0,8.133128083785364,914.4,405.0836235063018,513668.29888233973,0.2980599647266314,0.4418310074328914,11,19,
5:6:4:5:5:3:2:2:5,3440.0,8.41861804615948,892.6,440.75643217242487,576864.6376418143,0.30158730158730157,0.28705591159778715,10,20,
5:6:4:5:5:3:3:2:5,3308.0,8.15743656353845,907.9999999999997,409.2665315263016,527112.8080080329,0.3262786596119929,0.3744766077682621,12,19,
5:6:4:5:5:3:4:3:5,3340.0,8.139478566395411,869.7999999999996,405.28434714619885,515878.2723673992,0.345679012345679,0.4266786838338181,14,19,
5:6:4:5:5:4:4:3:5,3356.0,8.086558430096549,821.8,407.2786298647425,512152.5385004629,0.47266313932980597,0.4726933730494086,15,19,
5:6:4:5:5:4:5:2:5,3308.0,8.22889637031574,943.5999999999999,414.184241969024,509391.847027995,0.4603174603174603,0.5411651588246453,12,19,
5:6:4:5:6:2:2:1:5,3408.0,8.326122783415824,856.8000000000001,456.1116181967733,596908.4823739504,0.2275132275132275,0.2876028755292381,8,20,
5:6:4:5:6:2:3:2:5,3424.0,8.390006499394842,871.3999999999997,461.73368515687537,602671.4681099457,0.24691358024691357,0.3034929129523297,9,20,
5:6:4:6:5:2:3:2:5,3440.0,8.454298730619751,890.7999999999998,462.7873802613987,596110.7062130403,0.2927689594356261,0.37394347436203107,10,20,
5:6:4:6:5:2:4:1:5,3392.0,8.40749768713366,911.0,464.0511886047851,587271.9497674934,0.2962962962962963,0.4494812155276876,7,20,
5:6:4:6:5:3:4:2:5,3292.0,8.207393994203263,897.4,464.19239471325056,593074.4730246826,0.37037037037037035,0.41099594018778307,11,19,
5:6:4:6:6:1:1:1:5,3408.0,8.502597147284902,907.4000000000001,505.5725825105401,672962.8715305307,0.1781305114638448,0.16667857048177048,8,20,
5:6:4:6:6:1:2:2:5,3588.0,8.60867289349167,820.1999999999999,472.9175306097764,624222.0290158265,0.1657848324514991,0.23110023341144162,9,21,
5:6:4:6:6:1:3:1:5,3376.0,8.272424750804502,842.6,471.8648337061526,615707.6506367939,0.19576719576719576,0.3052798103481864,6,20,
5:6:4:6:6:2:1:2:5,3440.0,8.45662529624881,869.2,485.7065429730757,644532.2557296463,0.20458553791887124,0.1913999720449392,10,20,
5:6:4:6:6:2:2:1:5,3572.0,8.724107159749165,882.7999999999998,491.76875957777656,651305.4328907094,0.20811287477954143,0.20635324335827543,8,21,
5:6:4:6:6:2:3:2:5,3440.0,8.451237035461435,887.5999999999999,464.25139910663324,606221.184600407,0.25573192239858905,0.300924444993268,10,20,
5:6:4:6:6:2:4:1:5,3556.0,8.654296247614127,870.9999999999999,479.98597239721084,610139.1529030843,0.2839506172839506,0.43215870186542366,7,21,
5:6:4:6:6:3:2:2:5,3472.0,8.432594499690003,810.3999999999999,498.8810813242326,652212.9049051979,0.30158730158730157,0.29383483787609005,12,20,
5:6:4:6:6:3:3:2:5,3276.0,8.195545691797728,908.0,462.8744072493115,604198.9651831323,0.32451499118165783,0.30311673348207346,10,19,
5:6:4:6:6:3:4:1:5,3572.0,8.603463573729986,829.0000000000001,477.16384630490177,607792.2978662412,0.3509700176366843,0.42383770881410776,8,21,
5:6:4:6:7:0:1:0:5,3344.0,8.304530719774071,834.6,530.0689181118978,710871.8931020874,0.08818342151675485,0.10011933849918249,4,20,
5:6:4:6:7:1:1:1:5,3556.0,8.84058875908769,931.6,525.0138264027202,697246.6187369468,0.1657848324514991,0.1851551232547587,7,21,
5:6:4:6:7:2:2:2:5,3456.0,8.671604859508525,932.9999999999999,527.7999553413335,696342.9154299749,0.2204585537918871,0.2343522568069172,11,20,
5:6:4:7:6:2:2:2:5,3588.0,8.726937815875415,827.5999999999999,532.5737416013606,696027.8150853663,0.25925925925925924,0.29585369171398523,9,21,
5:6:4:7:6:2:3:1:5,3524.0,8.720918465195119,889.3999999999999,531.3607697656321,691694.5125351651,0.24514991181657847,0.31894580753316437,5,21,
5:6:4:7:7:1:1:1:5,3540.0,8.842666707772247,936.6000000000001,537.1920233068643,718841.0330815329,0.13403880070546736,0.12070805468275642,6,21,
5:6:4:7:7:1:2:2:5,3440.0,8.586869725510036,897.8000000000001,530.9551343641912,703791.610048956,0.19223985890652556,0.20001781237044713,10,20,
5:6:4:7:7:1:3:1:5,3524.0,8.791972847071552,926.7999999999998,534.2486042895699,696536.3042511449,0.18342151675485008,0.3100591415460839,5,21,
5:6:4:7:7:2:1:2:5,3440.0,8.535067527602347,810.7999999999998,588.5832881505311,780442.5973230479,0.23633156966490299,0.197425192847595,10,20,
5:6:4:7:7:2:2:2:5,3604.0,8.834733595522877,854.5999999999998,550.6939486614722,729898.6094727003,0.20105820105820105,0.20061660830737815,10,21,
5:6:4:7:7:2:3:1:5,3572.0,8.705617661407869,829.9999999999999,534.0852140182612,696124.7378521619,0.26278659611992944,0.3117046867455849,8,21,
5:6:4:7:7:3:3:2:5,3472.0,8.50706095873421,812.9999999999999,538.503563602297,703146.9686816493,0.328042328042328,0.30120226635048714,12,20,
5:6:4:7:8:0:0:0:6,3624.0,8.880649210748151,816.8,594.5281024942019,801848.0204895945,0.031746031746031744,0.04262819811196947,1,22,
5:6:4:7:8:0:1:0:5,3476.0,8.829935952397646,933.8,596.7736850094655,798833.9572123972,0.08818342151675485,0.11767305743965566,2,21,
5:6:4:8:8:0:0:0:5,3328.0,8.379697677254105,823.8,599.4885830030773,808101.6723001767,0.08465608465608465,0.04840914238546219,3,20,
5:6:4:8:8:0:0:0:6,3608.0,9.056329595041802,923.7999999999998,603.1388803887023,816557.2534493204,0.0,0.0,0,22,
5:6:4:8:8:1:1:1:5,3524.0,8.796126005442758,820.6,642.803445086043,860480.9804289013,0.14285714285714285,0.11732873418593016,5,21,
5:6:4:8:8:1:2:0:5,3328.0,8.627006553814176,946.5999999999999,616.912716012638,817623.8540103288,0.12522045855379188,0.20101032987444775,3,20,
5:6:5:4:4:3:4:2:5,3472.0,8.492465638139743,966.4000000000001,376.8280168252351,479269.960658702,0.36684303350970016,0.4299611635609087,12,20,
5:6:5:5:5:1:3:2:5,3588.0,8.930516227293383,1037.7999999999997,437.802700875348,570372.2238294146,0.19400352733686066,0.31430150945359187,9,21,
5:6:5:5:5:2:3:2:5,3096.0,8.089619864258884,1062.3999999999999,428.41446303478733,553036.6529226969,0.26455026455026454,0.36329591491838514,9,18,
5:6:5:5:5:3:3:2:5,3456.0,8.556681156835559,976.3999999999999,419.23821592576184,542283.3479898532,0.31393298059964725,0.35311658497579596,11,20,
5:6:5:5:5:3:4:2:5,3260.0,8.404495231347985,1098.0,407.3487961743074,517171.2246468832,0.30335097001763667,0.4370452580454689,9,19,
5:6:5:5:5:4:3:2:5,3292.0,8.304985380963917,1006.9999999999999,409.92671100654127,525712.4075197672,0.4038800705467372,0.39442171267044185,11,19,
5:6:5:5:5:4:4:2:5,3308.0,8.286940323580275,964.0,426.6951634700166,538935.5169415985,0.4126984126984127,0.4568503796505362,12,19,
5:6:5:5:6:1:3:1:5,3392.0,8.605858990654028,1026.6000000000001,460.92204770083316,601925.0789789214,0.18165784832451498,0.30041810959415266,7,20,
5:6:5:5:6:2:2:2:5,3424.0,8.565308056358418,970.4,462.129667955223,606638.0833337009,0.20987654320987653,0.26832304313213595,9,20,
5:6:5:6:6:1:1:1:5,3408.0,8.567993904524787,961.9999999999999,488.0525438655542,649150.9864924677,0.16049382716049382,0.17288404844424504,8,20,
5:6:5:6:6:1:2:1:5,3556.0,8.972791058479979,1051.3999999999996,480.1725301581487,636250.6133609822,0.14991181657848324,0.20274473381924926,7,21,
5:6:5:6:6:1:3:2:5,3260.0,8.413799244168235,1030.2000000000003,480.4241714433893,625574.3348290117,0.18342151675485008,0.31726243352770905,9,19,
5:6:5:6:6:2:2:1:5,3572.0,8.974399343051235,1038.9999999999998,477.4844275100505,627318.7883964358,0.20811287477954143,0.26288177284978487,8,21,
5:6:5:6:6:2:3:1:5,3572.0,8.943411439920316,1030.0,468.91428643482004,610845.023498696,0.23633156966490299,0.314858619024109,8,21,
5:6:5:6:6:3:3:3:5,3324.0,8.395475104620683,959.5999999999999,476.6343843199263,619860.8560561566,0.30158730158730157,0.32431211329962906,13,19,
5:6:5:6:6:3:4:2:5,3276.0,8.456231284911492,1022.5999999999999,496.0831385448159,634168.7246349637,0.3298059964726631,0.4086186398892009,10,19,
5:6:5:6:7:1:2:1:5,3524.0,9.009697677487566,1055.0,529.4985831354498,698072.2406817495,0.14638447971781304,0.23947710344244272,5,21,
5:6:5:6:7:2:2:1:5,3408.0,8.658952858992661,971.3999999999999,530.2262710488393,701941.9001845759,0.2275132275132275,0.20953005143956577,8,20,
5:6:5:7:6:3:3:1:5,3392.0,8.725997227918135,1024.2,531.4404282295828,682332.1461687265,0.3262786596119929,0.38917276736676254,7,20,
5:6:5:7:6:3:4:1:5,3064.0,8.172389963352476,1030.4,539.3451092208536,690564.0320252682,0.3474426807760141,0.40169018797819644,7,18,
5:6:5:7:7:1:1:1:5,3524.0,8.90499814047454,977.4000000000001,547.733945649064,732278.303451521,0.12874779541446207,0.12899483277621138,5,21,
5:6:5:7:7:1:2:1:5,3392.0,8.6830588428452,991.9999999999999,539.2943638932287,713959.8459467607,0.1763668430335097,0.20939264683072342,7,20,
5:6:5:7:7:2:3:2:5,3604.0,9.009359029281283,961.6,542.7065696024873,707159.3571607881,0.291005291005291,0.3133488132413518,10,21,
5:6:5:7:7:3:3:1:5,3212.0,8.397721085759636,1014.4,535.1078556257145,696363.5482060116,0.30335097001763667,0.3206331686534869,6,19,
5:6:5:8:8:0:0:0:5,3444.0,8.947751518743688,1006.6000000000001,622.7751111276713,843141.6889113089,0.0,0.0,0,21,
5:6:6:5:5:2:3:1:5,3064.0,8.243296519081401,1152.4,457.54912631915386,593541.9065381547,0.25925925925925924,0.3380670196929291,7,18,
5:6:6:5:5:3:4:2:5,3096.0,8.236687386658891,1121.3999999999999,452.80174823559145,572549.1835394418,0.30864197530864196,0.4526839621052582,9,18,
5:6:6:5:5:4:5:3:5,3160.0,8.285306312060985,1122.5999999999997,415.1686789385796,516464.62581628835,0.4497354497354497,0.5081759453084111,13,18,
5:6:6:5:6:1:2:1:5,3376.0,8.77689606842524,1143.7999999999997,456.70007079711036,604472.5145337302,0.14991181657848324,0.21115275598966668,6,20,
5:6:6:5:6:2:3:1:5,3080.0,8.248623776411202,1138.2,458.7696812251511,598466.6436269385,0.21164021164021163,0.3067836145300071,8,18,
5:6:6:6:6:2:2:1:5,3196.0,8.502121648133908,1138.6000000000001,486.10297449192615,638640.465287586,0.20634920634920634,0.262895780064662,5,19,
5:6:6:6:6:2:3:1:5,3064.0,8.31487937681762,1177.8,472.7366066555906,612232.6902866872,0.2786596119929453,0.3467832241487064,7,18,
6:5:1:5:5:3:4:3:5,3700.0,8.026574053106858,443.8,407.2674881115885,516643.55811996554,0.3985890652557319,0.4402749292134135,16,21,
6:5:1:5:5:4:4:4:5,3716.0,8.07222660608095,437.6,423.3524856478977,532624.7334476847,0.42151675485008816,0.47098249134366427,17,21,
6:6:1:4:4:4:4:4:5,3764.0,8.173115165809334,477.20000000000005,392.95629901389185,491055.02536188345,0.4638447971781305,0.49383024203022596,20,21,
6:6:1:4:4:4:4:4:6,3896.0,8.405712808330245,479.2,390.83916232324896,487920.8716067635,0.48148148148148145,0.49706086541403116,18,22,
6:6:1:4:4:4:5:4:5,3732.0,8.117740520768999,497.5999999999999,373.1588752760223,464114.0332389795,0.48853615520282184,0.5087786165296215,18,21,
6:6:1:4:4:4:5:4:6,3880.0,8.347694448537005,481.00000000000006,372.14275232048175,463212.808630321,0.43915343915343913,0.5063613508798517,17,22,
6:6:1:4:4:5:4:4:5,3764.0,8.171554648688259,474.8000000000002,394.4714858062428,493298.06823953195,0.54673721340388,0.49151815802363535,20,21,
6:6:1:4:4:5:4:4:6,3912.0,8.433480700992163,475.20000000000005,394.583557462557,493463.9761868231,0.5079365079365079,0.49134714340981733,19,22,
6:6:1:4:4:5:5:4:5,3764.0,8.174266312484585,482.40000000000003,388.40899917876044,484323.3216807169,0.527336860670194,0.5007691483585123,20,21,
6:6:1:5:4:4:4:4:6,3912.0,8.43260793777928,474.3999999999998,394.88870072085234,493915.7022813464,0.4991181657848324,0.4908815131318967,19,22,
6:6:1:5:4:4:5:4:5,3732.0,8.140077268137539,483.40000000000003,400.02381103398477,496249.4282773424,0.4603174603174603,0.5165655884999606,18,21,
6:6:1:5:4:5:4:3:6,3864.0,8.389836078725086,496.0,397.0370566371235,496151.4853479934,0.5202821869488536,0.49385007143338655,16,22,
6:6:1:5:5:2:2:2:6,3768.0,8.183414607799156,427.99999999999994,443.99608262212166,581790.6533547499,0.20987654320987653,0.27972847170441684,10,22,
6:6:1:5:5:2:3:2:6,3784.0,8.270422642267395,450.20000000000005,455.1296381656132,587555.1501942648,0.25220458553791886,0.36302402508426745,11,22,
6:6:1:5:5:3:3:3:6,3980.0,8.646634536436377,500.00000000000017,422.641782159426,546438.5895464877,0.3439153439153439,0.3554270638953555,13,23,
6:6:1:5:5:3:4:4:5,3716.0,8.11065789010105,463.80000000000007,418.9430236872952,532140.2518282894,0.38095238095238093,0.4351892896548455,17,21,
6:6:1:5:5:3:4:3:6,3848.0,8.413536824226197,490.6,431.87537933625356,553162.8752345293,0.3492063492063492,0.40008141629336413,15,22,
6:6:1:5:5:4:3:4:5,3716.0,8.157966781231005,458.2000000000001,451.36716495798044,578504.3415046508,0.4038800705467372,0.3971774589044312,17,21,
6:6:1:5:5:4:3:4:6,3896.0,8.338773821254687,383.2,448.88475665140777,576990.0155132334,0.400352733686067,0.3839140178692383,18,22,
6:6:1:5:5:4:4:4:5,3732.0,8.148751724210854,466.00000000000006,422.342227627554,538114.5432407449,0.4038800705467372,0.4226705086373479,18,21,
6:6:1:5:5:4:4:4:6,3880.0,8.382846305309783,462.8,410.2738551106469,519526.043194774,0.42504409171075835,0.4472005150999655,17,22,
6:6:1:5:5:4:5:3:5,3684.0,8.104018600558778,485.80000000000007,425.1785465168266,528169.3410307221,0.42504409171075835,0.5124963726043685,15,21,
6:6:1:5:5:4:5:4:6,3880.0,8.400666304990883,481.8,401.3777949298313,498253.83060539915,0.4532627865961199,0.5146129473387664,17,22,
6:6:1:5:5:5:4:4:5,3748.0,8.142028793224412,469.99999999999994,398.53032575824153,499306.66869183653,0.5238095238095238,0.4853246121283688,19,21,
6:6:1:5:5:5:4:4:6,4060.0,8.689577334018962,446.00000000000006,420.99034838875104,532555.8984551332,0.5167548500881834,0.4510519670830066,18,23,
6:6:1:5:5:5:5:4:5,3732.0,8.168268554551965,498.19999999999993,401.2082704309645,499306.66869183653,0.5238095238095238,0.5068856875749767,18,21,
6:6:1:6:5:3:3:4:6,4060.0,8.679259739075821,398.0000000000001,463.14027205599075,594953.5424634578,0.37037037037037035,0.38673371610430585,18,23,
6:6:1:6:5:4:3:3:6,4192.0,8.98603003625467,439.80000000000007,463.27903055639763,595597.707871172,0.400352733686067,0.3830843842409951,16,24,
6:6:1:6:5:4:4:3:5,3668.0,8.168183574408147,494.6000000000001,468.76008668941944,593529.7059225938,0.4603174603174603,0.44756685619959735,14,21,
6:6:1:6:6:1:2:1:6,4064.0,8.943384025177119,497.6000000000001,509.298742275426,674928.6100377018,0.18342151675485008,0.2017930808166379,8,24,
6:6:1:6:6:2:2:2:6,4096.0,8.794231557768923,381.59999999999997,508.72929325497864,667350.6745100201,0.21693121693121692,0.2727372673206259,10,24,
6:6:1:6:6:2:3:2:6,3964.0,8.719061677038983,457.59999999999997,522.1079708811026,681156.6840573666,0.2874779541446208,0.30622616412631887,12,23,
6:6:1:6:6:3:2:2:5,3636.0,8.186974375943352,493.6,512.4144711598806,669933.7757377143,0.3386243386243386,0.2935824587340162,12,21,
6:6:1:6:6:3:2:2:6,4128.0,9.08094649039944,491.5999999999999,529.2966600564815,691549.3216124931,0.3403880070546737,0.2975495993155206,12,24,
6:6:1:6:6:3:3:3:5,3668.0,8.170037655243783,486.40000000000003,478.0113505232257,615439.7119219739,0.35802469135802467,0.3761349119072469,14,21,
6:6:1:6:6:3:3:3:6,4012.0,8.67129463600092,423.0000000000001,481.62405861252256,626159.5000193355,0.36507936507936506,0.3259988453812464,15,23,
6:6:1:6:6:3:4:2:5,3636.0,8.132677330040202,501.8,473.42804613279395,603182.8114576724,0.36507936507936506,0.42281596334099236,12,21,
6:6:1:6:6:3:4:3:6,4160.0,8.975160039047841,459.99999999999994,468.91574214012593,600512.4537692446,0.37389770723104054,0.4007711544419036,14,24,
6:6:1:6:6:4:3:4:5,3748.0,8.200850265812347,436.8,465.08210071560114,599494.6555869726,0.43386243386243384,0.3704821661962754,19,21,
6:6:1:6:6:4:3:4:6,3896.0,8.460945205052063,431.59999999999997,469.75593126451923,606413.6720257448,0.4074074074074074,0.36321663980668056,18,22,
6:6:1:6:6:4:4:3:6,4012.0,8.752720616768343,481.2000000000001,469.5925897076504,601407.6820727552,0.400352733686067,0.400561128618044,15,23,
6:6:1:6:7:1:2:1:6,4196.0,9.087736229526591,429.0,527.7464421415775,698225.4220773296,0.1657848324514991,0.21414518648539102,6,25,
6:6:1:6:7:2:2:2:6,4080.0,8.923408932670847,453.20000000000005,526.3728648243707,696266.1507856764,0.25396825396825395,0.21565006998398759,9,24,
6:6:1:7:7:0:0:0:6,4000.0,8.95716054361963,492.99999999999994,585.71002823233,786462.3915294342,0.09523809523809523,0.08815876143079691,4,24,
6:6:1:7:7:0:1:1:6,4196.0,9.051446326829872,377.8,558.3700673125379,747925.3236541061,0.09700176366843033,0.11149644655562206,6,25,
6:6:1:7:7:1:2:1:6,3900.0,8.708529862004305,464.80000000000007,572.9364317564406,758699.2492161337,0.17989417989417988,0.2074022256689336,8,23,
6:6:1:7:7:2:1:1:6,4048.0,8.922507867702556,436.6000000000001,574.4619609873492,763168.8036124902,0.20811287477954143,0.18252753320131887,7,24,
6:6:1:7:7:2:2:2:6,4080.0,8.960599548293798,455.9999999999999,544.6599438825834,718778.0198645181,0.25396825396825395,0.23247550026220679,9,24,
6:6:1:7:7:2:3:1:6,3884.0,8.705133839392568,501.2,550.6108869355868,717856.9069097784,0.2751322751322751,0.3101559658367641,7,23,
6:6:1:7:7:3:2:3:6,4012.0,8.754565661286753,421.0,530.8387299495886,698131.5099913363,0.37389770723104054,0.25610268130197417,15,23,
6:6:1:7:7:3:3:2:6,4096.0,8.890312482835931,405.80000000000007,539.007177767972,700204.0937342882,0.30158730158730157,0.3303903016595158,10,24,
6:6:1:8:8:0:0:0:6,3984.0,9.026994593954472,501.8000000000001,632.5059347721851,850348.5770835329,0.05114638447971781,0.07587303710177307,3,24,
6:6:1:8:8:1:0:0:6,3836.0,8.714558757198192,476.00000000000006,629.154815331375,844063.051355371,0.1781305114638448,0.09661879340207258,4,23,
6:6:1:8:8:1:1:1:6,3884.0,8.614744374472263,393.00000000000006,607.5600603257735,812693.6132345565,0.1693121693121693,0.12418621956728815,7,23,
6:6:2:4:4:4:4:3:6,3864.0,8.425568485718596,522.8000000000001,390.4973314024433,492441.94449014706,0.42328042328042326,0.462604329059443,16,22,
6:6:2:4:4:4:5:4:5,3748.0,8.242194587895499,550.0,375.3243313367483,467950.03966524126,0.42504409171075835,0.5011576428369441,19,21,
6:6:2:4:4:5:5:4:5,3732.0,8.140790255064536,514.5999999999999,369.2280746215912,452362.26460833667,0.527336860670194,0.5513598651240715,18,21,
6:6:2:5:4:5:5:4:6,3896.0,8.488812532913379,520.0,397.1567061618849,493463.9761868231,0.5079365079365079,0.5118556647701451,18,22,
6:6:2:5:5:2:2:2:6,3752.0,8.4268531544559,572.6,453.42573857649535,595264.9395739832,0.25396825396825395,0.26775271564233344,9,22,
6:6:2:5:5:2:3:3:5,3652.0,8.335039671225513,622.8000000000001,451.167493584865,587399.0241698234,0.2716049382716049,0.31802743446601067,13,21,
6:6:2:5:5:2:3:2:6,3800.0,8.417818453338135,523.1999999999999,449.70306304272384,585113.8655721685,0.24867724867724866,0.3216685805905042,12,22,
6:6:2:5:5:2:4:3:5,3652.0,8.13393255405853,536.2,423.7397581511862,541253.2162128894,0.26631393298059963,0.41208283136308543,13,21,
6:6:2:5:5:3:3:2:5,3636.0,8.153169953168145,551.6,435.24736344633806,561494.1696033699,0.31746031746031744,0.36649580244879526,12,21,
6:6:2:5:5:3:3:3:6,4144.0,9.052189799453414,530.8,457.7916162900857,593000.6314838647,0.3386243386243386,0.3456995601767951,13,24,
6:6:2:5:5:3:4:4:5,3732.0,8.200280498462407,505.59999999999997,411.95904262818397,523636.80440622603,0.3950617283950617,0.4323827513005529,18,21,
6:6:2:5:5:3:4:3:6,3848.0,8.486728599059369,521.0000000000001,442.9751156666618,566935.814478283,0.3527336860670194,0.4035473025880247,15,22,
6:6:2:5:5:3:5:3:5,3668.0,8.265542811758488,617.4000000000001,401.16277426706216,498486.56911009277,0.3439153439153439,0.5115807551842589,14,21,
6:6:2:5:5:4:3:4:5,3748.0,8.327994435028403,515.5999999999999,458.3728446611038,588241.6196220121,0.49559082892416223,0.3913317977871449,19,21,
6:6:2:5:5:4:4:4:5,3716.0,8.266035812864613,554.9999999999999,415.8423058942354,524881.0695586,0.43386243386243384,0.4592838866200306,17,21,
6:6:2:5:5:4:4:4:6,3880.0,8.537099897408039,531.3999999999999,429.13564183035834,546757.5645539125,0.41622574955908287,0.4227659957614448,17,22,
6:6:2:5:5:4:5:3:6,3816.0,8.464969770448885,553.1999999999999,430.43785984451847,535852.0434888866,0.41798941798941797,0.5059080336917204,13,22,
6:6:2:5:5:5:4:4:5,3748.0,8.233116678828447,510.40000000000015,409.77715689572915,516373.576321745,0.5061728395061729,0.46527071736400083,19,21,
6:6:2:5:5:5:4:4:6,3880.0,8.490942062215726,512.2,422.1641492763176,527977.9514469575,0.5255731922398589,0.4912115366510928,17,22,
6:6:2:5:5:5:5:4:5,3732.0,8.230543060640139,533.2,401.51791538295964,498298.83159490983,0.5238095238095238,0.5153896099490212,18,21,
6:6:2:6:5:4:4:4:6,3880.0,8.575265903625976,517.9999999999999,464.1757673559273,594446.9210880043,0.4497354497354497,0.40073625643386435,17,22,
6:6:2:6:6:1:1:1:6,3720.0,8.443802899962966,585.7999999999998,481.83624427900156,640912.8914948765,0.14638447971781304,0.17250115490906323,7,22,
6:6:2:6:6:1:2:2:6,3916.0,8.737580155748207,566.7999999999998,471.4079483092327,620947.3351387508,0.1781305114638448,0.24547578349634117,9,23,
6:6:2:6:6:1:3:1:6,3720.0,8.593418881862544,646.1999999999997,506.2685060160622,660112.1947752119,0.16225749559082892,0.3095729854769457,7,22,
6:6:2:6:6:2:1:1:6,3736.0,8.642933893190722,644.2,520.3435174391398,692895.8270254381,0.21516754850088182,0.16342790806350446,8,22,
6:6:2:6:6:2:2:2:6,4080.0,8.974580783284845,539.4,469.18730412250744,616212.9763427277,0.21869488536155202,0.2650552696446102,9,24,
6:6:2:6:6:2:3:2:6,3768.0,8.497174477381705,586.2,463.6979286754269,603887.663637027,0.24514991181657847,0.31638752850999596,10,22,
6:6:2:6:6:3:2:2:5,3636.0,8.204841695532515,537.2000000000002,478.9452413669362,627453.1282156906,0.3262786596119929,0.28105719499906184,12,21,
6:6:2:6:6:3:2:2:6,3784.0,8.614058527194665,607.1999999999999,492.9711849193752,647150.8889899671,0.3315696649029982,0.2680522770257097,11,22,
6:6:2:6:6:3:3:3:5,3652.0,8.276099380533092,566.4,474.1483487622639,616184.1917373909,0.3350970017636684,0.3282917257732576,13,21,
6:6:2:6:6:3:3:2:6,3800.0,8.553990171538192,576.5999999999999,473.5124272621546,618244.8642031964,0.31393298059964725,0.3015893241026021,12,22,
6:6:2:6:6:3:4:2:6,3932.0,8.906148726188432,631.1999999999996,486.58632774884194,623167.5323989878,0.31569664902998235,0.40058998458298184,10,23,
6:6:2:6:6:4:3:3:6,4028.0,8.834750848045845,510.40000000000003,470.9037308419946,604406.8221739207,0.4074074074074074,0.3906956499498229,16,23,
6:6:2:6:7:0:1:1:6,3852.0,8.793783063470146,605.8,528.2749969875725,704433.3505478001,0.08465608465608465,0.15173388471011273,5,23,
6:6:2:6:7:1:1:1:6,3884.0,8.847151257183917,602.2,530.1347628232816,706507.9833134012,0.14638447971781304,0.15660900113152393,7,23,
6:6:2:6:7:1:2:1:6,4032.0,9.080266848885698,589.8,526.71130331819,697294.3132913924,0.18518518518518517,0.20946876690850388,6,24,
6:6:2:6:7:2:2:2:6,3916.0,8.91981203482348,614.6,526.9334237449127,696435.4889834375,0.2204585537918871,0.2216560279567522,9,23,
6:6:2:7:6:2:2:2:6,3784.0,8.595774847036337,559.1999999999998,530.6043382696033,695867.6457538344,0.2751322751322751,0.27437362466272724,11,22,
6:6:2:7:6:2:3:1:6,3900.0,8.8681177878916,596.0000000000001,532.222785734538,694915.0729564654,0.26102292768959434,0.3014648703015107,8,23,
6:6:2:7:7:0:0:0:6,3820.0,8.752655954593187,568.7999999999998,573.9559262543373,771038.2197698134,0.05114638447971781,0.08357337196163309,3,23,
6:6:2:7:7:0:1:1:6,3852.0,8.91465212733575,651.2,551.4077561993703,739084.8962482807,0.08465608465608465,0.10532208689906208,5,23,
6:6:2:7:7:1:0:0:6,4000.0,8.984924567567793,523.0,571.4522298109391,768531.7048170554,0.1111111111111111,0.07239753118322322,4,24,
6:6:2:7:7:1:1:1:6,3688.0,8.516929047719975,595.7999999999998,545.298770057226,725783.4720228474,0.14814814814814814,0.16734469220210255,5,22,
6:6:2:7:7:1:2:1:6,3852.0,8.745170669549367,560.5999999999998,545.9117696344922,723539.7585490745,0.14991181657848324,0.20083264915446494,5,23,
6:6:2:7:7:2:1:1:6,3720.0,8.460036388497908,541.6,535.2406322783137,712113.4422379053,0.20282186948853614,0.17060880420010766,7,22,
6:6:2:7:7:2:2:2:6,3752.0,8.677784541399214,614.1999999999999,554.1038349733543,734214.2046016202,0.23633156966490299,0.20273207290532327,9,22,
6:6:2:7:7:2:3:1:6,3868.0,8.984836415713508,649.3999999999999,577.0022477095595,752747.9804934065,0.24514991181657847,0.3064226386975792,6,23,
6:6:2:7:7:3:2:2:6,3800.0,8.715933282828935,597.8000000000001,544.1341713640061,713049.1730239654,0.31922398589065254,0.2793545924096286,12,22,
6:6:2:7:8:0:0:0:6,3820.0,8.772959683326143,558.6,595.6681404459224,800433.2174445747,0.05114638447971781,0.08075207428904316,3,23,
6:6:2:7:8:1:1:0:6,3672.0,8.59321394771422,606.1999999999999,594.1523083539631,795795.9136461308,0.12522045855379188,0.11218795023604362,4,22,
6:6:2:8:8:0:0:0:6,3640.0,8.658861403915562,652.1999999999999,617.3744160201238,834154.5428491662,0.04056437389770723,0.022960391750629368,2,22,
6:6:2:8:8:0:1:0:6,3656.0,8.657144798933931,627.6,625.0011009955384,838165.8110585429,0.09876543209876543,0.10033609886213159,3,22,
6:6:2:8:8:1:0:0:6,3836.0,8.902924431621193,593.0,618.9581527292155,830258.3389093706,0.1781305114638448,0.09806773090458129,4,23,
6:6:2:8:8:1:1:0:6,3984.0,9.009901049967903,525.8,598.8138953318,799455.168535147,0.10934744268077601,0.14133267740936653,3,24,
6:6:2:8:8:2:1:1:6,3900.0,8.837127950154898,509.00000000000006,601.6515477378271,798693.2967094327,0.2345679012345679,0.1884371352737392,8,23,
6:6:3:5:5:1:3:2:6,3768.0,8.748422217996708,743.9999999999999,448.3553976041342,584341.3917670179,0.19223985890652556,0.3121321644585013,10,22,
6:6:3:5:5:2:3:2:6,3752.0,8.70080743885592,731.6,449.7578178313058,581628.7521033665,0.25220458553791886,0.3542740254745568,9,22,
6:6:3:5:5:2:4:2:6,3768.0,8.607388329312316,691.8,420.5891827200831,532269.8918019292,0.2927689594356261,0.4494774288565809,10,22,
6:6:3:5:5:3:3:3:5,3652.0,8.610311004891436,773.2000000000002,456.8463397734439,591969.6238687029,0.3403880070546737,0.3439842445205775,13,21,
6:6:3:5:5:3:3:2:6,3800.0,8.871964000352632,771.1999999999999,459.2035881999427,588837.4568567142,0.3368606701940035,0.394962077199993,12,22,
6:6:3:5:5:3:4:3:5,3652.0,8.367086491211056,678.5999999999999,413.5380405166692,519464.33119153563,0.3403880070546737,0.4764383898016038,13,21,
6:6:3:5:5:3:4:2:6,3800.0,8.687082749678693,677.7999999999998,447.775919067819,572752.412169158,0.31746031746031744,0.406055498229269,12,22,
6:6:3:5:5:4:3:3:5,3668.0,8.50000961700025,706.3999999999999,445.1054528391421,573391.758107206,0.4109347442680776,0.37346460854616415,14,21,
6:6:3:5:5:4:4:3:5,3684.0,8.546714569166951,712.1999999999999,449.78716071766195,570489.2518863467,0.4603174603174603,0.44091257061265554,15,21,
6:6:3:5:6:1:2:2:6,3916.0,8.982667918784811,721.0,456.1727099509879,599038.7527080883,0.15520282186948853,0.2659388206093289,9,23,
6:6:3:6:5:2:3:1:6,3736.0,8.581331251220528,664.9999999999998,464.6148194420391,595909.80382976,0.2716049382716049,0.39394719890662117,8,22,
6:6:3:6:6:1:1:0:6,3672.0,8.589528961665932,695.0,503.26292126458316,674062.3163491727,0.11816578483245149,0.1121622302416976,4,22,
6:6:3:6:6:1:2:2:6,3752.0,8.867065399203822,800.6,475.0260813485662,629275.9775290182,0.1763668430335097,0.20461620518160287,9,22,
6:6:3:6:6:1:3:2:6,3916.0,9.012280822796935,686.6,507.36322652586205,661512.9954444652,0.19576719576719576,0.3098056014904729,9,23,
6:6:3:6:6:2:1:2:6,3752.0,8.795108478687691,731.1999999999998,503.6265074159211,669649.1566065705,0.2310405643738977,0.17550986632602625,9,22,
6:6:3:6:6:2:2:1:6,3884.0,8.868493907687753,661.9999999999999,482.43604565895686,638642.4522773026,0.27336860670194,0.20990671875229358,7,23,
6:6:3:6:6:2:3:3:5,3668.0,8.67542071659669,781.8,469.163546310323,605279.2297950995,0.2980599647266314,0.36624144459562336,14,21,
6:6:3:6:6:2:3:1:6,3736.0,8.749558175299542,759.1999999999998,465.79948539484036,605611.4719641823,0.27336860670194,0.32576570191591675,8,22,
6:6:3:6:6:2:4:1:6,3736.0,8.76209351103887,741.8,490.3070207590391,626463.8527275814,0.2839506172839506,0.4108305635489804,8,22,
6:6:3:6:6:3:2:2:6,3752.0,8.739972919215017,710.8,492.76464519491407,646099.5881947409,0.30335097001763667,0.2757757217067589,9,22,
6:6:3:6:6:3:3:3:5,3652.0,8.505695492811821,688.1999999999999,482.5293444243025,628089.0615887608,0.3350970017636684,0.31930097457741763,13,21,
6:6:3:6:6:3:3:2:6,3752.0,8.754014775490432,736.4,475.12637770307566,618196.2835097864,0.3368606701940035,0.32163370415010495,9,22,
6:6:3:6:6:3:4:2:6,3752.0,8.650109943174886,663.1999999999997,489.4123377801607,626344.6883742482,0.30511463844797176,0.40371026124556536,9,22,
6:6:3:6:7:1:1:1:6,3852.0,8.910815804785136,677.6,522.8325613131717,697589.6241554692,0.15167548500881833,0.14663634380919754,5,23,
6:6:3:6:7:1:2:1:6,3688.0,8.807001582415007,777.4,528.169897229309,698990.5269682367,0.15520282186948853,0.2119722094917135,5,22,
6:6:3:7:6:1:3:0:6,3836.0,9.038559874296881,754.1999999999999,534.6634487263317,695807.069599512,0.18342151675485008,0.32045670052682773,4,23,
6:6:3:7:6:3:3:1:6,3720.0,8.873640953465948,773.0,538.3544206151928,693538.5843096821,0.31216931216931215,0.3733110585689657,7,22,
6:6:3:7:7:0:0:0:6,3640.0,8.77346921362925,745.6000000000001,588.9570441277848,794923.5105831756,0.04938271604938271,0.03458170242883328,2,22,
6:6:3:7:7:0:1:1:6,3688.0,8.694944007682176,680.4,561.6332523557943,751808.7073339153,0.08112874779541446,0.11751001214254297,5,22,
6:6:3:7:7:1:1:0:6,3672.0,8.740426626898245,731.2,552.6218974513044,738561.4070967233,0.1128747795414462,0.13204753779062564,4,22,
6:6:3:7:7:1:2:0:6,3836.0,9.057527851585569,760.3999999999996,539.2182918490176,713409.5786013792,0.15696649029982362,0.21407747782789144,4,23,
6:6:3:7:7:2:1:1:6,3720.0,8.843097389568008,752.5999999999998,541.4362198850612,717922.4376830843,0.20458553791887124,0.19747509806128608,7,22,
6:6:3:7:7:2:2:2:5,3636.0,8.749706637340964,760.0,565.0836633723261,747957.8746170698,0.26455026455026454,0.21082840380650386,12,21,
6:6:3:7:7:2:2:1:6,3736.0,8.702646650023427,663.9999999999999,534.4006505632836,707805.9902902872,0.2310405643738977,0.2059455716194117,8,22,
6:6:3:7:7:2:3:2:6,3768.0,8.859382426156312,718.1999999999998,537.0698356306295,698769.7989319654,0.2804232804232804,0.32181274204486904,10,22,
6:6:3:7:7:3:2:2:5,3636.0,8.585606247211093,682.3999999999997,549.6387421686899,719731.0847117023,0.30687830687830686,0.2839601505035947,12,21,
6:6:3:7:7:3:2:2:6,3768.0,8.958273707540929,772.7999999999998,538.5411921757067,703951.0082746352,0.31216931216931215,0.2947913900551589,10,22,
6:6:3:7:7:3:3:2:6,3768.0,8.779982610876266,672.1999999999999,538.0501403668418,700861.809437119,0.30864197530864196,0.31522550360473156,10,22,
6:6:3:7:8:1:1:1:6,3688.0,8.714467983663901,654.8,598.3033467374314,799476.5170367651,0.15167548500881833,0.1335713154144533,5,22,
6:6:3:8:8:0:0:0:6,3772.0,9.023068646301704,734.2,609.8799224530662,825683.5873210742,0.0,0.0,0,23,
6:6:3:8:8:1:1:0:6,3656.0,8.74959622704435,680.5999999999999,624.4210607341462,833409.5042788417,0.11992945326278659,0.14377017823590627,3,22,
6:6:3:8:8:2:1:1:6,3688.0,8.810745255687582,689.3999999999999,618.2925599748596,821781.7054634865,0.20105820105820105,0.1787848521337256,5,22,
6:6:4:4:5:3:4:2:6,3800.0,8.819396952376552,807.1999999999998,393.39807199750504,501091.1616662848,0.3350970017636684,0.42386761249765886,12,22,
6:6:4:5:5:2:4:1:6,3736.0,8.822419856018984,817.8,448.51205836276273,570956.265300541,0.2804232804232804,0.42628933012401,8,22,
6:6:4:5:5:3:3:1:6,3736.0,8.849973980817554,821.7999999999997,460.13524712355354,594512.358421462,0.3386243386243386,0.3588504760685162,8,22,
6:6:4:5:6:2:3:2:6,3768.0,8.985390308545401,868.4,458.3163049452433,596922.1500452221,0.27336860670194,0.31597653517744784,10,22,
6:6:4:6:6:1:1:2:6,3752.0,9.000935334284865,849.4,502.130334539519,665970.9664644621,0.1763668430335097,0.19554651549836274,9,22,
6:6:4:6:6:1:2:1:6,3720.0,8.952537089130153,831.5999999999999,524.4885295367969,695106.0793815563,0.1763668430335097,0.20126918767608712,7,22,
6:6:4:6:6:2:2:1:6,3720.0,8.891395072130429,841.9999999999999,479.42100589795297,631139.7920092519,0.21164021164021163,0.2493874255161498,7,22,
6:6:4:6:6:2:3:1:6,3736.0,8.931995599489257,860.8,467.6415049104089,609292.4457633189,0.26631393298059963,0.3138693375736842,8,22,
6:6:4:6:6:2:4:1:6,3704.0,8.922516290128748,866.0,489.0667365029994,625463.5016767408,0.26102292768959434,0.406782405726056,6,22,
6:6:4:6:6:3:3:2:5,3636.0,8.85983821373665,904.2,483.3282671886808,627425.988807727,0.3492063492063492,0.33426896028679914,12,21,
6:6:4:6:6:3:3:1:6,3736.0,8.95377646372233,845.1999999999998,495.59125493056104,646129.241705161,0.30335097001763667,0.31012038092067595,8,22,
6:6:4:6:7:1:2:1:6,3704.0,8.896580527509641,810.6,529.7611590979666,698610.584775517,0.1693121693121693,0.2375606649277129,6,22,
6:6:4:7:7:0:0:0:6,3656.0,9.001372254555015,862.7999999999998,584.9780683326932,786580.8701178047,0.07054673721340388,0.07421569485670293,3,22,
6:6:4:7:7:0:1:0:6,3672.0,9.050187688116166,876.9999999999999,582.456419161866,777754.0963619178,0.08994708994708994,0.13978657452098278,4,22,
6:6:4:7:7:1:1:0:6,3672.0,8.91357179989827,812.8,569.1952105423189,761198.4396125597,0.10934744268077601,0.12629333143156007,4,22,
6:6:4:7:7:1:2:0:6,3672.0,9.021165649654762,885.5999999999999,557.4009233542489,738279.6482290269,0.19047619047619047,0.20584212499684248,4,22,
6:6:4:7:7:2:1:1:6,3704.0,8.94095443451741,824.9999999999999,540.521164371372,720207.1637866561,0.20282186948853614,0.15828111160874844,6,22,
6:6:4:7:7:2:2:1:6,3704.0,8.996233668250264,857.1999999999999,539.6644898979002,706087.5735482558,0.2328042328042328,0.2890412807119056,6,22,
6:6:4:8:7:2:2:1:6,3688.0,9.053261806742954,842.8000000000002,602.3994444232551,787688.3581729571,0.23809523809523808,0.2927549443139407,5,22,
6:6:4:8:8:0:0:0:6,3640.0,9.001549139155685,860.5999999999999,603.2783619012731,810949.2275766938,0.07407407407407407,0.07717957551290067,2,22,
6:6:4:8:8:1:1:0:6,3672.0,9.025120191641998,812.9999999999999,632.2431486610126,845890.3313185857,0.1128747795414462,0.12225173363170176,4,22,
6:7:1:6:6:1:1:1:6,4196.0,9.157879780548097,486.20000000000005,510.3178355707703,677443.2391129844,0.13932980599647266,0.18848844357125447,6,25,
6:7:1:6:6:2:2:1:6,4196.0,9.192876442180514,497.0,519.3609427163518,686011.4721347868,0.21164021164021163,0.22603043183081517,6,25,
6:7:1:6:6:3:3:3:6,4192.0,9.126773724019438,471.6,511.2807015190211,667044.8701016488,0.3915343915343915,0.3061057249686473,16,24,
6:7:1:7:7:1:1:0:6,4164.0,9.121230825696626,423.40000000000003,584.3378781699872,780455.4756509436,0.14814814814814814,0.13765484977616663,4,25,
6:7:1:7:7:3:2:3:6,4144.0,9.106512830004108,482.20000000000005,537.1927746123291,705050.5264301085,0.3474426807760141,0.26944803555285834,13,24,
6:7:1:8:8:0:0:0:6,4132.0,9.161566765656971,455.6000000000001,607.0083561275026,817956.2693691351,0.026455026455026454,0.052062853380681055,2,25,
6:7:1:8:8:1:0:1:6,4180.0,9.274285133136443,436.20000000000016,642.3196704883632,861508.3015517982,0.18342151675485008,0.0990336557000872,5,25,
6:7:1:8:8:1:1:1:6,4196.0,9.331387688049631,481.8000000000002,613.0968191241404,820831.106776891,0.19223985890652556,0.11601789439880633,6,25,
6:7:1:9:9:0:0:0:6,4164.0,9.187233448375205,357.20000000000005,687.961365228741,926062.1418180973,0.08818342151675485,0.06311032517822797,4,25,
6:7:2:6:6:1:2:2:6,4080.0,9.180975231439707,652.1999999999995,473.41295622631463,622525.2281173496,0.19223985890652556,0.2569890757462029,9,24,
6:7:2:6:6:2:1:1:6,4196.0,9.432084494641058,630.3999999999999,521.591908461481,695161.7026198433,0.23985890652557318,0.15613760122102724,6,25,
6:7:2:6:6:2:2:2:6,4080.0,9.102336011717975,562.1999999999998,518.8245186440914,686720.7700038679,0.21164021164021163,0.21090898152553259,9,24,
6:7:2:6:6:2:3:2:6,4096.0,9.114907828345084,570.7999999999997,501.352738671663,652580.5121871488,0.291005291005291,0.319389142294647,10,24,
6:7:2:6:6:3:3:2:6,4112.0,9.185050848193656,609.3999999999999,486.52383092580277,628052.9958364709,0.3844797178130511,0.3632686270618571,11,24,
6:7:2:6:7:1:1:1:6,4016.0,9.10478149599711,623.0000000000001,523.4111082303606,700148.5936716988,0.10405643738977072,0.12398423525282216,5,24,
6:7:2:6:7:1:2:1:6,4180.0,9.426487530967405,635.1999999999999,529.6184300585192,699587.5956786626,0.18342151675485008,0.22575048481167723,5,25,
6:7:2:7:7:0:0:0:6,4100.0,9.400834580899664,643.5999999999998,586.6732073701105,794265.2653626112,0.0,0.0,0,25,
6:7:2:7:7:0:1:0:6,4148.0,9.371441317208868,627.3999999999999,538.2072268574289,719708.9793846899,0.07760141093474426,0.12690201891108174,3,25,
6:7:2:7:7:1:0:0:6,4148.0,9.333823013228425,586.6,557.677648500517,750975.8012230153,0.10052910052910052,0.05913139768475582,3,25,
6:7:2:7:7:1:1:1:6,4180.0,9.355666933985091,584.8000000000001,539.8631515695472,721695.9746240252,0.13580246913580246,0.12973750502365283,5,25,
6:7:2:7:7:1:2:1:6,4180.0,9.261967364251188,536.3999999999999,535.1354955304239,708631.1584719518,0.13580246913580246,0.2075186514217438,5,25,
6:7:2:7:7:1:3:1:6,4032.0,9.19595366698646,623.5999999999999,558.5057291813235,727733.1529237883,0.18694885361552027,0.31345023108980014,6,24,
6:7:2:7:7:2:1:1:6,4048.0,9.310120147414171,649.1999999999999,581.6381235838352,774420.1440401056,0.21516754850088182,0.16446221940901656,7,24,
6:7:2:7:7:2:2:1:6,4196.0,9.316705881511657,547.0,539.572234817109,713991.3244215128,0.2204585537918871,0.21290053848515852,6,25,
6:7:2:7:7:2:3:1:6,4032.0,9.162069662367765,609.8000000000001,553.0934985625225,722202.6580907464,0.2257495590828924,0.30116131898595233,6,24,
6:7:2:7:7:3:2:2:6,4128.0,9.186744413868439,530.2,550.6840826634052,725578.8381862245,0.31040564373897706,0.2435128368499029,12,24,
6:7:2:7:8:0:0:0:6,3968.0,9.130226065067987,616.7999999999998,592.0381788935479,795518.8079582831,0.05114638447971781,0.08121041732614975,2,24,
6:7:2:8:7:1:2:1:6,4180.0,9.416802545320673,560.3999999999999,598.927043196822,788084.5646589787,0.1728395061728395,0.2526458780414115,5,25,
6:7:2:8:8:0:0:0:6,4100.0,9.461808640709917,633.6,631.2454992825222,854609.2913363379,0.0,0.0,0,25,
6:7:2:8:8:0:1:0:6,4000.0,9.174365331943303,588.4000000000001,613.4651432118534,821491.532062913,0.09171075837742504,0.11413101845462884,4,24,
6:7:2:8:8:1:0:0:6,4132.0,9.318824621795562,534.5999999999999,617.1735605580844,831846.243064407,0.10934744268077601,0.0496166179010256,2,25,
6:7:2:8:8:1:1:1:6,4048.0,9.209585037488514,568.5999999999999,605.2347162559875,811355.2310525515,0.1746031746031746,0.10388772147674591,7,24,
6:7:2:8:8:1:2:1:6,4180.0,9.455369194689304,564.0,617.1943333888353,817660.115152854,0.15520282186948853,0.20414241047096535,5,25,
6:7:2:8:8:2:1:1:6,4032.0,9.266258516848131,615.6,606.3685790528897,804135.5893165424,0.21340388007054673,0.19636867849733206,6,24,
6:7:3:5:5:2:3:1:6,4032.0,9.140199495368275,691.3999999999997,459.09311387381223,596527.643757606,0.20987654320987653,0.3291330045486789,6,24,
6:7:3:6:6:1:1:1:6,4032.0,9.18795915447054,665.3999999999999,512.172840584797,680753.774148603,0.15167548500881833,0.1785800382305482,6,24,
6:7:3:6:6:1:2:0:6,4000.0,9.213575191101162,739.3999999999999,484.69713335435995,640433.1039955051,0.15167548500881833,0.22368769537487215,4,24,
6:7:3:6:6:2:2:1:6,4048.0,9.16272466222202,653.3999999999999,493.864883479886,654115.340404099,0.27336860670194,0.20596411144158605,7,24,
6:7:3:6:6:2:3:2:6,4080.0,9.24278002122371,682.1999999999999,478.4562720338441,623984.2056173821,0.2927689594356261,0.30831072247914343,9,24,
6:7:3:6:6:3:2:1:6,3900.0,9.185287724715973,788.8000000000001,519.2581399139567,678170.5629134506,0.30335097001763667,0.2998618413530403,8,23,
6:7:3:6:6:3:3:2:6,3948.0,9.111046731714726,752.4,465.56349688225094,597853.692891635,0.3350970017636684,0.3883795107352118,11,23,
6:7:3:6:7:1:1:1:6,4196.0,9.687497588058505,767.5999999999999,529.2111324291726,706935.1837592578,0.12874779541446207,0.13630174443409412,6,25,
6:7:3:6:7:1:2:1:6,4196.0,9.745791650508703,799.3999999999999,530.4638658384355,700309.0801751913,0.14814814814814814,0.22978673091963422,6,25,
6:7:3:6:7:2:2:2:6,4080.0,9.305806275965601,666.0,530.3921584724962,700496.9687730597,0.2257495590828924,0.22690493994813826,9,24,
6:7:3:7:6:2:2:2:6,3932.0,9.140452033319553,718.4,532.236302892187,695913.4629035494,0.2328042328042328,0.29302160748979783,10,23,
6:7:3:7:6:2:3:1:6,4016.0,9.31006782006687,729.4,533.408453977915,695158.8867957098,0.20282186948853614,0.31239773985367775,5,24,
6:7:3:7:7:0:0:0:6,4100.0,9.588634049913356,773.8,562.9555063008727,762155.1469919508,0.0,0.0,0,25,
6:7:3:7:7:0:1:0:6,4148.0,9.456334953590824,681.5999999999999,532.1419186859963,711496.6292231784,0.08994708994708994,0.12818971672288137,3,25,
6:7:3:7:7:1:0:1:6,4180.0,9.507478523055784,666.1999999999999,544.5403225726291,733275.2578661621,0.13403880070546736,0.059268461926033716,5,25,
6:7:3:7:7:1:1:0:6,3984.0,9.361286554630606,774.4,549.4494764755536,736268.4794880901,0.10052910052910052,0.10777719997180407,3,24,
6:7:3:7:7:1:2:1:6,4016.0,9.33418698180742,735.5999999999999,540.8840186848063,716910.2734837107,0.12522045855379188,0.20046848180702204,5,24,
6:7:3:7:7:2:1:1:6,4064.0,9.353442325209127,690.2,549.2017983935749,728674.65721034,0.20458553791887124,0.19263794296553804,8,24,
6:7:3:7:7:2:2:1:6,4048.0,9.340707191640629,701.4000000000001,546.7809776602373,724513.1925573638,0.2222222222222222,0.20270977787126548,7,24,
6:7:3:7:7:2:3:1:6,3884.0,9.105110826908799,737.6,540.9978388572886,704405.1760654835,0.2292768959435626,0.31761562933760507,7,23,
6:7:3:7:7:3:2:2:6,4080.0,9.48850919169321,761.7999999999998,538.1847116900498,705110.5920816552,0.31040564373897706,0.2806186794590239,9,24,
6:7:3:7:7:3:3:1:6,3884.0,9.10840637014355,739.0,541.4664118713923,697751.7417026908,0.31216931216931215,0.37189523317031015,7,23,
6:7:3:7:8:0:0:0:6,4148.0,9.774482719562334,798.4,595.7317019918436,802431.6637699011,0.07054673721340388,0.056375009619426,3,25,
6:7:3:7:8:0:1:0:6,4148.0,9.768818000425226,797.0,593.9198062411028,796222.322588848,0.07407407407407407,0.10346518517667859,3,25,
6:7:3:7:8:1:0:0:6,3984.0,9.347449295687682,718.7999999999998,597.2037506549146,802196.923959034,0.1111111111111111,0.08445945296422727,3,24,
6:7:3:7:8:1:1:1:6,4016.0,9.414943782860274,723.9999999999999,598.2731248817756,798001.8207109153,0.1693121693121693,0.1492761116670593,5,24,
6:7:3:8:8:0:0:0:6,4116.0,9.55436055889328,699.6,601.7224368924885,811414.5816463158,0.024691358024691357,0.04443609689879031,1,25,
6:7:3:8:8:0:1:0:6,4148.0,9.766829530426978,772.1999999999999,617.5923437520967,826603.7729013573,0.07760141093474426,0.1187615164235652,3,25,
6:7:3:8:8:1:0:1:6,4180.0,9.628112284613374,671.7999999999998,607.3396653757828,816508.4892888791,0.12522045855379188,0.07595008665433338,5,25,
6:7:3:8:8:1:1:0:6,4164.0,9.701824502325566,714.1999999999998,622.7344928185959,835011.8292224185,0.1111111111111111,0.10164303931494645,4,25,
6:7:3:8:8:1:2:0:6,4164.0,9.828203057025583,797.8,610.791133333505,808082.3863525087,0.1781305114638448,0.21427160077287655,4,25,
6:7:3:8:8:2:2:1:6,4196.0,9.679072778208583,686.5999999999998,605.4342652442674,800094.1647305967,0.20987654320987653,0.2225084468175742,6,25,
6:7:3:9:9:0:0:0:6,4100.0,9.713649151426113,719.0,688.6390688586062,932311.3547624208,0.0,0.0,0,25,
6:7:4:5:5:2:3:2:6,3916.0,9.396726386342797,951.3999999999996,460.5438610563661,592463.4866707983,0.2927689594356261,0.38004488376789775,9,23,
6:7:4:6:6:0:1:1:6,3852.0,9.361544526939138,939.5999999999998,516.3957467744913,689484.6619182389,0.09876543209876543,0.14053214643050443,5,23,
6:7:4:6:6:1:1:0:6,3820.0,9.195762513118655,891.9999999999999,501.9973449382774,669898.0214458371,0.10405643738977072,0.14524290449533606,3,23,
6:7:4:6:6:1:2:1:6,3868.0,9.221987823402113,858.4,502.46709586899897,665223.1559169526,0.19047619047619047,0.2091889570952286,6,23,
6:7:4:6:6:1:3:1:6,4180.0,9.844201019219756,900.3999999999997,501.2619778976025,654551.6154719378,0.1657848324514991,0.30090740891271617,5,25,
6:7:4:6:6:2:1:1:6,4016.0,9.557967573733201,888.2,515.1676143067257,683202.9921475548,0.20282186948853614,0.19621569318906493,5,24,
6:7:4:6:6:2:2:1:6,3868.0,9.093370858332873,817.7999999999998,470.1412766747393,619993.3912892933,0.21869488536155202,0.23750229638062398,6,23,
6:7:4:6:6:2:3:1:6,3884.0,9.192507988097463,829.1999999999996,498.95202925126176,651084.8436965833,0.24514991181657847,0.30498485873048553,7,23,
6:7:4:6:6:2:4:1:6,3884.0,9.208648725722886,860.5999999999997,476.70382748487737,608253.7974123082,0.2768959435626102,0.4166399242133784,7,23,
6:7:4:6:6:3:3:2:6,3916.0,9.325687233497831,863.0,508.66466139327014,656880.3596160839,0.31040564373897706,0.3614016811993525,9,23,
6:7:4:6:7:1:1:1:6,3852.0,9.290901579930113,889.5999999999998,526.3411958203744,700802.3519549285,0.12169312169312169,0.1643778486085696,5,23,
6:7:4:7:6:2:3:1:6,3884.0,9.325929118320976,871.8,532.0018100879938,694546.4016732424,0.21340388007054673,0.30214729355330855,7,23,
6:7:4:7:7:0:0:0:6,3984.0,9.48190347587747,818.6,573.6392708225253,772521.9108022086,0.07054673721340388,0.058430148583326215,3,24,
6:7:4:7:7:0:1:0:6,3836.0,9.294144173676134,872.3999999999999,561.3797464743684,752652.5463716553,0.07760141093474426,0.10278122907805892,4,23,
6:7:4:7:7:1:0:0:6,4000.0,9.582660373332118,854.8,578.5684316793104,778277.8444555822,0.12698412698412698,0.0701034781234343,4,24,
6:7:4:7:7:1:1:1:6,3852.0,9.414039978215941,912.6,573.1606676484383,767843.1433619832,0.14814814814814814,0.11020445217428848,5,23,
6:7:4:7:7:1:2:1:6,3852.0,9.303707201380174,884.4,538.8019831825591,713181.366042314,0.15520282186948853,0.21071830003566172,5,23,
6:7:4:7:7:2:2:1:6,3884.0,9.377766885020753,888.9999999999998,544.1938238067672,717828.8706522707,0.2310405643738977,0.23575164176325372,7,23,
6:7:4:7:7:2:3:1:6,3884.0,9.335277872392652,848.8,560.3025536466342,730135.0898651741,0.25220458553791886,0.3129737388405445,7,23,
6:7:4:7:8:0:0:0:6,4100.0,9.776677600033267,847.9999999999999,595.3761992188622,806047.777403998,0.0,0.0,0,25,
6:7:4:8:7:0:2:0:6,4148.0,9.849449703255704,836.8,599.8379817459847,794086.9695316334,0.09523809523809523,0.20963018465661373,3,25,
6:7:4:8:8:0:0:0:6,3772.0,9.23423576185279,837.0,626.8116769705321,848606.5780524126,0.0,0.0,0,23,
6:7:4:8:8:0:1:0:6,3952.0,9.729097013676446,900.8,663.5980067545448,888361.9012782716,0.07231040564373897,0.11686632366346689,1,24,
6:7:4:8:8:1:1:0:6,3984.0,9.5919854413909,806.2,648.4557452686402,861580.7800085853,0.11992945326278659,0.1814928781384879,3,24,
6:7:4:8:8:1:2:1:6,3720.0,9.098544906672908,832.1999999999999,606.6749620835393,803773.3865502778,0.19400352733686066,0.2036771401779181,7,22,
6:7:4:9:8:0:1:0:6,3968.0,9.628464786709044,823.4000000000002,667.9395340640275,891101.2141557836,0.09700176366843033,0.14758090633850496,2,24,
6:7:4:9:9:0:0:0:6,4100.0,9.91240830879506,828.1999999999998,692.1355110867989,937044.9996252047,0.0,0.0,0,25,
6:7:4:9:9:0:1:0:6,3968.0,9.69963905203089,859.4000000000001,672.2953425015147,896998.3086557665,0.09700176366843033,0.1467530568641509,2,24,
6:7:5:5:5:2:4:2:6,3752.0,9.240064456285628,1033.2,453.91654671395094,577795.064814166,0.2945326278659612,0.42658064463601436,9,22,
6:7:5:6:6:0:1:1:6,3852.0,9.589098697072442,1071.3999999999999,513.6189612400746,685865.6307491845,0.09700176366843033,0.13939993720131116,5,23,
6:7:5:6:6:1:1:1:6,3868.0,9.443474677667174,997.5999999999997,488.85014223728876,648771.5254933373,0.13403880070546736,0.19058454140636205,6,23,
6:7:5:6:6:1:2:1:6,3720.0,9.108067144619168,966.1999999999998,478.07407099906897,625310.7095134287,0.1746031746031746,0.2909253785780314,7,22,
6:7:5:6:6:2:3:1:6,3720.0,9.171831706808295,1013.3999999999996,467.02857776030294,604623.1412897464,0.2204585537918871,0.348652483655954,7,22,
6:7:5:7:7:1:0:1:6,3704.0,9.284843624640253,994.1999999999999,566.3063351710235,760240.3898167405,0.1746031746031746,0.09031705854879322,6,22,
6:7:5:7:7:1:1:1:6,3688.0,9.234142973129016,1002.4,545.3590657641528,722925.608511518,0.18165784832451498,0.1995806655361125,5,22,
6:7:5:7:7:1:2:0:6,3656.0,9.102318894971871,957.5999999999998,547.4148134490518,723937.2253674227,0.14991181657848324,0.21729944335057735,3,22,
6:7:5:7:7:2:2:1:6,4016.0,9.74485085907481,958.9999999999999,550.3304370954178,723307.3730723939,0.24691358024691357,0.2603048523307881,5,24,
6:7:5:8:8:0:0:0:6,3968.0,9.859187763237072,992.8000000000001,629.3594617554196,850485.1605922858,0.0564373897707231,0.021151208596639763,2,24,
6:7:5:8:8:0:1:0:6,4000.0,9.906192933433928,1001.1999999999997,615.6113932570381,817771.0809718436,0.09876543209876543,0.183155141694238,4,24,
6:7:6:6:6:1:1:1:6,3704.0,9.353172444474511,1110.6,488.6487760170482,649008.2770985316,0.12874779541446207,0.18446630513713708,6,22,
6:8:5:9:9:0:0:0:6,4100.0,10.117972343812744,965.9999999999999,670.890318941825,908282.2779520092,0.0,0.0,0,25,
7:6:1:5:5:3:3:4:6,4208.0,8.94206850747291,404.4,457.7528437371407,586978.1345596649,0.38095238095238093,0.3949546080204371,17,24,
7:6:1:5:5:3:4:4:6,4208.0,8.943231639468824,417.1999999999999,445.61233957882297,569005.6498991272,0.37918871252204583,0.413480287915548,17,24,
7:6:1:5:5:4:3:4:6,4208.0,8.939445342874015,400.4000000000001,460.2655094095664,590697.8190691248,0.41798941798941797,0.3911204311754089,17,24,
7:6:1:5:5:4:4:4:6,4208.0,8.945307999608842,423.2,440.78963577821344,561866.2453942996,0.41975308641975306,0.4208394441477722,17,24,
7:6:1:6:5:3:3:4:6,4208.0,8.938575965529386,396.8,463.3725724551624,595297.4338955028,0.3844797178130511,0.3863792396527151,17,24,
7:6:1:6:5:4:3:4:6,4208.0,8.93931444173192,396.3999999999999,464.19128846199874,596509.439647679,0.4074074074074074,0.3851299282180446,17,24,
7:6:1:6:6:3:3:4:6,4208.0,8.936675951494054,388.79999999999995,470.29526449712847,605545.6060398711,0.38271604938271603,0.3758156275399489,17,24,
7:6:1:6:6:4:3:4:6,4208.0,8.936591338215553,379.6,479.4472887682186,619094.023278569,0.4462081128747795,0.3618501883928161,17,24,
7:7:0:6:6:3:2:3:7,4652.0,9.709592827626766,332.80000000000024,520.5391332643756,679925.3145700762,0.30158730158730157,0.299146502655521,14,27,
7:7:0:6:6:3:3:3:6,4356.0,9.191630104263897,350.8,504.85426911762903,656705.8521322757,0.3350970017636684,0.32308066293352294,16,25,
7:7:0:6:6:3:3:3:7,4652.0,9.712271820104146,351.20000000000016,503.6581219990513,654935.1072389792,0.30864197530864196,0.3249059115671268,14,27,
7:7:0:7:7:2:1:2:7,4408.0,9.394485184418551,330.6,588.0730995653187,783416.0787399122,0.25220458553791886,0.1598988115155471,9,26,
7:7:0:7:7:2:2:2:7,4456.0,9.454790787502878,338.4000000000001,566.4663765141319,750258.1690111995,0.26455026455026454,0.2061306126744787,12,26,
7:7:0:7:7:3:2:3:7,4652.0,9.70732755747747,314.0000000000001,538.0547250897248,705854.9383563874,0.30511463844797176,0.27241876193747766,14,27,
7:7:0:8:8:0:0:0:7,4656.0,9.886444744058968,287.6000000000001,662.0141698814346,890109.9610850227,0.09700176366843033,0.074852739094178,4,28,
7:7:0:8:8:1:0:1:7,4360.0,9.326039731324364,263.2000000000001,664.6645276609152,894529.2280976388,0.1693121693121693,0.06510517078817196,6,26,
7:7:0:8:8:1:1:1:7,4344.0,9.37313167840762,351.60000000000014,618.9656616571203,826434.65454276,0.14814814814814814,0.14053192822674548,5,26,
7:7:0:8:8:2:1:1:7,4376.0,9.319859652557014,277.80000000000007,630.5604229998273,843558.8183227839,0.20634920634920634,0.12311767532404237,7,26,
7:7:1:5:5:3:3:3:6,4340.0,9.290098228036667,476.0,451.48569529679037,580704.0900025634,0.37918871252204583,0.3809122533155738,15,25,
7:7:1:5:5:3:3:3:7,4472.0,9.573939520133175,501.59999999999997,454.82370791551,583410.588841413,0.31040564373897706,0.3934900129752841,13,26,
7:7:1:5:5:3:4:3:6,4340.0,9.276104403009777,478.40000000000003,441.1511965065442,562445.05438284,0.3862433862433862,0.41996412260374416,15,25,
7:7:1:5:5:3:4:3:7,4488.0,9.405702194911742,406.99999999999994,438.0331445149573,560755.2210004607,0.3562610229276896,0.4024119268198964,14,26,
7:7:1:5:5:4:4:3:6,4356.0,9.209983943941948,451.6,414.460896215084,522889.8683214051,0.42151675485008816,0.4610155187841871,16,25,
7:7:1:6:5:4:3:3:6,4356.0,9.200337369421513,396.3999999999999,464.19128846199874,596509.439647679,0.4074074074074074,0.3851299282180446,16,25,
7:7:1:6:6:1:2:1:6,4212.0,9.189448705195518,485.00000000000017,513.417415845859,680179.6746074533,0.1710758377425044,0.2041045705348477,7,25,
7:7:1:6:6:1:2:1:7,4376.0,9.45970001324656,495.0,492.6499075107992,651195.9043179455,0.15520282186948853,0.22085096187816566,7,26,
7:7:1:6:6:2:2:2:6,4244.0,9.138852634319457,428.20000000000005,509.52944365913265,672734.8323247937,0.26278659611992944,0.22911950063558537,9,25,
7:7:1:6:6:2:2:2:7,4424.0,9.371161351461897,374.20000000000005,515.2484862788957,677051.8050884051,0.26102292768959434,0.26173229819555016,10,26,
7:7:1:6:6:2:3:2:6,4276.0,9.239424312155528,484.59999999999997,478.15358499218337,618263.5247238928,0.24867724867724866,0.35498988719535485,11,25,
7:7:1:6:6:2:3:2:7,4620.0,9.912047398800022,494.20000000000005,505.9308751196126,660618.144140338,0.25925925925925924,0.30117789395408145,12,27,
7:7:1:6:6:3:2:3:7,4488.0,9.50156742673691,384.6,514.7887309598277,673204.168015705,0.32098765432098764,0.29208603187156246,14,26,
7:7:1:6:6:3:3:3:6,4340.0,9.24108917590754,396.4000000000001,503.29756273957446,657113.9796273045,0.37742504409171074,0.3017699119912307,15,25,
7:7:1:6:6:3:3:2:7,4456.0,9.530839183222046,430.2,517.785816886901,675938.1362846531,0.3350970017636684,0.30257365680113046,12,26,
7:7:1:6:6:4:3:3:6,4356.0,9.196440224838883,373.9999999999999,484.381607483647,626398.6595825301,0.4038800705467372,0.3543207145068527,16,25,
7:7:1:6:6:4:3:3:7,4504.0,9.457677855980139,379.60000000000014,478.90334434073793,618288.7821821863,0.4109347442680776,0.3626802149067752,15,26,
7:7:1:7:6:3:3:2:6,4292.0,9.290562045042474,444.20000000000005,531.5486795390838,684960.6789974523,0.3527336860670194,0.37197126773222267,12,25,
7:7:1:7:7:0:0:0:7,4592.0,9.923242792350543,451.20000000000016,583.2786632627575,789669.5748788104,0.0,0.0,0,28,
7:7:1:7:7:1:0:1:7,4344.0,9.465816587696322,447.0,576.118005223814,772710.5877240469,0.12698412698412698,0.09909611788471598,5,26,
7:7:1:7:7:1:1:1:6,4212.0,9.308191421833392,499.2000000000001,566.544536179534,753970.1436276097,0.19929453262786595,0.1683402954341717,7,25,
7:7:1:7:7:1:1:0:7,4328.0,9.40373287488905,466.5999999999999,537.3165400620915,717967.9267047457,0.1111111111111111,0.1337648152955729,4,26,
7:7:1:7:7:1:2:1:6,4228.0,9.202240116746907,447.4000000000001,542.2701461954969,715818.11844054,0.18871252204585537,0.2305556486389428,8,25,
7:7:1:7:7:1:2:1:7,4376.0,9.479508425057908,447.59999999999997,551.2812770078336,729256.5832135361,0.1710758377425044,0.21522023880908744,7,26,
7:7:1:7:7:2:1:1:6,4212.0,9.107432709462856,390.5999999999999,561.3143462654392,744890.6004765084,0.2239858906525573,0.19111865013120366,7,25,
7:7:1:7:7:2:1:1:7,4392.0,9.492802009491664,413.20000000000005,577.2187393817736,767752.3544954433,0.2222222222222222,0.17285413804401475,8,26,
7:7:1:7:7:2:2:1:6,4212.0,9.249986791854829,471.0000000000001,561.7425109816877,744096.5336582357,0.2310405643738977,0.2051681268641978,7,25,
7:7:1:7:7:2:2:2:7,4424.0,9.595580326424926,470.6,546.0940450829327,721898.7596015591,0.2292768959435626,0.220254196674824,10,26,
7:7:1:7:7:2:3:2:7,4752.0,10.084462125878028,402.00000000000006,563.8900253728418,736376.6564001788,0.25220458553791886,0.3005459680557986,10,28,
7:7:1:7:7:3:2:3:6,4308.0,9.217856247747498,366.40000000000015,552.1244924728305,728973.9802540997,0.30335097001763667,0.2291131907352018,13,25,
7:7:1:7:7:3:2:2:7,4572.0,9.848818977836107,432.3999999999999,579.8803604330736,759303.7674978734,0.3439153439153439,0.2841852680893842,9,27,
7:7:1:7:7:3:3:2:7,4424.0,9.59235741230815,457.99999999999994,556.8666527787212,725234.8769142341,0.37213403880070545,0.3163028668996499,10,26,
7:7:1:7:8:0:0:0:7,4312.0,9.494444535722925,479.4000000000001,591.9500517548977,797874.1942250046,0.07760141093474426,0.04928387191155678,3,26,
7:7:1:7:8:1:1:1:7,4508.0,9.844643038042161,478.6000000000001,595.3126025699047,795693.5298962861,0.11816578483245149,0.13117850778760384,5,27,
7:7:1:7:8:2:1:1:7,4376.0,9.580844758494592,459.0,597.3389780664336,795768.0180866874,0.20282186948853614,0.15981263629518358,7,26,
7:7:1:8:8:0:0:0:7,4608.0,9.992576753484604,443.4,614.3910192257707,831009.6658145388,0.019400352733686066,0.010879784587379168,1,28,
7:7:1:8:8:0:1:0:7,4656.0,10.104164446383187,471.0000000000001,602.0612410992675,805684.0377752681,0.09347442680776014,0.12026982544038384,4,28,
7:7:1:8:8:1:0:0:7,4656.0,10.063754708537274,444.80000000000007,605.3489197406341,815029.7494394615,0.13227513227513227,0.06092671750996949,4,28,
7:7:1:8:8:1:1:0:7,4328.0,9.552719798705352,478.79999999999995,609.5921258659345,816075.4120963841,0.10934744268077601,0.11673684823473607,4,26,
7:7:1:8:8:2:1:2:7,4572.0,9.848305663915735,405.40000000000015,606.5893114402202,807728.016521564,0.21516754850088182,0.1635698116672972,9,27,
7:7:1:8:8:3:2:2:7,4588.0,9.98487452421487,468.19999999999993,605.2238552298314,800689.4721296201,0.30864197530864196,0.21452403100019043,10,27,
7:7:1:8:9:0:0:0:7,4444.0,9.806425283436363,450.8,665.4431357084172,900237.7837989873,0.02821869488536155,0.00863056390731371,1,27,
7:7:1:9:9:0:0:0:7,4428.0,9.826593620887271,454.2,689.4785830430831,933447.9278121741,0.0,0.0,0,27,
7:7:1:9:9:1:0:0:7,4656.0,10.037776552159658,366.19999999999993,669.2193050745267,902063.0207406235,0.12345679012345678,0.04881740643445734,4,28,
7:7:2:6:6:1:1:1:6,4212.0,9.329866939954123,596.4,481.63455495398733,638870.0273302421,0.14462081128747795,0.19454806011259976,7,25,
7:7:2:6:6:1:1:1:7,4360.0,9.671425503012804,602.0,521.6982602082602,693240.4960295828,0.14285714285714285,0.18059307081254894,6,26,
7:7:2:6:6:1:2:1:6,4212.0,9.383636336472236,607.6,500.92180277975723,663949.6958630168,0.15520282186948853,0.20038778395086973,7,25,
7:7:2:6:6:1:2:0:7,4328.0,9.561620544106479,569.8,523.6388485083734,693871.4916613122,0.14109347442680775,0.2024597616050404,4,26,
7:7:2:6:6:2:2:1:6,4212.0,9.340504295030021,582.9999999999999,501.0659352820221,663019.235134328,0.2292768959435626,0.21310696001967455,7,25,
7:7:2:6:6:2:2:1:7,4392.0,9.532286219558596,517.3999999999999,495.40628648972444,652138.2208196893,0.2204585537918871,0.2498610933676092,8,26,
7:7:2:6:6:2:3:1:6,4212.0,9.35885570575819,614.7999999999997,479.6711851648936,619914.768410888,0.26807760141093473,0.3575370639288036,7,25,
7:7:2:6:6:2:3:2:7,4408.0,9.776399662314592,628.5999999999999,506.6186085323734,661464.2996005955,0.23809523809523808,0.3016419719382955,9,26,
7:7:2:6:6:3:3:2:6,4260.0,9.46634044431597,594.2000000000002,513.2150319271545,669833.2909159673,0.32275132275132273,0.3037871288493354,10,25,
7:7:2:6:6:3:3:2:7,4440.0,9.640113050221165,550.8,475.14409947540037,617949.396659551,0.3350970017636684,0.3240722159447513,11,26,
7:7:2:6:7:1:1:1:6,4212.0,9.32619555651477,552.6,523.352880543875,696434.2118152445,0.10934744268077601,0.16899595221799027,7,25,
7:7:2:6:7:1:1:1:7,4360.0,9.509142443575291,503.20000000000016,528.4837655071892,702171.441474108,0.14814814814814814,0.18156916711721272,6,26,
7:7:2:6:7:1:2:1:7,4508.0,9.922566083704226,589.9999999999999,528.0949694602957,696965.9866057672,0.18518518518518517,0.2319834672720794,5,27,
7:7:2:7:6:2:3:1:7,4360.0,9.638602396373425,574.3999999999997,530.6875587437329,691900.8082170939,0.21516754850088182,0.3099982715188735,6,26,
7:7:2:7:7:0:0:0:7,4460.0,9.836684326833097,556.6,560.8000133143663,755979.3172952441,0.08289241622574955,0.04799711593774404,2,27,
7:7:2:7:7:0:1:0:7,4312.0,9.702313161699418,631.8,557.4115626835702,746745.1967322561,0.06525573192239859,0.11019725433143443,3,26,
7:7:2:7:7:1:0:0:7,4492.0,9.963943592227448,593.7999999999997,563.7560167929636,758719.3577564611,0.13227513227513227,0.06515394154757545,4,27,
7:7:2:7:7:1:1:1:6,4212.0,9.37960890141246,574.2,532.0382471008647,706406.6718560609,0.1781305114638448,0.18704261783642329,7,25,
7:7:2:7:7:1:1:1:7,4376.0,9.632665227957462,537.7999999999998,547.9211842518806,733840.6958499976,0.10229276895943562,0.11262165332930917,7,26,
7:7:2:7:7:1:2:1:7,4344.0,9.723004477693864,636.5999999999999,532.3435388524224,703276.9737381008,0.18342151675485008,0.22483246716715583,5,26,
7:7:2:7:7:2:1:2:6,4244.0,9.556178277772059,591.0,583.3530834967581,775583.5032975549,0.2239858906525573,0.17628638051941622,9,25,
7:7:2:7:7:2:1:1:7,4524.0,9.91108286908048,528.8,566.7839867686326,753857.6315776913,0.21340388007054673,0.17302240956346981,6,27,
7:7:2:7:7:2:2:1:6,4212.0,9.321613293032241,541.9999999999999,531.3547371492805,701934.9351586677,0.24162257495590828,0.2251990918277466,7,25,
7:7:2:7:7:2:2:1:7,4392.0,9.744374468421398,595.3999999999999,537.6603235949328,709608.8042914887,0.20105820105820105,0.2317967375560594,8,26,
7:7:2:7:7:2:3:1:7,4360.0,9.795681822526033,651.2,542.9515933722603,706193.9813837217,0.2204585537918871,0.32361928314649424,6,26,
7:7:2:7:7:3:3:2:6,4244.0,9.418682178500687,542.6,553.7927952098886,722682.4464040905,0.3492063492063492,0.30469564885766537,9,25,
7:7:2:7:8:0:0:0:7,4280.0,9.685017096782435,619.5999999999999,591.8046938756396,797791.8829647925,0.03527336860670194,0.047768786820266695,1,26,
7:7:2:7:8:0:1:1:7,4344.0,9.81645669302,627.8,594.1309449423394,796681.345123272,0.08994708994708994,0.10136265401842827,5,26,
7:7:2:7:8:1:1:1:7,4360.0,9.7982334263695,598.8,596.7983527515063,798248.9750803928,0.16049382716049382,0.12474799383524719,6,26,
7:7:2:8:8:0:0:0:7,4428.0,9.989437073736836,633.4000000000001,602.6108208087865,815842.3420180496,0.0,0.0,0,27,
7:7:2:8:8:0:1:0:7,4476.0,10.091576809151654,646.3999999999997,599.5240507889887,802342.9629242419,0.08112874779541446,0.1196503663414467,3,27,
7:7:2:8:8:1:0:0:7,4476.0,9.912196948162915,538.8000000000001,605.415669608373,814418.5142342715,0.10934744268077601,0.06977403099341925,3,27,
7:7:2:8:8:1:1:1:6,4212.0,9.446179072623314,516.8000000000002,627.1835341774196,838105.1321426148,0.17989417989417988,0.13317009013297226,7,25,
7:7:2:8:8:1:1:1:7,4344.0,9.864627888635463,645.1999999999998,604.0440128563081,807347.7580169305,0.14638447971781304,0.131357484287422,5,26,
7:7:2:8:8:1:2:1:7,4508.0,9.923070787878508,512.4,605.981136727114,802112.8518071341,0.164021164021164,0.21062271768067298,5,27,
7:7:2:9:9:0:0:0:7,4428.0,10.094991168083554,621.9999999999998,673.8599923033751,912302.7588107235,0.0,0.0,0,27,
7:7:3:6:6:1:1:1:7,4376.0,9.84849963282212,690.6,517.4992918101415,688193.5973038167,0.16049382716049382,0.17434994494523548,7,26,
7:7:3:6:6:1:2:1:6,4212.0,9.485250651686009,659.0,507.1371195059677,668794.7591176459,0.1728395061728395,0.23736102862580896,7,25,
7:7:3:6:6:1:2:1:7,4376.0,9.783617044071232,687.7999999999997,483.5108639883881,640770.0662188067,0.13756613756613756,0.2016046346048199,7,26,
7:7:3:6:6:2:2:1:6,4212.0,9.720939423495247,787.7999999999997,511.9726531218059,675858.4947016193,0.20458553791887124,0.23019525133921992,7,25,
7:7:3:6:6:2:3:2:6,4244.0,9.625717791181879,723.3999999999999,490.3819876001253,638091.3648174511,0.24691358024691357,0.3212321697470536,9,25,
7:7:3:6:7:1:2:1:7,4360.0,9.775789401652064,656.3999999999997,526.4725907367209,696230.6947894859,0.18871252204585537,0.21741707265696478,6,26,
7:7:3:6:7:2:2:1:6,4212.0,9.645957563609546,728.9999999999999,528.2579385666122,697906.2657653572,0.20458553791887124,0.2245560923139698,7,25,
7:7:3:7:6:2:3:2:6,4244.0,9.649863639984488,695.1999999999999,532.2726838712048,694695.127512696,0.26278659611992944,0.3038858076014659,9,25,
7:7:3:7:7:0:0:0:7,4264.0,9.727279353539469,670.8,580.5673934568788,785998.932680082,0.0,0.0,0,26,
7:7:3:7:7:0:1:0:7,4312.0,9.942616649415562,772.3999999999999,553.0636402186242,741713.7320985474,0.07231040564373897,0.10007071508925207,3,26,
7:7:3:7:7:1:0:0:7,4328.0,9.938764627826965,735.5999999999999,571.6795439778886,766834.2599547174,0.1164021164021164,0.09813636775596868,4,26,
7:7:3:7:7:1:1:0:7,4312.0,9.94036801372017,753.4000000000001,570.7886637793357,765485.907060646,0.10758377425044091,0.10005642977386124,3,26,
7:7:3:7:7:1:2:1:6,4228.0,9.552736123308462,653.4,535.0013819158982,707113.9331703134,0.1693121693121693,0.22149978006301538,8,25,
7:7:3:7:7:1:2:1:7,4344.0,9.868989818287025,705.8000000000001,545.9172269687434,723510.1019299576,0.19047619047619047,0.20122163986343428,5,26,
7:7:3:7:7:2:2:1:6,4228.0,9.682398236143166,727.3999999999999,534.5197998931753,704651.361753519,0.2204585537918871,0.2398780220448772,8,25,
7:7:3:7:7:2:2:1:7,4376.0,10.010171788655763,760.2000000000002,539.5674041678171,710457.3307358681,0.20282186948853614,0.24807732421087939,7,26,
7:7:3:7:8:0:0:0:7,4264.0,9.875638058429335,740.6,594.886779129432,805385.1778983078,0.0,0.0,0,26,
7:7:3:7:8:1:1:0:7,4312.0,9.969911127650937,745.5999999999999,595.3396093780809,798396.6594176658,0.10052910052910052,0.10023100818509019,3,26,
7:7:3:8:8:0:0:0:7,4264.0,9.928901079798766,749.8,615.8869122458996,833816.127348295,0.0,0.0,0,26,
7:7:3:8:8:0:1:0:7,4328.0,9.933566829180306,687.2,617.132392145233,825981.0691874494,0.07760141093474426,0.11884041000445926,4,26,
7:7:3:8:8:1:1:0:7,4312.0,10.032082945003621,751.4000000000001,624.7910298170531,834492.0349408864,0.1164021164021164,0.13758747908216173,3,26,
7:7:3:8:8:1:2:1:7,4344.0,9.990576685835434,716.3999999999997,604.2569808686911,800256.0045956193,0.1657848324514991,0.20663935284208884,5,26,
7:7:3:8:8:2:2:1:7,4360.0,9.96831440078354,686.5999999999998,605.4342652442674,800094.1647305967,0.20987654320987653,0.2225084468175742,6,26,
7:7:3:8:9:0:0:0:7,4264.0,9.840133118120766,654.2,661.1554779744743,895102.8009500573,0.0,0.0,0,26,
7:7:3:9:9:0:0:0:7,4264.0,9.973415372538826,696.4,694.5265162295146,940282.0527414968,0.0,0.0,0,26,
7:7:4:7:7:0:0:0:7,4312.0,10.070161335281778,816.7999999999998,580.9814771047677,782086.325820123,0.08818342151675485,0.06272189383837751,3,26,
7:7:4:7:7:0:1:0:7,4280.0,10.029701106600646,829.1999999999999,577.6405274425662,773029.5797435753,0.07407407407407407,0.11996668696857254,1,26,
7:7:4:7:7:1:2:1:7,4344.0,10.064244944022699,810.7999999999998,551.6268832608705,728453.0782798638,0.14109347442680775,0.22777889129209122,5,26,
7:7:4:8:8:0:0:0:7,4264.0,10.083103245646,817.6,635.5195402812823,860395.68530389,0.0,0.0,0,26,
7:8:1:6:6:2:3:1:7,4720.0,10.115744424617995,489.39999999999986,526.2270887584034,681110.4639842055,0.2698412698412698,0.3498094275577744,8,28,
7:8:1:7:7:1:1:1:7,4688.0,10.175197246893983,486.59999999999997,594.7368389888878,794171.580199617,0.12698412698412698,0.13957167104038254,6,28,
7:8:1:7:7:1:2:1:7,4704.0,10.179597937616208,500.8000000000001,567.0320306283894,750229.9372659184,0.18518518518518517,0.2138649449884273,7,28,
7:8:1:7:7:2:1:1:7,4720.0,10.114517683258544,427.40000000000003,587.5315264075956,781192.511118852,0.20282186948853614,0.1757307747193472,8,28,
7:8:1:7:7:2:2:2:7,4736.0,10.156718404037038,458.4,564.459335089001,747923.0495066571,0.21164021164021163,0.20286098005242967,9,28,
7:8:1:7:8:1:1:1:7,4688.0,10.18686185286367,489.60000000000014,598.3506705737007,796214.7229896581,0.1781305114638448,0.1692051753892464,6,28,
7:8:1:8:8:0:0:0:7,4624.0,10.107247247514302,473.2000000000001,633.6091893406089,854369.4320302273,0.047619047619047616,0.04498821368012199,2,28,
7:8:1:8:8:0:0:0:8,4756.0,10.276606239036756,461.5999999999999,609.2357375338397,824811.4600458139,0.0,0.0,0,29,
7:8:1:8:8:1:1:0:7,4640.0,10.182028297399828,500.79999999999995,632.4100446257025,845951.0417168383,0.1128747795414462,0.12400129199891019,3,28,
7:8:1:8:8:1:2:1:7,4672.0,10.147940389288834,479.0,602.8822007267693,797917.3692220522,0.164021164021164,0.21149595671477198,5,28,
7:8:1:8:8:2:2:1:7,4704.0,10.135251854146912,434.6,608.0878013012988,803604.7936883734,0.20105820105820105,0.2224730558197035,7,28,
7:8:1:8:8:3:2:2:7,4736.0,10.122074199911726,398.99999999999994,604.2160713499485,799325.0877999326,0.30864197530864196,0.21481154773750458,9,28,
7:8:1:9:9:0:0:0:7,4624.0,10.181919595569717,460.2,688.9484106880299,926960.4239345693,0.0582010582010582,0.06788150186401927,2,28,
7:8:1:9:9:0:0:0:8,4756.0,10.288304790258165,378.99999999999994,698.4688160763797,945619.3202264832,0.0,0.0,0,29,
7:8:2:6:6:2:2:1:7,4704.0,10.164379042091678,532.8,526.4029168659806,690547.2645486573,0.21164021164021163,0.27262307595502827,7,28,
7:8:2:6:6:2:3:1:7,4704.0,10.19509343643407,553.5999999999998,523.0179784581177,679058.8500703492,0.2239858906525573,0.3333901443288262,7,28,
7:8:2:7:6:2:3:1:7,4704.0,10.167902419531034,527.5999999999999,533.6006718740964,688867.3001615842,0.24867724867724866,0.3629588811363185,7,28,
7:8:2:7:7:0:0:0:7,4624.0,10.186817786251511,564.2,587.7256848046069,790114.5791134716,0.037037037037037035,0.07626627617145988,2,28,
7:8:2:7:7:0:1:0:7,4640.0,10.310927331715734,625.4,580.8957970828212,774185.1606204726,0.09523809523809523,0.15630096310643762,3,28,
7:8:2:7:7:1:1:1:7,4672.0,10.316662720739583,640.4000000000001,537.1477626593444,714984.0899109668,0.12169312169312169,0.16677338670890718,5,28,
7:8:2:7:7:1:2:1:7,4688.0,10.33675303401561,623.5999999999998,549.338970286852,725458.1709519078,0.1693121693121693,0.2275184517354705,6,28,
7:8:2:7:7:2:2:1:7,4720.0,10.29447524021741,572.3999999999999,544.5674612032725,714675.1850729194,0.2222222222222222,0.26993810726338185,8,28,
7:8:2:8:8:0:0:0:7,4592.0,10.124995120102824,536.2,612.6722330983014,829463.9463484699,0.0,0.0,0,28,
7:8:2:8:8:0:0:0:8,4756.0,10.466935856567021,569.3999999999999,609.3526306735009,824969.7153733551,0.0,0.0,0,29,
7:8:2:8:8:0:1:0:7,4608.0,10.27621493307211,609.6,609.0138670518853,815734.1010292488,0.04585537918871252,0.11181174013226458,1,28,
7:8:2:8:8:1:0:0:7,4492.0,10.128882230754344,648.9999999999998,602.0762248377135,809872.6085102841,0.10405643738977072,0.07044803134978642,4,27,
7:8:2:8:8:1:1:0:7,4656.0,10.315241123776422,580.4,612.3417171812316,821121.9746642642,0.10582010582010581,0.10111323829157513,4,28,
7:8:2:8:8:1:2:0:7,4656.0,10.183070630476827,512.2,605.6010474803609,801598.2694422993,0.164021164021164,0.21072943360910087,4,28,
7:8:2:8:9:0:0:0:7,4592.0,10.341984579204613,607.8,664.1052564090159,899096.3471383599,0.0,0.0,0,28,
7:8:2:8:9:0:0:0:8,4756.0,10.623802297320836,606.0,661.695902580914,895834.4527249297,0.0,0.0,0,29,
7:8:2:9:9:0:0:0:7,4592.0,10.271770681051882,554.8,677.2939761564164,916951.844642533,0.0,0.0,0,28,
7:8:2:9:9:0:0:0:8,4756.0,10.600518231953098,581.6,672.8938375174058,910994.7338697185,0.0,0.0,0,29,
7:8:3:7:7:0:0:0:7,4608.0,10.550708752334595,787.7999999999998,586.4518625737146,791122.2315431694,0.04409171075837742,0.04035396986721305,1,28,
7:8:3:7:7:0:1:0:7,4640.0,10.459835567148724,704.7999999999996,585.9267665733278,785106.3600526734,0.08994708994708994,0.10828149666814446,3,28,
7:8:3:7:7:1:0:0:7,4492.0,10.22869828112644,735.4,572.2719253986928,767861.7355894998,0.10229276895943562,0.0952140449236792,4,27,
7:8:3:7:7:1:1:0:7,4492.0,10.137456430322942,695.5999999999999,560.3377959931074,751389.9684873624,0.10582010582010581,0.10107701677683024,4,27,
7:8:3:7:7:1:2:1:7,4508.0,10.298769738801557,777.7999999999998,553.6024419004825,733496.7250731749,0.14814814814814814,0.20328187643662343,5,27,
7:8:3:7:7:2:2:1:7,4524.0,10.148365336198438,678.8000000000002,551.3231456245139,720682.2964269277,0.2716049382716049,0.29459539524658596,6,27,
7:8:3:7:7:2:3:1:7,4704.0,10.473413986072726,683.7999999999998,550.6257301032357,717189.873081546,0.2239858906525573,0.3156454074783832,7,28,
7:8:3:7:8:0:0:0:7,4592.0,10.483006823872344,756.9999999999998,594.8648691356196,805355.5151374545,0.0,0.0,0,28,
7:8:3:7:8:0:1:0:7,4460.0,10.111671260128409,675.3999999999997,597.9176044928084,801340.109851355,0.08994708994708994,0.10632112820447137,2,27,
7:8:3:8:8:0:0:0:7,4428.0,10.16752194835219,723.4000000000001,613.5849447156926,830699.6174612454,0.0,0.0,0,27,
7:8:3:8:8:0:0:0:8,4756.0,10.748703542570063,732.2000000000002,606.3149086372257,820857.1070780902,0.0,0.0,0,29,
7:8:3:8:8:0:1:0:7,4444.0,10.148745755905992,704.2,606.1388435986971,812278.1187653422,0.07231040564373897,0.10725268406417661,1,27,
7:8:3:8:8:1:1:1:7,4508.0,10.350855980850831,750.2,610.7353411424208,816417.5782170668,0.10758377425044091,0.12997098762496348,5,27,
7:8:3:9:9:0:0:0:7,4592.0,10.555477799680057,723.9999999999999,668.9559124185923,905663.3891205557,0.0,0.0,0,28,
7:8:3:9:9:0:0:0:8,4756.0,10.91120277834446,762.9999999999998,667.6519753213088,903898.0588965412,0.0,0.0,0,29,
7:8:4:6:6:1:2:1:7,4508.0,10.336838891203818,824.3999999999997,528.5876513125658,692697.4395952475,0.1728395061728395,0.2791653516147782,5,27,
7:8:4:7:7:0:0:0:7,4428.0,10.257231293159945,810.8,577.0501432216887,781237.1169770554,0.0,0.0,0,27,
7:8:4:7:7:1:1:1:7,4540.0,10.427957006007654,836.7999999999997,535.8516224063394,710627.6953805974,0.17989417989417988,0.19628013140823714,7,27,
7:8:4:7:7:1:2:0:7,4476.0,10.437001939328306,897.7999999999997,543.9800995991498,716818.6531269499,0.14109347442680775,0.24281201257766655,3,27,
7:8:4:7:7:2:1:1:7,4344.0,10.149396852593418,871.2,539.5080154204675,717148.2731432754,0.20634920634920634,0.1778843657434392,5,26,
7:8:4:7:8:0:0:0:7,4608.0,10.630370907989496,825.7999999999997,593.620304830045,800827.1995209708,0.04409171075837742,0.039884438007963825,1,28,
7:8:4:8:8:0:0:0:7,4592.0,10.684304689099365,822.1999999999998,643.8007587193401,871607.1810354145,0.0,0.0,0,28,
7:8:4:8:8:0:0:0:8,4756.0,10.98034584504395,820.9999999999999,648.8560941399192,878451.3274509677,0.0,0.0,0,29,
7:8:4:8:8:0:1:0:7,4656.0,10.734758714068883,823.3999999999999,607.2081908770567,806394.4377497149,0.09876543209876543,0.18526039596866248,4,28,
7:8:4:8:8:1:2:0:7,4328.0,10.179347025303016,826.7999999999998,616.8897633468101,816817.2943219878,0.15873015873015872,0.20819488093977664,4,26,
8:7:0:6:6:2:3:3:7,4800.0,9.97408376342196,338.8,516.5054938602515,673954.0203493915,0.25044091710758376,0.30530159402888146,13,28,
8:7:0:7:7:2:2:3:7,4800.0,9.965988871481665,305.6000000000001,545.1156901301033,716307.8062292471,0.2839506172839506,0.2616441535371337,13,28,
8:8:0:7:7:1:1:1:8,4836.0,10.170947806845923,347.0,583.9274064816377,775444.5217196939,0.14285714285714285,0.1855889525164966,5,29,
8:8:0:7:7:2:2:1:8,5032.0,10.426694400339407,290.6,589.3357249924437,775173.7459812949,0.20811287477954143,0.2551554323986031,7,30,
8:8:0:8:8:0:0:0:8,5084.0,10.658541384488117,346.20000000000005,613.1929650047625,830168.9372372171,0.0,0.0,0,31,
8:8:0:8:8:1:0:1:8,5164.0,10.678305330262504,229.80000000000004,660.7991222588387,887076.0225774021,0.12698412698412698,0.09049993965901189,5,31,
8:8:0:8:8:1:1:1:8,5000.0,10.52452269873289,348.20000000000005,619.2043701815481,828240.2542980302,0.14814814814814814,0.12450628820043906,5,30,
8:8:0:9:9:0:0:0:8,5084.0,10.591759203787964,252.2000000000001,669.3274685477754,906166.418956988,0.0,0.0,0,31,
8:8:1:6:6:2:3:2:8,4948.0,10.234405560695922,353.6,501.3079529145877,651455.9784260913,0.2804232804232804,0.3284921283823757,12,29,
8:8:1:6:7:0:1:0:8,4820.0,10.274616251648803,475.39999999999986,530.3074146848719,710482.8390951995,0.08289241622574955,0.10956246999123871,4,29,
8:8:1:7:7:0:0:0:8,5084.0,10.697345349360848,401.99999999999994,579.3948130876009,784411.4392570598,0.0,0.0,0,31,
8:8:1:7:7:0:1:0:8,4820.0,10.394479170696929,493.40000000000003,580.2696897851594,772356.6963061774,0.09171075837742504,0.16705059561538785,4,29,
8:8:1:7:7:1:0:0:8,4984.0,10.503146726250154,383.59999999999997,587.6841937838374,788789.339440087,0.10758377425044091,0.09216822036543426,4,30,
8:8:1:7:7:1:1:0:8,4820.0,10.272621148770774,451.1999999999999,553.3761913530284,739579.8789866455,0.12345679012345678,0.1319221772092161,4,29,
8:8:1:7:7:1:2:1:8,5000.0,10.613521619583274,459.3999999999999,558.4667583037174,739672.1289496085,0.1746031746031746,0.20603808245010527,5,30,
8:8:1:7:7:2:2:2:8,5064.0,10.594708592597602,352.20000000000005,590.9997720028404,779586.2014899246,0.20634920634920634,0.23559790659974023,9,30,
8:8:1:7:7:2:3:1:8,5000.0,10.530081876453298,415.20000000000005,555.3564239490208,723820.8886684739,0.23633156966490299,0.3119326373089655,5,30,
8:8:1:7:8:0:0:0:8,4936.0,10.45316811281222,394.39999999999986,596.5463199645296,806626.3511955392,0.012345679012345678,0.014376243704722196,1,30,
8:8:1:7:8:1:1:1:8,5032.0,10.624682351766246,393.79999999999995,598.394893451462,797722.5551202532,0.18518518518518517,0.1540083529917903,7,30,
8:8:1:8:8:0:0:0:8,5084.0,10.712687665924774,385.59999999999997,604.4939065793457,818391.7504458834,0.0,0.0,0,31,
8:8:1:8:8:0:1:0:8,4820.0,10.38900417129433,468.3999999999999,602.1653651238856,804875.6143717834,0.09523809523809523,0.1309261711137887,4,29,
8:8:1:8:8:1:0:1:8,4852.0,10.38532688357949,430.59999999999997,605.8803429895702,812646.1611909478,0.19929453262786595,0.09889278132650392,6,29,
8:8:1:8:8:1:1:1:8,5032.0,10.669164332539145,411.6,605.8161765496955,809146.6353699653,0.164021164021164,0.13760866664272092,7,30,
8:8:1:8:8:2:1:1:8,5180.0,11.0287083081305,458.59999999999985,614.6776107099937,818487.0223139363,0.20987654320987653,0.1636845853908895,6,31,
8:8:1:8:8:2:2:1:8,4868.0,10.38516945664759,411.59999999999985,608.7910819191836,806581.6507980019,0.21869488536155202,0.20363340252767964,7,29,
8:8:1:9:9:0:0:0:8,4920.0,10.579755440164393,402.59999999999997,676.1213345732103,915364.2683452697,0.0,0.0,0,30,
8:8:2:6:6:0:1:0:8,4820.0,10.342693997160255,526.7999999999998,517.5074963898645,692296.1591704236,0.09700176366843033,0.12339816435988563,4,29,
8:8:2:7:7:0:0:0:8,4920.0,10.660889045414297,545.4,579.3240887499067,784315.689384489,0.0,0.0,0,30,
8:8:2:7:7:0:1:0:8,4788.0,10.429264504713748,548.5999999999999,576.7929741726957,772740.6103410486,0.08994708994708994,0.10982396715249589,2,29,
8:8:2:7:7:1:1:0:8,5148.0,11.115431957572238,562.0,592.4499199434583,786834.6567909429,0.1657848324514991,0.18486035615962604,4,31,
8:8:2:7:7:1:2:1:8,4852.0,10.49288288385627,542.1999999999999,555.264595146506,733480.5553772855,0.1693121693121693,0.22559136316508266,6,29,
8:8:2:7:8:0:0:0:8,5100.0,10.957752481429868,522.1999999999998,590.8456569707347,796835.3776060549,0.04056437389770723,0.04325028530686865,1,31,
8:8:2:7:8:0:1:0:8,4788.0,10.489035833386346,563.3999999999996,595.8833175300587,798244.1152046522,0.08465608465608465,0.11067050636484611,2,29,
8:8:2:8:7:1:2:0:8,4820.0,10.459792432801887,512.0,598.7023093986704,792258.4394240105,0.164021164021164,0.21268532908539528,4,29,
8:8:2:8:8:0:0:0:8,4920.0,10.814018982685353,595.8000000000001,615.7487631825952,833629.0947702829,0.0,0.0,0,30,
8:8:2:8:8:0:1:0:8,4788.0,10.474768165017853,541.3999999999997,609.7935495651224,817076.429344431,0.08465608465608465,0.1083962217951531,2,29,
8:8:2:8:8:1:0:0:8,4984.0,10.927798193771867,602.9999999999998,609.0615758686495,817553.6432224151,0.10582010582010581,0.0913156573866357,4,30,
8:8:2:8:8:1:1:0:8,4820.0,10.506506014953064,536.7999999999997,600.3889104783876,804073.599450998,0.10582010582010581,0.11306232136236127,4,29,
8:8:2:8:9:0:0:0:8,5084.0,11.027791575610626,506.20000000000005,662.5578233712257,897001.3608718136,0.0,0.0,0,31,
8:8:2:9:9:0:0:0:8,4920.0,10.924176994344396,606.9999999999999,667.0083557932734,903026.6970739703,0.0,0.0,0,30,
8:8:3:7:7:0:0:0:8,4920.0,11.04877002650413,762.1999999999998,582.4526050278421,788551.2191146173,0.0,0.0,0,30,
8:8:3:7:7:1:1:0:8,4820.0,10.74926628864999,685.5999999999998,589.2339856645453,784395.0330319984,0.11992945326278659,0.1659271541190844,4,29,
8:8:3:8:8:0:0:0:8,4920.0,11.0203659664414,703.9999999999999,624.5475029722742,845541.2347932326,0.0,0.0,0,30,
8:8:3:8:8:0:1:0:8,4804.0,10.733148005370426,671.9999999999997,609.6949190450315,817284.7818605187,0.08994708994708994,0.10446355893858272,3,29,
8:8:3:8:8:1:1:1:8,4836.0,10.80217265404343,673.5999999999997,615.2318948426258,824883.8983968251,0.16049382716049382,0.10242656725014775,5,29,
8:8:4:7:7:1:1:0:8,4804.0,10.959958304728412,836.5999999999998,573.6963587810094,763763.6399108256,0.10405643738977072,0.1653580444446935,3,29,
8:9:1:8:8:0:0:0:8,5264.0,11.161933504461404,428.79999999999984,636.0162970296159,860292.2616834674,0.019400352733686066,0.010442818805281067,1,32,
8:9:1:8:8:1:1:0:8,5312.0,11.122251501348662,352.79999999999995,641.5166012646911,859233.8672264523,0.12169312169312169,0.11219715637252142,4,32,
8:9:1:9:9:0:0:0:8,5248.0,11.140395613537137,399.40000000000015,669.2043128755555,905999.6851238288,0.0,0.0,0,32,
8:9:1:9:9:1:0:0:8,5296.0,11.222057250080876,389.8,677.1064607958567,909287.1738886954,0.10229276895943562,0.0870551842795534,3,32,
8:9:2:7:7:0:1:0:8,5132.0,11.141489672501226,591.9999999999998,593.2246443081946,794986.5637552624,0.08994708994708994,0.10707986053684454,3,31,
8:9:2:8:8:0:0:0:8,5248.0,11.342643659224832,555.3999999999999,627.8789547804798,850051.5080104958,0.0,0.0,0,32,
8:9:2:8:8:0:1:0:8,5280.0,11.347217721911534,532.8,621.0724483238389,831158.8667321948,0.09523809523809523,0.11989656344940014,2,32,
8:9:2:8:8:1:0:0:8,5148.0,11.243971152300277,594.7999999999997,632.5316433542571,849328.5038183148,0.10582010582010581,0.08820069748763473,4,31,
8:9:2:8:8:1:1:0:8,5116.0,11.130046860398663,539.6000000000001,655.136569846041,875061.0113665742,0.10229276895943562,0.13719976371194897,2,31,
8:9:2:9:9:0:0:0:8,5084.0,11.288734737770373,649.2,667.5125963158014,903709.3611660078,0.0,0.0,0,31,
8:9:3:7:7:0:1:0:8,5116.0,11.39599803785997,755.3999999999997,590.1308874666028,787345.7470357061,0.07760141093474426,0.14703918843635205,2,31,
8:9:3:8:8:0:0:0:8,5084.0,11.349408479517715,729.5999999999999,621.5146078865437,841435.1614463978,0.0,0.0,0,31,
9:8:0:7:7:1:2:1:8,5360.0,11.075845338161116,350.79999999999995,569.2043067373525,753931.0458065105,0.18871252204585537,0.20566429703661004,7,32,
9:9:0:8:8:0:0:0:9,5576.0,11.518360991382762,322.80000000000007,632.1106821140257,855780.6157851425,0.0,0.0,0,34,
9:9:0:8:9:0:0:0:9,5576.0,11.36310180007416,201.80000000000007,665.0787206420489,900414.2679461584,0.0,0.0,0,34,
9:9:0:9:9:0:0:0:9,5740.0,11.701880777567677,221.00000000000014,673.9664008808729,912446.8196541053,0.0,0.0,0,35,
9:9:0:9:9:1:0:0:9,5460.0,11.425676100362374,351.8,666.5583489054661,895854.1320921147,0.10934744268077601,0.0789505920018152,3,33,
9:9:1:8:8:0:0:0:9,5412.0,11.425234802900654,454.2000000000001,611.9081332446713,828429.4727004783,0.0,0.0,0,33,
9:9:1:8:8:0:1:0:9,5444.0,11.516355747504678,460.0,625.7737088351525,835706.8075394115,0.07054673721340388,0.1386177186542082,2,33,
9:9:1:8:8:1:1:1:8,5344.0,11.163767782909964,352.1999999999998,633.6563329099498,846412.0257212379,0.1728395061728395,0.13676141536051997,6,32,
9:9:1:8:9:0:0:0:9,5412.0,11.432470576253941,406.79999999999995,663.4108167359849,898156.1826579488,0.0,0.0,0,33,
9:9:1:9:9:0:0:0:9,5412.0,11.456889874228743,417.40000000000003,666.6565586876981,902550.4179156529,0.0,0.0,0,33,
9:9:2:8:8:0:0:0:9,5412.0,11.706865441847619,603.7999999999997,621.9927055275996,842082.4320989038,0.0,0.0,0,33,
9:9:2:8:8:1:1:0:9,5460.0,11.66844616017311,540.8000000000001,615.2089728181526,818433.2363057206,0.12345679012345678,0.17135327934120345,3,33,
9:9:2:8:9:0:0:0:9,5576.0,12.147776716946606,648.1999999999997,663.5893985087255,898397.9549041209,0.0,0.0,0,34,
9:9:2:9:9:0:0:0:9,5412.0,11.751231690699036,573.1999999999999,677.7483686263539,917567.0221402947,0.0,0.0,0,33,
9:9:3:8:8:0:0:0:9,5412.0,11.903678043451045,710.7999999999997,626.5854506367435,848300.3024005146,0.0,0.0,0,33,
