Key,FixedVehCost,CostperDel,StaffCost,VehRunCost,Emissions,DelsByCycle,DistByCycle,Cycles,Vans
0:0:2:0:0:9:9:5:0,996.0,1.574599551162527,588.0000000000001,56.73273231135308,31503.95466774226,0.963531669865643,0.9438986358952492,52,1,
0:0:2:0:0:9:9:5:1,1160.0,1.6667843518949552,529.3999999999999,47.389294674543315,13514.25505221116,0.9692898272552783,0.9777008644361576,52,2,
0:0:3:0:0:8:9:4:1,1164.0,1.9635356697707513,804.8000000000001,77.20416790112289,44970.02432626205,0.8742802303262955,0.9393718256227358,42,3,
0:0:3:0:0:9:9:5:0,848.0,1.489637306330893,667.5999999999998,36.60207319679073,0.0,1.0,1.0,53,0,
0:0:3:0:0:9:9:5:1,1144.0,1.783441103787769,666.7999999999998,47.54563014685551,13514.25505221116,0.9692898272552783,0.9777916100616022,51,2,
0:0:3:1:0:8:9:4:1,1064.0,1.8114823795202897,744.6,78.96463946014183,53948.443051838585,0.8973128598848369,0.9199045074122773,46,2,
0:0:3:1:0:9:9:4:0,804.0,1.6160090877228597,801.0,78.8814694072198,40602.46580898816,0.9376199616122841,0.9501832296205331,40,1,
0:0:3:1:0:9:9:4:1,1164.0,1.9321377272802158,767.1999999999999,82.08751182598486,55371.31151691913,0.9088291746641075,0.921769077311989,42,3,
0:0:3:1:1:8:8:4:0,804.0,1.6532228858950286,803.0000000000001,115.65824710261977,96796.77407079376,0.8963531669865643,0.8784420016439489,40,1,
0:0:3:1:1:8:8:4:1,1032.0,1.8384340507347683,784.5999999999999,99.0482808656286,77125.39244527902,0.8771593090211133,0.896292660700869,44,2,
0:0:3:1:1:9:9:4:1,1148.0,1.8913468308920465,721.5999999999999,101.18339778951255,73003.87124537674,0.9069097888675623,0.9111446549596278,41,3,
0:0:4:0:0:8:9:4:1,1164.0,2.061652940961388,913.5999999999998,70.64236448176638,41803.682836117034,0.8608445297504799,0.9377620983877457,42,3,
0:0:4:0:0:9:9:5:0,800.0,1.6375896815027633,866.8,39.56844812587925,0.0,1.0,1.0,50,0,
0:0:4:0:0:9:9:4:1,1064.0,1.9654176829606975,922.9999999999999,60.96522564504703,26722.253137093572,0.9558541266794626,0.9606887559652802,46,2,
0:0:4:1:0:8:9:4:1,1016.0,1.8640056076493745,845.5999999999999,80.69384317064822,51960.47805534979,0.8819577735124761,0.9280538399207069,43,2,
0:0:4:1:0:8:9:3:2,1168.0,2.1537467092725358,985.0000000000002,91.20407106198189,47899.880788537426,0.8953934740882917,0.9486132045472548,32,4,
0:0:4:1:0:9:9:4:0,868.0,1.779888909656912,908.0,78.64424386250218,39429.789795724566,0.935700575815739,0.9521382107978896,44,1,
0:0:4:1:0:9:9:4:1,1164.0,1.9974648857281607,833.9999999999999,83.35841092874381,54205.581861287326,0.9289827255278311,0.9267885404430214,42,3,
0:0:4:1:0:9:9:3:2,1168.0,2.114744289759823,932.8000000000002,102.76354992973596,58878.14680465008,0.9289827255278311,0.9409907618169158,32,4,
0:0:4:1:1:8:8:4:1,1148.0,1.9979448568555787,829.8,104.05854084351299,84426.52046311292,0.8819577735124761,0.8866641763585186,41,3,
0:0:4:1:1:8:9:4:0,836.0,1.8335927040125966,970.3999999999997,104.20359758112596,78039.30736483558,0.8973128598848369,0.9043125133180693,42,1,
0:0:4:1:1:8:9:4:1,1164.0,2.1294564479259743,961.3999999999997,93.49361873886575,65743.14457115097,0.8992322456813819,0.9154415168233798,42,3,
0:0:4:1:1:8:9:3:2,1152.0,2.1074904377112316,926.8000000000001,117.20503609510307,83768.0033548527,0.8608445297504799,0.9127607591011916,31,4,
0:0:4:1:1:9:9:3:0,708.0,1.6656223523203968,927.0,100.57849111785345,64491.62136591919,0.9097888675623801,0.9285888487945465,34,1,
0:0:4:1:1:9:9:4:1,1080.0,1.9076628459638558,823.8000000000001,83.98468549433758,63488.40961553207,0.9088291746641075,0.9024742782031039,47,2,
0:0:4:2:1:8:8:3:2,1136.0,2.1173986776053972,935.6,134.72942206482406,110761.16029102387,0.8166986564299424,0.8832827134360761,30,4,
0:0:4:2:1:9:9:3:1,1036.0,2.0636902773965,990.9999999999999,123.36526904715288,94020.74560026481,0.9155470249520153,0.900830773301407,34,3,
0:0:5:0:0:8:9:4:1,1148.0,2.178404761746437,1049.4,72.49776173978728,41803.682836117034,0.8608445297504799,0.940371185965307,41,3,
0:0:5:0:0:9:9:5:0,800.0,1.7696906865827462,1002.5999999999998,41.41769541922174,0.0,1.0,1.0,50,0,
0:0:5:0:0:9:9:4:1,1032.0,2.095934901561455,1087.8000000000002,64.1641674270356,29203.012211327117,0.9366602687140115,0.9585118588666356,44,2,
0:0:5:1:0:8:9:4:0,820.0,1.9110391540396658,1082.6000000000001,88.70279850933161,57384.52244268038,0.8925143953934741,0.9274566747461582,41,1,
0:0:5:1:0:8:9:4:1,1164.0,2.1636609369144773,1005.1999999999998,85.33469626488598,58855.96211206478,0.8685220729366603,0.9184755875646736,42,3,
0:0:5:1:0:8:9:3:2,1168.0,2.2738560613211267,1102.3999999999999,98.95801589661448,56718.878765911635,0.8838771593090211,0.9409549204032376,32,4,
0:0:5:1:0:9:9:4:0,836.0,1.8760013601058196,1040.4,78.39341723026406,41208.926885963374,0.944337811900192,0.9485413428110242,42,1,
0:0:5:1:0:9:9:4:1,1148.0,2.1959833326531215,1057.6000000000001,82.61463262455234,53616.2970147654,0.9117082533589251,0.9270448556584444,41,3,
0:0:5:1:0:9:9:3:2,1168.0,2.3296274750656036,1177.6000000000001,81.87182901835865,30844.39240963021,0.9136276391554703,0.9680968958323427,32,4,
0:0:5:1:1:8:8:4:1,1148.0,2.2164648118812935,1050.8,110.75633398030799,95052.43250083616,0.8243761996161229,0.8710837595327467,41,3,
0:0:5:1:1:8:9:4:0,804.0,1.8327897524172898,1001.5999999999999,104.16692201881612,79121.26220166714,0.8934740882917467,0.9015177766931513,40,1,
0:0:5:1:1:8:9:3:1,1116.0,2.1993167126820206,1079.6000000000001,96.08801461466534,68126.40325973419,0.8685220729366603,0.914099129125818,39,3,
0:0:5:1:1:8:9:3:2,1168.0,2.2140204102032346,1023.8000000000003,115.20926743177016,86321.95467507471,0.8358925143953935,0.9042218579743201,32,4,
0:0:5:1:1:9:9:4:0,820.0,1.9575257920317346,1120.2,99.54187529706745,68677.25187389094,0.9309021113243762,0.9184255608956579,41,1,
0:0:5:1:1:9:9:4:1,984.0,2.0157140878250255,1025.6,90.77407951367651,61987.05192000335,0.9222648752399232,0.9199754004587113,41,2,
0:0:5:1:1:9:9:3:2,1168.0,2.3219677805513728,1148.0,103.49042733453045,64057.55607318123,0.9117082533589251,0.9328447409926326,32,4,
0:0:5:2:1:8:8:3:1,1068.0,2.2665564189000413,1162.3999999999996,131.35178849384334,121923.65611478695,0.8224568138195777,0.842887800289727,36,3,
0:0:5:2:1:8:8:3:2,1168.0,2.303780954851951,1105.9999999999998,126.5397549557332,106721.30868670366,0.8550863723608445,0.8762610915089395,32,4,
0:0:5:2:1:8:9:3:1,920.0,1.9678230074981153,1010.0,120.4715738130362,89788.34389795749,0.8637236084452975,0.9052400216728247,37,2,
0:0:5:2:1:8:9:3:2,1168.0,2.305408700097049,1111.6,122.63586550112548,93608.83067747981,0.845489443378119,0.9005153704564764,32,4,
0:0:5:2:1:9:9:3:1,1004.0,2.198871727392847,1161.6,125.62433994334624,94020.74560026481,0.9155470249520153,0.9044376003693286,32,3,
0:0:5:2:2:7:8:3:1,1020.0,2.1166803213121446,1040.6,144.98089480725426,131063.1045406005,0.7994241842610365,0.8534170037238556,33,3,
0:0:5:2:2:7:8:3:2,1152.0,2.3098119770837346,1103.3999999999999,151.42408012125134,136311.8600959679,0.7879078694817658,0.8549905493421417,31,4,
0:0:5:2:2:8:8:3:1,1084.0,2.30196612010355,1177.6,137.04869714789905,128774.34406425891,0.8387715930902111,0.8376041805891623,37,3,
0:0:5:3:3:8:8:3:1,1020.0,2.1818355567608223,1063.4,190.07265014477633,188070.03789711682,0.8234165067178503,0.8116288268206324,33,3,
0:0:6:0:0:8:9:4:1,1148.0,2.3342337036449905,1210.0,74.2715191980801,41629.27015015173,0.8896353166986565,0.9430537698369826,41,3,
0:0:6:0:0:9:9:4:0,736.0,1.8890978646275558,1185.2,47.239974941913005,0.0,1.0,1.0,46,0,
0:0:6:0:0:9:9:4:1,1164.0,2.333754225232021,1194.7999999999997,72.97190269176623,38418.11697109036,0.9261036468330134,0.9484182855808981,42,3,
0:0:6:1:0:8:9:3:1,1100.0,2.3902996120438798,1309.6000000000001,81.09219574972231,46689.93120094373,0.8733205374280231,0.9405161758913466,38,3,
0:0:6:1:0:8:9:3:2,1168.0,2.35905985974402,1192.5999999999995,97.54037385326951,56484.396291910845,0.8598848368522073,0.9399521532014558,32,4,
0:0:6:1:0:9:9:4:0,820.0,2.1501292283050057,1340.1999999999998,80.23465589381621,41628.457087676295,0.9529750479846449,0.9495713659670314,41,1,
0:0:6:1:0:9:9:4:1,1164.0,2.4706735335775867,1320.4000000000003,90.0418219878449,59752.84162290213,0.9165067178502879,0.9240662016573307,42,3,
0:0:6:1:0:9:9:3:2,1168.0,2.3547192996470985,1199.6000000000001,86.01751023227642,38398.861111399405,0.9021113243761996,0.9596502082257675,32,4,
0:0:6:1:1:8:8:3:1,1116.0,2.30985982120068,1189.9999999999998,100.87393369110859,77257.70376245247,0.8416506717850288,0.8998195819433951,39,3,
0:0:6:1:1:8:9:3:0,724.0,1.9777948576669928,1226.4,110.46224168900642,78138.67269916393,0.8915547024952015,0.9144752481278092,35,1,
0:0:6:1:1:8:9:4:1,984.0,2.1842747426545666,1201.0000000000005,91.0142818460581,63609.13547902259,0.8992322456813819,0.9164190750209441,41,2,
0:0:6:1:1:8:9:3:2,1168.0,2.41052863467822,1226.4000000000003,117.37083733470485,88264.04768856203,0.8819577735124761,0.9035079553495229,32,4,
0:0:6:1:1:9:9:3:0,772.0,2.066406642474116,1275.8,105.39572145802866,69511.62309709616,0.9001919385796545,0.9249086268755107,38,1,
0:0:6:1:1:9:9:4:1,1132.0,2.3389858722505408,1210.2,95.02327888506335,62430.0539735729,0.9011516314779271,0.9254270151113912,40,3,
0:0:6:1:1:9:9:3:2,1136.0,2.4548640827461248,1315.9999999999998,105.96837422146231,62231.53657630468,0.9117082533589251,0.9385465626532538,30,4,
0:0:6:2:1:7:8:3:2,1168.0,2.4135804960522087,1214.6000000000001,132.35087688640127,113332.56059656721,0.7840690978886756,0.8717637581694099,32,4,
0:0:6:2:1:8:8:3:1,1020.0,2.2558885509376716,1202.5999999999997,128.03587007705414,109625.21733694924,0.8646833013435701,0.8717981194774954,33,3,
0:0:6:2:1:8:8:3:2,1136.0,2.4243671917823435,1256.8000000000002,133.39061383720184,116707.2377345654,0.8435700575815739,0.8649440437667278,30,4,
0:0:6:2:1:8:9:3:1,856.0,2.2169185862556215,1332.6,121.42916687835763,89788.34389795749,0.8637236084452975,0.9067330530051936,33,2,
0:0:6:2:1:8:9:3:2,1152.0,2.467970255287088,1299.2,120.42500600914562,90924.12113157428,0.817658349328215,0.9027179105398808,31,4,
0:0:6:2:1:9:9:3:1,1004.0,2.24465426368523,1209.8,125.12974276000985,94020.74560026481,0.9155470249520153,0.9036705404410358,32,3,
0:0:6:2:2:7:8:3:1,1004.0,2.2976995874471298,1237.8,152.4029701199095,138835.77401383754,0.7840690978886756,0.8504763123818053,32,3,
0:0:7:0:0:8:9:3:1,1116.0,2.456235586459242,1369.4,73.99748109053002,28369.10164354676,0.8915547024952015,0.9673381784319923,39,3,
0:0:7:0:0:9:9:4:0,852.0,2.190494825452648,1371.6000000000001,58.89560812165893,11476.965214958109,0.9529750479846449,0.9858327069977296,43,1,
0:0:7:0:0:9:9:3:1,1116.0,2.474765410026462,1384.6000000000004,78.10555724757333,39265.10305292089,0.9366602687140115,0.9519431584528367,39,3,
0:0:7:1:0:8:9:4:1,1148.0,2.5288515606513124,1401.9999999999995,85.06332619866792,49037.93639302203,0.8838771593090211,0.9403936973100614,41,3,
0:0:7:1:0:8:9:3:2,1168.0,2.6914780149451,1535.8000000000002,100.72009157279388,58188.58600680461,0.8905950095969289,0.940183716018037,32,4,
0:0:7:1:0:9:9:4:0,804.0,2.168973497431297,1374.3999999999999,81.67038432341164,43882.83575271582,0.9606525911708254,0.9467514042686261,40,1,
0:0:7:1:0:9:9:3:1,1116.0,2.5186594199603043,1426.8,81.64311559863732,43016.63560991942,0.9213051823416507,0.9483562160598039,39,3,
0:0:7:1:0:9:9:3:2,1152.0,2.5939937720732393,1464.1999999999998,86.74151050031553,34865.93949970207,0.9078694817658349,0.9651661067651828,31,4,
0:0:7:1:1:8:8:3:1,1052.0,2.4366322180068303,1375.3999999999999,111.57077116311734,86260.18634725906,0.8656429942418427,0.8978319428231403,35,3,
0:0:7:1:1:8:8:3:2,1136.0,2.549643361011063,1402.3999999999996,118.32838217352798,90657.222700802,0.8023032629558541,0.8997475435901627,30,4,
0:0:7:1:1:8:9:3:0,756.0,2.1539050485436277,1382.2,106.16906058245995,66351.86328534261,0.8982725527831094,0.931719413799498,37,1,
0:0:7:1:1:8:9:4:1,968.0,2.4007201298747733,1435.8000000000002,97.75037532951373,67096.9187115658,0.8742802303262955,0.9192020924378558,40,2,
0:0:7:1:1:8:9:3:2,1136.0,2.6332160569670022,1494.4,113.41113135961601,82757.82079618436,0.817658349328215,0.9091495518129736,30,4,
0:0:7:1:1:9:9:3:1,1068.0,2.467872905574093,1398.0,105.52356760820484,64577.71232995689,0.9088291746641075,0.9341387701244166,36,3,
0:0:7:1:1:9:9:3:2,1152.0,2.5588640948303047,1394.8000000000002,119.53638681317707,85283.49119053238,0.9001919385796545,0.9130579156560147,31,4,
0:0:7:2:1:7:8:3:2,1152.0,2.573512161036208,1397.6,131.99967179972896,109136.3032772293,0.7879078694817658,0.881774055308045,31,4,
0:0:7:2:1:8:8:3:1,1020.0,2.482499058806064,1440.2,126.56401927591861,103406.10443414982,0.8147792706333973,0.884890576331227,33,3,
0:0:7:2:1:8:8:3:2,1136.0,2.6659354526950536,1514.2,127.70474170824554,104313.3991318876,0.8128598848368522,0.884951384397451,30,4,
0:0:7:2:1:8:9:3:1,972.0,2.4466064927125966,1456.1999999999998,121.16396540652548,84944.5040777573,0.8819577735124761,0.9159240857400774,30,3,
0:0:7:2:1:8:9:2:2,1120.0,2.5861824551577848,1453.0,121.80211827441184,87580.3665426925,0.8857965451055663,0.911734306080265,29,4,
0:0:7:2:1:9:9:3:1,972.0,2.4110800316685648,1412.6,127.74539299864439,94020.74560026481,0.9155470249520153,0.9075931444905647,30,3,
0:0:7:2:1:9:9:3:2,1136.0,2.546978050654322,1397.6000000000001,120.3511287818032,85283.49119053238,0.9001919385796545,0.9141869154317335,30,4,
0:0:8:0:0:9:9:4:0,656.0,2.1826964044445414,1563.0000000000002,55.36965343121187,0.0,1.0,1.0,41,0,
0:0:8:0:0:9:9:3:1,952.0,2.4712530354619555,1550.7999999999993,72.24566295135864,21138.947578098232,0.9289827255278311,0.976977452626101,39,2,
0:0:8:1:0:8:9:3:1,1052.0,2.5912615356135644,1557.6000000000001,90.49452010933386,48315.50650762633,0.8886756238003839,0.9472801322876663,35,3,
0:0:8:1:0:8:9:3:2,1168.0,2.7149428353715095,1559.0,101.97043445711286,60262.84196784352,0.8761996161228407,0.9378989209282981,32,4,
0:0:8:1:0:9:9:3:0,740.0,2.3042122985013,1574.3999999999996,86.58921503835465,38533.47983679368,0.9654510556621881,0.9598302006534231,36,1,
0:0:8:1:0:9:9:3:1,904.0,2.464086033021423,1569.0,94.57764640832305,54016.07343827524,0.9328214971209213,0.9412956780909172,36,2,
0:0:8:1:0:9:9:3:2,1152.0,2.7624567812953678,1636.0000000000002,90.47996610977322,38592.24128448313,0.9021113243761996,0.9621743218587835,31,4,
0:0:8:1:1:8:9:2:1,924.0,2.523241287397506,1587.6000000000004,117.61742146820049,77509.06524081697,0.8291746641074856,0.9250187736909942,27,3,
0:0:8:1:1:8:9:2:2,1120.0,2.769525101118039,1650.2,115.64515536499647,81078.6803344372,0.8790786948176583,0.9159176789810581,29,4,
0:0:8:1:1:9:9:3:1,1036.0,2.642723980466899,1605.6,112.11838764650912,74518.27800295816,0.9030710172744721,0.9238529118475985,34,3,
0:0:8:2:1:8:9:2:1,876.0,2.5292787911112775,1631.6,127.9085003379513,81550.3986372134,0.8608445297504799,0.9293006371357192,24,3,
0:0:8:2:1:8:9:2:2,1024.0,2.6467047246376727,1596.2,137.66632307245519,95655.11594171828,0.8397312859884837,0.9173337961943446,23,4,
0:0:8:2:1:9:9:3:1,972.0,2.5803186173157022,1586.0000000000005,130.69199924296112,94020.74560026481,0.9155470249520153,0.9116462041424146,30,3,
0:0:9:0:0:9:9:3:0,740.0,2.464131498760669,1756.4,71.22502170861651,10551.152293470132,0.9731285988483686,0.9896079194326344,36,1,
0:0:9:1:0:9:9:3:0,740.0,2.506498877078344,1784.6,87.17182991563443,36999.34335233843,0.9529750479846449,0.9624337371117176,36,1,
0:0:9:1:0:9:9:3:1,840.0,2.584502396359818,1770.2,82.85149700693016,25221.195646832086,0.9452975047984645,0.9758070279046427,32,2,
1:0:2:0:0:8:8:4:3,1916.0,2.381779841531251,488.3999999999999,77.41459487556378,60383.72436222813,0.8512476007677543,0.8959154933193177,48,7,
1:0:2:0:0:8:9:4:2,1604.0,2.089096940551384,509.79999999999984,63.039012054542546,36289.14176869624,0.8925143953934741,0.9405334033615274,49,5,
1:0:2:0:0:8:9:4:3,1768.0,2.241139203390043,501.5999999999999,65.66704993242521,42992.966240796864,0.8886756238003839,0.9258922544249063,49,6,
1:0:2:0:0:9:9:5:1,1176.0,1.6755667680189648,519.2,50.740572275761124,20896.19931728666,0.9673704414587332,0.9639808471502379,53,2,
1:0:2:0:0:9:9:5:2,1472.0,1.9575906824183893,501.6000000000001,66.20949107996142,43795.98192088785,0.935700575815739,0.9245080819214395,51,4,
1:0:2:1:0:8:9:4:3,1900.0,2.393534091394746,514.7999999999998,79.26252323332508,60383.72436222813,0.8512476007677543,0.9009148603875223,47,7,
1:0:2:1:0:9:9:4:2,1556.0,2.155568702490603,610.8,79.3025879952085,57663.719743240144,0.9049904030710173,0.9097807836210973,46,5,
1:0:2:1:1:8:8:4:3,1752.0,2.241166447177079,499.4000000000001,83.89543795851628,70500.91290822589,0.8838771593090211,0.8772923976329338,48,6,
1:0:2:1:1:8:8:4:4,1984.0,2.6172776339399006,634.2,109.00329456537627,103866.79142849435,0.8051823416506718,0.8311761093041048,42,8,
1:0:2:1:1:8:9:4:3,1688.0,2.256664955865091,577.5999999999999,85.84488401142481,64632.83822315592,0.8867562380038387,0.9032748925229999,44,6,
1:0:2:2:2:8:8:3:3,1740.0,2.366219946790412,596.2000000000002,129.4011845556091,125652.31094991296,0.8061420345489443,0.8218291711263583,37,7,
1:0:2:2:2:8:8:3:4,1888.0,2.5078818773860374,589.4000000000002,135.81291623625066,132332.84803666372,0.8061420345489443,0.8200324669205039,36,8,
1:0:3:0:0:8:9:4:1,1244.0,1.9880755131363412,772.3999999999999,55.17468468806745,25165.632953134573,0.8934740882917467,0.9583829135833695,47,3,
1:0:3:0:0:8:9:4:2,1408.0,2.1149066132336216,723.1999999999999,72.53269098943386,43734.05902144927,0.8877159309021113,0.9357761967481811,47,4,
1:0:3:0:0:8:9:4:3,1640.0,2.2855280292102265,665.5999999999999,75.9202064370562,48234.75789228307,0.8781190019193857,0.9297344848184669,41,6,
1:0:3:0:0:9:9:4:1,1276.0,1.9395974083891185,675.0000000000001,70.06049954146133,46021.740198556494,0.9510556621880998,0.9254498221128348,49,3,
1:0:3:0:0:9:9:4:2,1408.0,2.0863397125073644,693.9999999999999,71.96598043267392,49308.051482415285,0.927063339731286,0.9194766787383455,47,4,
1:0:3:1:0:8:9:4:2,1344.0,2.126322790967489,787.9999999999999,83.62834818812352,61272.65263940529,0.8848368522072937,0.9084191988350894,43,4,
1:0:3:1:0:8:9:4:3,1820.0,2.4478215119102527,650.9999999999999,79.6300154104834,54955.10074068002,0.8579654510556622,0.9183818813297104,42,7,
1:0:3:1:0:9:9:4:1,1212.0,2.0220065519983077,816.1999999999998,78.73082718223664,53410.27194948648,0.9299424184261037,0.9209446912787875,45,3,
1:0:3:1:0:9:9:4:2,1376.0,2.175899494479844,809.9999999999999,81.28727324799735,56607.54637840496,0.9328214971209213,0.9169843018114868,45,4,
1:0:3:1:0:9:9:4:3,1672.0,2.464611802024594,813.2,82.92549770962661,59223.75763575036,0.9040307101727447,0.9128864687416609,43,6,
1:0:3:1:1:7:8:3:3,1576.0,2.340162243865504,742.7999999999998,119.64905810785555,120654.15252339416,0.7648752399232246,0.8003213567994425,37,6,
1:0:3:1:1:7:8:4:4,1952.0,2.7078096511999314,768.3999999999999,101.1376565503288,92058.94945673265,0.7984644913627639,0.8507933821463677,40,8,
1:0:3:1:1:8:8:4:2,1492.0,2.2125309192948968,708.1999999999999,105.25721790528279,95758.83858842426,0.8483685220729367,0.8509948968889248,42,5,
1:0:3:1:1:8:8:4:3,1720.0,2.3603185182681514,653.4,86.05189603541379,73512.02297694095,0.8426103646833013,0.8724819750398032,46,6,
1:0:3:1:1:8:8:4:4,1968.0,2.7276719537771372,774.5999999999999,99.63417583577721,87701.61289215504,0.800383877159309,0.8629229836193004,41,8,
1:0:3:1:1:8:9:4:2,1556.0,2.1966357727647985,649.3999999999997,83.49447522092026,63271.18720691448,0.8992322456813819,0.9019888307204941,46,5,
1:0:3:1:1:8:9:4:3,1656.0,2.3974253066970648,752.3999999999999,89.71716957834145,67642.09543291082,0.8589251439539347,0.9030011621589299,42,6,
1:0:3:1:1:8:9:3:4,1936.0,2.7309473586461865,814.3999999999999,95.24714770932661,66120.04427488816,0.845489443378119,0.9174768596732629,39,8,
1:0:3:1:1:9:8:4:1,1196.0,1.9696261521987393,765.4,90.95045059108644,70285.9416740688,0.9078694817658349,0.8979285583455731,44,3,
1:0:3:1:1:9:8:4:2,1376.0,2.072264792791517,693.6,89.69991408876028,74749.68968330382,0.9001919385796545,0.8796349671083864,45,4,
1:0:3:1:1:9:8:4:3,1656.0,2.416950495396521,763.1999999999998,99.26241620317519,79242.8241148751,0.9001919385796545,0.8906118092264179,42,6,
1:0:3:1:1:9:9:4:1,1196.0,1.8748557457715211,672.8,84.799687093925,62670.97193511137,0.9174664107485605,0.9068294187796763,44,3,
1:0:3:1:1:9:9:4:2,1476.0,2.2684697077526814,795.2,92.54543547829414,67027.4185955098,0.9001919385796545,0.9104780787128554,41,5,
1:0:3:1:1:9:9:4:3,1656.0,2.425019075455705,782.6,88.26987662484495,62443.62989555582,0.9126679462571977,0.9144664057777729,42,6,
1:0:3:2:1:7:7:3:3,1560.0,2.3913552212027285,811.1999999999999,120.59214049324311,122177.99472330324,0.7476007677543186,0.7973410699565356,36,6,
1:0:3:2:1:7:8:3:2,1332.0,2.1829460120076587,815.4,127.22974451198033,105767.77739750044,0.7965451055662188,0.8802995627135887,32,5,
1:0:3:2:1:7:8:3:3,1576.0,2.318191868447936,719.1999999999998,120.35592692274929,120654.15252339416,0.7648752399232246,0.8039541526305495,37,6,
1:0:3:2:1:7:8:3:4,1872.0,2.667872552527776,783.0,124.92319973394244,113695.61053036813,0.7667946257197696,0.8508402297927186,35,8,
1:0:3:2:1:8:8:3:2,1412.0,2.234907572377645,795.4,121.37369041750624,109531.57232885041,0.8205374280230326,0.854069089741402,37,5,
1:0:3:2:1:8:8:3:3,1740.0,2.560227357869112,804.8,122.9569068996148,115561.66458971813,0.800383877159309,0.8374951759212969,37,7,
1:0:3:2:1:8:8:4:4,1968.0,2.7301494279279335,755.6,121.21570390090675,117176.80794927661,0.8166986564299424,0.824128800546359,41,8,
1:0:3:2:1:8:9:3:4,1956.0,2.780956817803625,817.4,124.35700415137737,95035.32906358018,0.836852207293666,0.9002711233109486,30,9,
1:0:3:2:2:7:7:3:3,1772.0,2.5648247925297474,767.3999999999999,133.14743381599652,135184.81533890843,0.7514395393474088,0.7959714169049542,39,7,
1:0:3:2:2:7:7:3:4,1872.0,2.6579599097473428,767.7999999999998,129.7942259567313,134363.6035395378,0.727447216890595,0.7826710754426295,35,8,
1:0:3:2:2:7:8:3:3,1756.0,2.4854401704146216,698.5999999999999,135.22865757203616,135184.81533890843,0.7514395393474088,0.8056417202947542,38,7,
1:0:3:2:2:7:8:3:4,2020.0,2.7832279341308888,741.5999999999999,138.523507364386,137471.48454223247,0.7034548944337812,0.8099299500465695,34,9,
1:0:3:2:2:8:8:3:3,1756.0,2.533838821594829,747.8000000000002,136.46005210181147,137047.68052497576,0.8023032629558541,0.80284229573723,38,7,
1:0:3:2:2:8:8:3:4,1888.0,2.7079133729855736,802.8,130.8457346509676,130316.13325615195,0.8042226487523992,0.8078539081087931,36,8,
1:0:3:3:2:7:7:3:4,1856.0,2.6098896518762564,700.3999999999999,163.105017255059,172921.01890112285,0.7063339731285988,0.7641970792888932,34,8,
1:0:3:3:3:7:7:2:4,1924.0,2.7151638029231684,730.6,174.60068264594142,186910.66379525303,0.7140115163147792,0.7559054884025815,28,9,
1:0:4:0:0:8:9:4:1,1180.0,2.0652336166379053,902.1999999999999,69.77342853669741,41803.682836117034,0.8608445297504799,0.9364600405651731,43,3,
1:0:4:0:0:8:9:4:2,1360.0,2.189638086607525,848.9999999999999,72.6028862450414,42708.495052577,0.8982725527831094,0.9383759213567029,44,4,
1:0:4:0:0:9:9:4:1,1228.0,2.03844041094177,829.1999999999998,66.85490820132468,36980.58495739381,0.9193857965451055,0.9442466891308835,46,3,
1:0:4:0:0:9:9:4:2,1408.0,2.2460176423820375,863.4000000000002,68.95038336208273,44037.896777893664,0.9040307101727447,0.9290819239268509,47,4,
1:0:4:1:0:8:9:4:1,1212.0,2.1913495309206987,989.6000000000001,81.78621121936781,57202.45466735861,0.8982725527831094,0.9163006029630612,45,3,
1:0:4:1:0:8:9:4:2,1360.0,2.1717455725489847,822.5999999999999,80.35888659604232,56801.907182544106,0.8982725527831094,0.9145970003061851,44,4,
1:0:4:1:0:8:9:4:3,1804.0,2.603178565659277,824.1999999999997,84.31206541696663,57373.57840094185,0.8445297504798465,0.9204918028247536,41,7,
1:0:4:1:0:8:9:3:4,1920.0,2.7514556543088,852.9999999999999,94.01679178977004,61490.533696103375,0.8522072936660269,0.9260288524520569,38,8,
1:0:4:1:0:9:9:4:1,1180.0,2.0925329493937563,921.7999999999998,78.61933326829414,49622.98144061174,0.9126679462571977,0.9305354721227598,43,3,
1:0:4:1:0:9:9:4:2,1540.0,2.3988907416484113,877.0,82.64415279764445,57829.009653887,0.9078694817658349,0.9162278392857579,45,5,
1:0:4:1:0:9:9:3:3,1592.0,2.5120331492529857,940.4,85.13854152161085,51655.7822797345,0.9030710172744721,0.9350958231425837,38,6,
1:0:4:1:1:7:8:3:2,1216.0,2.1240359627574352,885.1999999999999,112.04547319324776,99493.35754129832,0.753358925143954,0.8599121882451322,35,4,
1:0:4:1:1:7:8:3:3,1756.0,2.649164875743042,887.3999999999999,117.02980052425005,111949.83169604596,0.7706333973128598,0.8293158464189424,38,7,
1:0:4:1:1:7:8:3:4,1920.0,2.864871539326022,961.3999999999997,103.79614397771553,90331.47681916028,0.7581573896353166,0.8666859592279098,38,8,
1:0:4:1:1:7:9:3:4,1904.0,2.8799839125944398,1000.3999999999999,96.5432369234067,68039.68274311433,0.7907869481765835,0.9150799280775765,37,8,
1:0:4:1:1:8:8:4:1,1180.0,2.1473703474148818,960.8,96.75990200630694,76511.31033232156,0.8963531669865643,0.8928421766110999,43,3,
1:0:4:1:1:8:8:4:2,1344.0,2.1920748438868554,853.2,86.9419873301033,67390.04121540902,0.8934740882917467,0.8972850008428481,43,4,
1:0:4:1:1:8:8:4:3,1672.0,2.6384170460194034,989.2,88.03056195221822,71784.58385881469,0.8685220729366603,0.8853847259647973,43,6,
1:0:4:1:1:8:8:4:4,1968.0,2.8216057558857384,866.1999999999998,105.91319763293943,94627.71633734785,0.8637236084452975,0.8577344482137524,41,8,
1:0:4:1:1:8:9:4:1,1180.0,2.0693663026649656,880.6000000000001,95.67968737689411,71193.5710238769,0.8867562380038387,0.9055531445207657,43,3,
1:0:4:1:1:8:9:4:2,1524.0,2.428168035090309,921.0000000000002,85.15109256410176,62495.13549658767,0.8925143953934741,0.9081082749524645,44,5,
1:0:4:1:1:8:9:4:3,1672.0,2.554304939360192,899.1999999999998,90.38574681332021,67970.32227528741,0.8829174664107485,0.9035098783842989,43,6,
1:0:4:1:1:8:9:4:4,1952.0,2.8353750777967246,909.5999999999997,92.8608310641874,70344.0141993258,0.817658349328215,0.9020598380920314,40,8,
1:0:4:1:1:9:8:4:1,1180.0,2.086283987383118,897.1999999999999,96.70791485320879,77406.51629724262,0.9088291746641075,0.8899856238112028,43,3,
1:0:4:1:1:9:8:3:2,1428.0,2.355506481289303,916.9999999999995,109.4377535034546,88715.81150955797,0.9001919385796545,0.8868759613181547,38,5,
1:0:4:1:1:9:8:3:3,1576.0,2.5223636128171574,941.6,110.70288455547826,88432.23543360697,0.9126679462571977,0.8904604551855436,37,6,
1:0:4:1:1:9:9:4:1,1180.0,2.1202352561786713,941.0,88.28513693817554,63801.92856606141,0.9222648752399232,0.9108607758805719,43,3,
1:0:4:1:1:9:9:4:2,1476.0,2.404845511948253,939.8,90.04902345007955,67027.4185955098,0.9001919385796545,0.9054864482307979,41,5,
1:0:4:1:1:9:9:3:3,1608.0,2.512132592733947,914.2000000000002,95.44216162877288,68705.54289395799,0.9040307101727447,0.9115365453610917,39,6,
1:0:4:2:1:7:8:3:2,1412.0,2.3738879214592874,940.1999999999999,121.39121416057763,109022.51958956147,0.772552783109405,0.8558467346899122,37,5,
1:0:4:2:1:7:8:3:3,1544.0,2.4217219949161684,856.0,123.43431870264749,120654.15252339416,0.7648752399232246,0.8183467020369319,35,6,
1:0:4:2:1:7:8:3:4,1904.0,2.837200872404093,927.1999999999997,125.16330904506505,122337.75245966252,0.7879078694817658,0.8183748796807891,37,8,
1:0:4:2:1:8:8:3:2,1444.0,2.3032138634922554,835.6,120.34884575893004,109392.12284657778,0.8358925143953935,0.8513350604143998,39,5,
1:0:4:2:1:8:8:3:3,1756.0,2.6756043753034864,906.9999999999999,124.97975906623279,116692.70447358278,0.8186180422264875,0.8403803846645389,38,7,
1:0:4:2:1:8:8:3:4,1936.0,2.796845390803766,857.7999999999997,120.51289721752445,113111.50170917097,0.8186180422264875,0.8380955533017113,39,8,
1:0:4:2:1:8:9:3:2,1348.0,2.360760538118292,989.4000000000001,122.51248071926038,91200.56726349337,0.8819577735124761,0.9054673089817991,33,5,
1:0:4:2:1:8:9:3:3,1676.0,2.5916035440592298,903.2,121.25089290971701,89092.10330057693,0.8522072936660269,0.9078988259353543,33,7,
1:0:4:2:1:8:9:3:4,1840.0,2.8191451826287697,976.4,121.149280299178,92237.62306941731,0.8589251439539347,0.9010391800178646,33,8,
1:0:4:2:1:9:8:3:3,1724.0,2.7078296940854125,971.1999999999999,126.35854123699981,111894.19800052317,0.9011516314779271,0.8608716111206184,36,7,
1:0:4:2:2:6:7:3:4,2004.0,2.9190822495918947,880.4000000000001,157.283704074754,171659.95226001478,0.6573896353166987,0.7377685533866518,33,9,
1:0:4:2:2:7:7:3:3,1512.0,2.528466719711181,970.2000000000003,152.46232193905044,154901.85047993227,0.7581573896353166,0.7955235172908157,33,6,
1:0:4:2:2:7:7:3:4,1888.0,2.884085265853739,982.1999999999999,135.0168470195958,140019.19865336863,0.7207293666026872,0.7813776258296095,36,8,
1:0:4:2:2:7:8:3:2,1300.0,2.2510843995985557,906.6,139.0299443816951,124733.39231770142,0.7792706333973128,0.8562295317140388,30,5,
1:0:4:2:2:7:8:3:3,1708.0,2.6408916412123005,911.1999999999998,132.60909014321703,125894.55540076642,0.7984644913627639,0.832910595375927,35,7,
1:0:4:2:2:7:8:3:4,1808.0,2.760175007810227,933.3999999999999,134.70235813825656,135887.44573944688,0.710172744721689,0.8000742853118994,31,8,
1:0:4:2:2:7:8:2:5,2040.0,2.962822035089966,891.3999999999997,155.8605605637448,145794.97523945605,0.7581573896353166,0.8395786117921535,25,10,
1:0:4:2:2:8:7:3:4,1856.0,2.8505466312511922,956.9999999999999,157.2695897637425,160660.4418158009,0.8243761996161229,0.791913146274742,34,8,
1:0:4:2:2:8:8:3:3,1708.0,2.7259128236202517,999.8000000000001,132.6011622123019,124851.35536671139,0.8445297504798465,0.8366873593980906,35,7,
1:0:4:2:2:8:8:3:4,1904.0,2.795445401157307,875.7999999999997,133.05410800591423,130394.26288514562,0.8099808061420346,0.8169541451620581,37,8,
1:0:4:3:2:7:7:3:4,2004.0,2.98501423242343,936.2,170.18483018521363,183085.43621497834,0.7514395393474088,0.7514835473764925,33,9,
1:0:4:3:2:7:8:2:3,1432.0,2.4427878120245534,942.8000000000001,170.5849001295846,164559.21039716108,0.761996161228407,0.8251753049796939,28,6,
1:0:4:3:2:7:8:2:4,1924.0,2.8329092146310737,864.0,163.89140164557875,164825.830670666,0.7111324376199616,0.8019880409903284,28,9,
1:0:4:3:3:5:7:2:5,2040.0,3.0312150759753957,939.2,179.32610916636233,196642.4485629848,0.5940499040307101,0.7329865125005215,25,10,
1:0:4:3:3:6:7:3:4,1972.0,2.9319073678385337,909.9999999999999,173.04747728775183,189639.21143421458,0.6410748560460653,0.7336275316505351,31,9,
1:0:4:3:3:6:7:2:5,2040.0,2.9920258855119553,877.4000000000002,200.29097270345727,224958.96160767588,0.6218809980806143,0.7061465423339051,25,10,
1:0:4:3:3:7:7:3:4,2004.0,3.0036537221099717,943.1999999999998,182.60717843859072,204333.94589415175,0.7159309021113244,0.7106261712785035,33,9,
1:0:4:4:3:7:6:3:4,2020.0,2.943398229547759,833.6,213.42095518876505,244969.39464887048,0.7120921305182342,0.6774237232394744,34,9,
1:0:5:0:0:8:9:4:2,1328.0,2.3112312975876836,1005.1999999999998,75.10301208636648,42708.495052577,0.8982725527831094,0.9417068892656597,42,4,
1:0:5:0:0:9:9:4:1,1196.0,2.200118535231609,1022.8,73.7235137113369,42752.305455270696,0.9126679462571977,0.9398135261368572,44,3,
1:0:5:0:0:9:9:4:2,1376.0,2.3461430897139355,1001.7999999999998,66.8810994819209,33747.0546729402,0.9318618042226487,0.951672771916963,45,4,
1:0:5:1:0:8:9:4:2,1344.0,2.3314932291738333,1002.8000000000001,82.61594479913394,59135.26130532571,0.8579654510556622,0.9125074713261322,43,4,
1:0:5:1:0:8:9:3:3,1772.0,2.8657080458397095,1125.6,88.46778376497724,59066.228825803366,0.8666026871401151,0.9232229131100559,39,7,
1:0:5:1:0:8:9:3:4,1888.0,2.9989497366693607,1139.4,97.50562560947344,61821.62365849132,0.8426103646833013,0.9299866567008841,36,8,
1:0:5:1:0:9:9:4:1,1196.0,2.228893097726564,1042.6,83.90660783107977,55306.77953215859,0.946257197696737,0.9249872236168145,44,3,
1:0:5:1:0:9:9:4:2,1344.0,2.338653553721354,1013.7999999999998,79.077002977651,48529.30846062169,0.9203454894433781,0.9338221175045536,43,4,
1:0:5:1:0:9:9:4:3,1624.0,2.6701467629493814,1066.9999999999998,91.29292699325568,61271.00301544933,0.9107485604606526,0.9224888863898904,40,6,
1:0:5:1:1:7:8:3:2,1444.0,2.4876982591265127,1044.1999999999998,103.9815860098265,91583.17551806745,0.7763915547024952,0.8627203051805881,39,5,
1:0:5:1:1:7:8:3:3,1740.0,2.886994211515418,1148.1999999999998,120.04796839906575,111401.33993754452,0.7677543186180422,0.8430006211599275,37,7,
1:0:5:1:1:7:8:3:4,1904.0,2.9663522606206785,1077.2000000000003,109.73905556674671,97308.28287873523,0.7802303262955854,0.8604034599039706,37,8,
1:0:5:1:1:7:9:3:2,1332.0,2.4152535242752133,1064.7999999999997,119.89417229477223,88964.59055909989,0.7936660268714012,0.9060764894847876,32,5,
1:0:5:1:1:7:9:3:3,1560.0,2.7012015286260453,1153.8000000000002,100.85199282833895,74767.60137688738,0.7984644913627639,0.906245432928974,36,6,
1:0:5:1:1:7:9:3:4,1904.0,2.941069292038457,1065.9999999999998,94.59420230407251,68039.68274311433,0.7907869481765835,0.9116766426590429,37,8,
1:0:5:1:1:8:8:3:2,1428.0,2.4292803846153554,1003.0,100.3101607692009,84327.08745188489,0.8550863723608445,0.8771839830619937,38,5,
1:0:5:1:1:8:8:3:3,1576.0,2.643677697269579,1062.1999999999998,116.51216055490112,104748.42956083137,0.8071017274472169,0.8554684580183572,37,6,
1:0:5:1:1:8:8:3:4,1920.0,2.94330894879478,1043.7999999999997,103.12792464416104,88316.33262641638,0.8214971209213052,0.8717379290021302,38,8,
1:0:5:1:1:8:9:4:2,1296.0,2.392792248778592,1106.3999999999999,90.88952322729274,69459.46809962169,0.8397312859884837,0.9002697959954901,40,4,
1:0:5:1:1:8:9:4:3,1656.0,2.7256219350040674,1093.6,90.49805627423852,67970.32227528741,0.8829174664107485,0.903752943425727,42,6,
1:0:5:1:1:8:9:3:4,1936.0,2.918510626809699,1006.0000000000001,99.08807313570657,74280.05201394382,0.8531669865642995,0.9041248983879188,39,8,
1:0:5:1:1:9:8:4:2,1312.0,2.447093814059543,1140.2,97.67175425004389,77889.53004655102,0.9001919385796545,0.8908655673669109,41,4,
1:0:5:1:1:9:8:3:3,1560.0,2.636523989150705,1069.2,118.05799669503395,96680.37481238272,0.9145873320537428,0.8842925341215935,36,6,
1:0:5:1:1:9:9:4:2,1296.0,2.315431298101907,1024.8,91.87941262218722,64057.55607318123,0.9117082533589251,0.9168034035148889,40,4,
1:0:5:1:1:9:9:4:3,1640.0,2.6276051029830216,1003.8,94.16451730830853,71487.6605556872,0.9011516314779271,0.9016199564141296,41,6,
1:0:5:2:1:7:8:3:2,1216.0,2.333051404496846,1092.3999999999996,122.63956348571409,108157.50429578123,0.7859884836852208,0.8622768272599179,35,4,
1:0:5:2:1:7:8:3:3,1608.0,2.6568332525463223,1039.0,121.42024915326805,113674.21825214781,0.7984644913627639,0.8392121440656566,39,6,
1:0:5:2:1:7:8:3:4,1888.0,2.8923119305519855,1004.2,121.58903163516898,115194.42326338838,0.7456813819577736,0.8338677590821785,36,8,
1:0:5:2:1:7:9:3:3,1644.0,2.736330462513672,1086.6000000000001,120.65634193924589,92240.13384683676,0.7869481765834933,0.9001975364970312,31,7,
1:0:5:2:1:8:8:3:2,1216.0,2.2868927329326074,1046.6,120.34222771577687,106322.23439516149,0.8301343570057581,0.8616627993675673,35,4,
1:0:5:2:1:8:8:3:3,1724.0,2.7806265354237247,1047.4000000000003,126.01284991152089,118544.51418254447,0.8128598848368522,0.8370784699317563,36,7,
1:0:5:2:1:8:8:3:4,1856.0,2.965690051778369,1107.3999999999999,126.84903395306051,117500.95508278071,0.817658349328215,0.8437546469942567,34,8,
1:0:5:2:1:8:9:3:2,1216.0,2.380369011041124,1143.7999999999997,120.544509504851,91724.94649030657,0.8934740882917467,0.9011550653704111,35,4,
1:0:5:2:1:8:9:3:3,1660.0,2.7123372195930333,1044.8,121.4553828159406,91500.54479182872,0.8771593090211133,0.9031532670945921,32,7,
1:0:5:2:1:8:9:3:4,1808.0,2.885601419871115,1078.4,120.39667950570195,90880.56036140214,0.8589251439539347,0.9027663283924777,31,8,
1:0:5:2:1:9:8:3:2,1412.0,2.494017396077587,1064.6000000000001,122.16612671284537,105946.77542896416,0.9145873320537428,0.86781123690654,37,5,
1:0:5:2:1:9:8:3:3,1724.0,2.7546479328562254,1020.0000000000001,126.3431460361871,111894.19800052317,0.9011516314779271,0.8608294127012822,36,7,
1:0:5:2:2:6:7:3:4,1988.0,3.0749381917352334,1064.2,151.88559578811345,163910.2435890315,0.6861804222648752,0.74861480557745,32,9,
1:0:5:2:2:6:8:3:4,1972.0,3.0009375522091672,1019.9999999999999,134.97692940195225,128875.37540117819,0.6976967370441459,0.8302189424765868,31,9,
1:0:5:2:2:6:8:2:5,2024.0,3.191251708927916,1156.7999999999997,144.4842807028891,128036.15222845765,0.6938579654510557,0.8606248693826248,24,10,
1:0:5:2:2:7:7:3:3,1528.0,2.5843997571969104,1012.0000000000001,152.94454699918066,157970.4193361195,0.738003838771593,0.7842989498824223,34,6,
1:0:5:2:2:7:7:3:4,1956.0,3.148906357743853,1179.7999999999997,145.36042476909523,151651.1541095757,0.7092130518234165,0.7769316939448664,30,9,
1:0:5:2:2:7:8:3:2,1348.0,2.5160245922164854,1137.8,135.89762508957753,128342.39059790151,0.7821497120921305,0.8353222559673354,33,5,
1:0:5:2:2:7:8:3:3,1756.0,2.787780959760551,1018.8,130.06776007049433,128265.48966560779,0.772552783109405,0.8135222241901339,38,7,
1:0:5:2:2:7:8:3:4,1840.0,2.8888527631362018,1030.9999999999998,139.18457918792237,140019.19865336863,0.7207293666026872,0.8018067972929372,33,8,
1:0:5:2:2:8:7:3:4,2036.0,3.2154638989936086,1163.0000000000002,151.51338275134015,153926.08216789557,0.8099808061420346,0.7955728211375672,35,9,
1:0:5:2:2:8:8:3:2,1332.0,2.4550064852551077,1087.6000000000001,138.5167576358222,124834.43508516195,0.8186180422264875,0.854569219366242,32,5,
1:0:5:2:2:8:8:3:3,1740.0,2.7713287147887415,1014.8000000000002,132.9245208098688,129613.46950615045,0.8051823416506718,0.8196457045882604,37,7,
1:0:5:2:2:8:8:3:4,1904.0,3.036606208529663,1126.7999999999997,133.3436692879093,130610.60199991404,0.8253358925143954,0.8172333224143181,37,8,
1:0:5:3:2:6:7:3:4,1972.0,3.09233707683496,1087.6,162.61523406202855,169797.17485004442,0.6833013435700576,0.7762869916203442,31,9,
1:0:5:3:2:6:8:2:3,1368.0,2.608481379573616,1181.4,168.6375975157077,161073.3428513027,0.6976967370441459,0.830043861524893,24,6,
1:0:5:3:2:6:8:2:4,1892.0,2.98531376631399,1055.2000000000003,163.49694449917774,160393.90238624657,0.6429942418426103,0.816394054807054,26,9,
1:0:5:3:2:7:7:3:3,1496.0,2.7001948713686383,1139.3999999999999,178.2030559661217,183993.6090678681,0.755278310940499,0.7845520173481594,32,6,
1:0:5:3:2:7:7:3:4,1956.0,3.0995996831958488,1109.4,164.38286989007406,177547.58769904732,0.7044145873320538,0.7478251738040368,30,9,
1:0:5:3:2:7:8:2:3,1564.0,2.6874034916838445,1068.2000000000003,168.07443833456563,160556.73458988534,0.7888675623800384,0.8299803172360015,26,7,
1:0:5:3:2:7:8:2:4,1892.0,3.079019541465909,1146.6,169.7383622074777,170354.20371100583,0.7120921305182342,0.8032556225445422,26,9,
1:0:5:3:2:7:8:2:5,2040.0,3.2108960176827295,1121.8,183.953650425404,184708.78404534515,0.7015355086372361,0.8029650721208558,25,10,
1:0:5:3:3:6:7:2:3,1564.0,2.744718968711429,1113.4,182.59716539730863,189856.78618614143,0.6554702495201535,0.7794597812816189,26,7,
1:0:5:3:3:6:7:3:4,1956.0,3.075896380955923,1080.1999999999998,168.88402895607203,186713.30657146897,0.6928982725527831,0.7243232136996848,30,9,
1:0:5:3:3:6:7:2:5,2040.0,3.2087031710015337,1118.1999999999998,185.2687041835983,196166.2089715774,0.6142034548944337,0.765260965425227,25,10,
1:0:5:3:3:7:7:3:3,1480.0,2.7093131816433065,1157.2,185.90433527232565,201462.22897339676,0.708253358925144,0.744686812408533,31,6,
1:0:5:3:3:7:7:3:4,1988.0,3.0926013723054244,1056.4,178.09062994225224,191934.3103248921,0.7063339731285988,0.7498439953689117,32,9,
1:0:5:4:3:6:7:1:4,1764.0,3.0327539315838017,1178.8,217.32959671032157,232707.6252842407,0.6122840690978887,0.755695027440313,18,9,
1:0:5:4:3:6:7:2:5,1976.0,3.068627454743415,1001.7999999999998,219.709807842639,236009.72730927297,0.6218809980806143,0.7528433273216844,21,10,
1:0:6:0:0:8:9:4:2,1312.0,2.5061660254029317,1223.8,75.62499846985487,40132.32186644123,0.8771593090211133,0.9477772927166627,41,4,
1:0:6:0:0:9:9:4:1,1196.0,2.3674249142796024,1197.6000000000001,73.25676067934582,35147.00981818342,0.9500959692898272,0.9551875829716441,44,3,
1:0:6:0:0:9:9:4:2,1312.0,2.4809898056584117,1195.3999999999999,77.79137749606531,46868.481508876706,0.9145873320537428,0.9358600963124506,41,4,
1:0:6:1:0:8:9:3:2,1264.0,2.4451813594755034,1198.8,85.07897657347488,55916.64622201162,0.8550863723608445,0.9253790912862945,38,4,
1:0:6:1:0:8:9:3:3,1608.0,2.812081372837503,1229.0,93.1887904966785,61180.69254792815,0.8934740882917467,0.9255235505998054,39,6,
1:0:6:1:0:9:9:4:1,1180.0,2.4014548436850185,1240.1999999999998,82.11594711978925,49030.56845523949,0.9241842610364683,0.9368235658417947,43,3,
1:0:6:1:0:9:9:3:2,1264.0,2.4256597313215007,1183.9999999999995,79.53744003700444,45032.04165075295,0.9203454894433781,0.9421204454673379,38,4,
1:0:6:1:0:9:9:3:3,1560.0,2.748317045863612,1207.5999999999997,96.14636178988384,61731.303320791485,0.9049904030710173,0.9284219494332618,36,6,
1:0:6:1:1:7:8:3:2,1348.0,2.549663973770479,1195.4,113.34986066883893,94893.94725976244,0.7879078694817658,0.8783561517225738,33,5,
1:0:6:1:1:7:8:3:3,1528.0,2.7126445787544324,1184.8000000000002,113.77565106211838,100191.05087001467,0.7629558541266794,0.8627824490064097,34,6,
1:0:6:1:1:7:8:3:4,1888.0,3.0548303915823123,1189.9999999999998,105.13326802876976,86101.10864478629,0.7927063339731286,0.8842772301664473,36,8,
1:0:6:1:1:7:9:3:3,1544.0,2.7595243457656573,1231.9999999999998,99.42436828781517,72320.5342462784,0.791746641074856,0.9097180841990584,35,6,
1:0:6:1:1:7:9:3:4,1840.0,3.0690897473434644,1254.8,103.19151673188999,73161.87580570862,0.7927063339731286,0.9141011807560021,33,8,
1:0:6:1:1:8:8:3:2,1280.0,2.502055161657942,1220.6000000000001,106.54147844757568,87177.26558467926,0.817658349328215,0.8845059304075961,39,4,
1:0:6:1:1:8:8:3:3,1560.0,2.888051491005923,1336.6,112.74965362817183,97007.67404155925,0.8214971209213052,0.8703058109061089,36,6,
1:0:6:1:1:8:8:3:4,1888.0,3.0567090984232084,1183.5999999999997,113.49088055698316,97474.2055364599,0.8042226487523992,0.8708474593130352,36,8,
1:0:6:1:1:8:9:3:2,1444.0,2.6973464388342765,1270.4,96.23498926531587,72821.92424941443,0.8560460652591171,0.902274440955124,39,5,
1:0:6:1:1:8:9:3:3,1592.0,2.8170140170857243,1248.0,95.32860580332485,68207.03218438326,0.8339731285988484,0.9125763680465089,38,6,
1:0:6:1:1:8:9:3:4,1920.0,3.1120709042734616,1219.4,103.37788225294675,76044.63478489684,0.8397312859884837,0.9076935610365695,38,8,
1:0:6:1:1:9:9:3:2,1248.0,2.4602384346575508,1220.4,95.16844891316767,66770.87711974968,0.9001919385796545,0.9158017576862066,37,4,
1:0:6:1:1:9:9:3:3,1528.0,2.738521869793637,1215.6000000000004,109.93978832496956,77978.30648016912,0.9126679462571977,0.9140335507335074,34,6,
1:0:6:2:1:7:8:3:2,1380.0,2.6879975242838907,1286.8000000000002,134.09342030381399,121806.4866668104,0.7715930902111324,0.8515840775526949,35,5,
1:0:6:2:1:7:8:3:3,1692.0,2.8892072789688945,1193.4,125.15398468558836,115960.4994756343,0.7879078694817658,0.8436477331144906,34,7,
1:0:6:2:1:7:8:3:4,1904.0,3.110409392328392,1206.9999999999998,130.04658680618482,121653.71315284056,0.7869481765834933,0.8395584523975668,37,8,
1:0:6:2:1:7:9:2:4,1924.0,3.1002219859345415,1184.1999999999998,122.23130934379249,91695.72122988393,0.7783109404990403,0.9039835101138781,28,9,
1:0:6:2:1:8:8:3:2,1380.0,2.6493249237009984,1250.0,130.59657049643994,119615.5872823596,0.8051823416506718,0.8483503871911598,35,5,
1:0:6:2:1:8:8:3:3,1560.0,2.7656776412343036,1198.6,123.23610216614448,110407.3194660854,0.8214971209213052,0.8567443897120546,36,6,
1:0:6:2:1:8:8:3:4,1888.0,3.114978416770009,1234.9999999999998,122.80751027434934,107701.6494880507,0.8080614203454894,0.8641611388851282,36,8,
1:0:6:2:1:8:9:3:2,1316.0,2.520962738066243,1189.5999999999997,121.24317306502559,92666.62470408287,0.8646833013435701,0.900246806374901,31,5,
1:0:6:2:1:8:9:3:3,1512.0,2.872775516544744,1359.1999999999996,122.23208823962375,93272.3740765658,0.8282149712092131,0.9005775389069133,33,6,
1:0:6:2:1:8:9:2:4,1940.0,3.152407190764667,1222.6,122.20829277678297,92455.42617274169,0.8032629558541267,0.9023192699156508,29,9,
1:0:6:2:1:9:9:3:2,1300.0,2.5567699244602875,1243.8000000000002,120.35426128761958,80421.0558939867,0.9030710172744721,0.9231087301730903,30,5,
1:0:6:2:2:6:7:3:4,1972.0,3.230781058819186,1245.3999999999999,149.0738632895915,155158.88316038798,0.6621880998080614,0.7787016738690654,31,9,
1:0:6:2:2:6:8:3:3,1644.0,2.9177838051394587,1251.7999999999997,144.53072495531612,143139.7183621846,0.6880998080614203,0.8111044276746268,31,7,
1:0:6:2:2:6:8:2:4,1776.0,2.9948704738032736,1204.9999999999998,139.65503370301127,136612.79995607058,0.690978886756238,0.8179415454830467,29,8,
1:0:6:2:2:6:8:2:5,2040.0,3.3325435294143206,1273.2000000000003,159.31035764972214,153276.8327320099,0.6516314779270633,0.8264948930509282,25,10,
1:0:6:2:2:7:7:3:4,1972.0,3.270550912663045,1283.3999999999999,152.51405099489284,160580.31252723283,0.7140115163147792,0.7698146952096602,31,9,
1:0:6:2:2:7:8:2:2,1236.0,2.591708778402761,1305.1999999999996,159.3605470956778,150615.23020085643,0.7648752399232246,0.834976231495582,26,5,
1:0:6:2:2:7:8:3:3,1708.0,2.9469397697334996,1218.0,144.7112400623066,145523.76283940786,0.7610364683301344,0.8020412851884592,35,7,
1:0:6:2:2:7:8:3:4,1840.0,3.052957846102192,1201.9999999999998,139.18207563848443,138593.21910068172,0.77447216890595,0.8079619432570025,33,8,
1:0:6:2:2:7:8:2:5,2040.0,3.273319198667351,1214.4,156.39860501137966,146242.2726910244,0.736084452975048,0.8397453114388235,25,10,
1:0:6:2:2:8:8:3:2,1316.0,2.5405520544205262,1189.2000000000003,142.05524070618833,131214.99301772207,0.8186180422264875,0.8449278713881808,31,5,
1:0:6:2:2:8:8:3:3,1528.0,2.7812315027349226,1233.6,136.44322584978943,128328.12602292927,0.809021113243762,0.837177990371428,34,6,
1:0:6:2:2:8:8:3:4,1904.0,3.1255683976090287,1216.9999999999998,135.84227030860794,130610.60199991404,0.8253358925143954,0.826824190185304,37,8,
1:0:6:3:2:6:7:2:3,1384.0,2.6626141264894163,1216.3999999999999,174.04391980197198,176246.44054642908,0.6986564299424184,0.7976548319739433,25,6,
1:0:6:3:2:6:7:2:4,1940.0,3.236114733581104,1265.0,167.03155239151056,176358.2152298098,0.6477927063339731,0.7675664727336021,29,9,
1:0:6:3:2:6:8:2:4,1744.0,3.1222702264614197,1345.7999999999997,163.60557597279973,165016.1380247466,0.6641074856046065,0.8001838023698189,27,8,
1:0:6:3:2:7:7:2:3,1612.0,2.863690246698654,1209.6000000000001,162.3652370599973,165696.869635209,0.7140115163147792,0.7925960268821952,29,7,
1:0:6:3:2:7:7:3:4,1988.0,3.2414666705613686,1225.4000000000003,164.20827072494606,173200.14277912822,0.727447216890595,0.7683924924400527,32,9,
1:0:6:3:2:7:8:2:3,1400.0,2.727657322568597,1276.0000000000002,166.21893011647757,161959.2063091815,0.746641074856046,0.8200341975452019,26,6,
1:0:6:3:2:7:8:3:4,1972.0,3.2600369080599823,1259.8000000000002,165.15845819850128,166022.19999124546,0.7408829174664108,0.802277420948807,31,9,
1:0:6:3:3:6:7:2:3,1612.0,3.0089069316288564,1324.6000000000001,198.6810227572679,215385.74197475694,0.690978886756238,0.7443431869514843,29,7,
1:0:6:3:3:6:7:2:4,1924.0,3.1571927840768423,1192.6,173.1948810080699,185957.24343474308,0.6641074856046065,0.7532625385188596,28,9,
1:0:6:3:3:7:7:3:3,1692.0,3.032160750125866,1285.0,182.5115016311524,195825.33446124816,0.7437619961612284,0.7538803971825307,34,7,
1:0:6:3:3:7:7:3:4,1972.0,3.323167827947532,1307.6000000000001,183.1408767213281,191151.08364529052,0.7696737044145874,0.7765973718765418,31,9,
1:0:6:4:3:5:7:2:4,1664.0,3.0221155183006294,1270.8000000000002,214.24437006925533,241713.55539087334,0.5460652591170825,0.7005886050512825,22,8,
1:0:7:0:0:9:9:4:2,1296.0,2.674282357779385,1414.6,76.00221680611918,35611.206608622815,0.9309021113243762,0.9567213380549449,40,4,
1:0:7:1:0:8:9:3:2,1232.0,2.7009830405383948,1497.1999999999998,85.22432824100767,49360.733031100404,0.8522072936660269,0.9399353583646194,36,4,
1:0:7:1:0:8:9:3:3,1544.0,2.9326814598888764,1418.2,93.65408120420898,59964.112044537906,0.8733205374280231,0.9287722649598551,35,6,
1:0:7:1:0:9:9:3:2,1248.0,2.5961658055025616,1367.4000000000003,89.80476933366894,53721.76861715678,0.9011516314779271,0.9366252882023952,37,4,
1:0:7:1:1:7:8:3:2,1380.0,2.853973862179349,1481.2,112.64076439088181,89452.4133066144,0.7754318618042226,0.891846674683724,35,5,
1:0:7:1:1:7:8:3:4,1840.0,3.2549597478197523,1433.8,117.8680572281819,97332.95163255632,0.7840690978886756,0.8821017563896507,33,8,
1:0:7:1:1:7:9:3:3,1644.0,3.0035015887606162,1368.4,117.24865548856204,88559.52548004207,0.7965451055662188,0.9026424456601507,31,7,
1:0:7:1:1:8:8:3:2,1232.0,2.657863521874049,1427.0,110.4937897927592,88661.20390411909,0.8627639155470249,0.8893873575493182,36,4,
1:0:7:1:1:8:8:3:3,1560.0,2.9576117360299983,1401.8,120.03142894325813,100949.4915906961,0.8272552783109405,0.8770615196819951,36,6,
1:0:7:1:1:8:8:3:4,1856.0,3.2080927132346213,1369.9999999999998,116.83260719047561,97474.2055364599,0.8042226487523992,0.8793120007397437,34,8,
1:0:7:1:1:8:9:3:2,1428.0,2.779143518169477,1365.8000000000002,102.0675459325947,76627.87458507752,0.817658349328215,0.9038343008730952,38,5,
1:0:7:1:1:8:9:3:3,1544.0,2.9347369052320182,1404.8000000000002,109.19585525176268,81075.68474693867,0.8541266794625719,0.9059613202664769,35,6,
1:0:7:1:1:8:9:3:4,1840.0,3.207039093301421,1391.6000000000001,110.1347352200803,81282.25648577868,0.8272552783109405,0.907086248308011,33,8,
1:0:7:1:1:9:9:3:2,1248.0,2.6608756043798034,1428.2,96.43237976375492,63790.320621720035,0.918426103646833,0.9245024622927629,37,4,
1:0:7:1:1:9:9:3:3,1576.0,2.9445982429785587,1390.6,101.67136918365784,63809.070088279,0.9040307101727447,0.93121928350185,37,6,
1:0:7:2:1:7:8:3:2,1300.0,2.7547106464529434,1448.2,122.20849360396696,101845.41638327931,0.7859884836852208,0.8796205526057691,30,5,
1:0:7:2:1:7:8:3:3,1660.0,3.092025314915812,1434.1999999999998,127.69037814227647,111234.53946668083,0.7850287907869482,0.8663698518141358,32,7,
1:0:7:2:1:7:8:3:4,1840.0,3.2433494887646552,1415.3999999999999,124.17016729277066,106096.11907185396,0.7907869481765835,0.8724234276268082,33,8,
1:0:7:2:1:7:9:2:3,1596.0,3.130445485631946,1542.3999999999999,123.52419602848799,88267.04655483225,0.7955854126679462,0.9127938913604996,28,7,
1:0:7:2:1:7:9:2:4,1908.0,3.347432912905674,1450.4,129.62509524771244,99118.3207447036,0.7735124760076776,0.9001523396997178,27,9,
1:0:7:2:1:8:8:3:2,1332.0,2.8216705048727575,1487.2,120.98066607741315,93128.27267390075,0.8272552783109405,0.8987583460120845,32,5,
1:0:7:2:1:8:8:3:3,1692.0,3.133834906192518,1443.9999999999998,129.45597225260371,114814.22206019367,0.8387715930902111,0.8603352965303417,34,7,
1:0:7:2:1:8:8:3:4,1840.0,3.1965210568910702,1369.9999999999998,120.77494128049551,100804.20175009419,0.8157389635316699,0.8791997455603013,33,8,
1:0:7:2:1:8:9:3:2,1300.0,2.725543233058933,1419.0000000000002,121.01604884740803,88891.89735371056,0.8330134357005758,0.907955668233063,30,5,
1:0:7:2:1:8:9:3:3,1644.0,3.029244030470148,1387.9999999999998,124.47227974989492,94791.97697103719,0.8752399232245681,0.9009867679092046,31,7,
1:0:7:2:1:8:9:2:4,1776.0,3.1795016154641766,1405.2000000000005,131.84068331367163,96629.89396360282,0.845489443378119,0.9083570025480145,29,8,
1:0:7:2:1:9:9:2:2,1284.0,2.682843096772293,1385.6000000000001,125.9225068367289,85973.02376392661,0.9049904030710173,0.9200028552659907,29,5,
1:0:7:2:2:6:7:3:4,1956.0,3.358912338079112,1384.2,159.7866562784349,166938.81998657715,0.6679462571976967,0.7758534304304359,30,9,
1:0:7:2:2:7:8:3:3,1480.0,3.0318595461417828,1530.8000000000002,148.39764707973754,140352.13151614863,0.753358925143954,0.8346563244586687,31,6,
1:0:7:2:2:7:8:3:4,1808.0,3.2429177210062496,1432.9999999999998,138.12026528851234,134478.03155004172,0.7792706333973128,0.8204350056042643,31,8,
1:0:7:2:2:8:8:3:4,1872.0,3.254574280496168,1381.1999999999998,138.06640027700712,130610.60199991404,0.8253358925143954,0.8345524969470965,35,8,
1:0:7:3:2:6:7:2:4,1728.0,3.2578221672621583,1486.1999999999998,180.4506982871687,183833.52911130374,0.6583493282149712,0.7937514390285612,26,8,
1:0:7:3:2:6:8:2:5,2040.0,3.590993171096144,1521.3999999999999,180.41488428218253,178459.46084053768,0.6871401151631478,0.8118023527850415,25,10,
1:0:7:3:2:7:7:2:4,1940.0,3.430094673640892,1467.7999999999997,166.3586499338097,168184.23634819375,0.7207293666026872,0.7987142606107255,29,9,
1:0:7:3:2:7:8:2:3,1580.0,3.1398532520749405,1528.8,162.9270886620879,158755.53162941273,0.7053742802303263,0.8200215735832963,27,7,
1:0:7:3:2:7:8:3:4,1956.0,3.357890784021251,1375.0000000000002,167.92219695014313,166022.19999124546,0.7408829174664108,0.812075172611513,30,9,
1:0:7:3:2:7:8:2:5,2024.0,3.5291833022703667,1488.4,165.00900096572198,153074.63422857661,0.7399232245681382,0.8431361611630167,24,10,
1:0:7:3:2:8:8:2:3,1596.0,3.0168817021537766,1382.4,165.190733644235,151081.84968438288,0.8214971209213052,0.8489250135467691,28,7,
1:0:7:3:3:6:7:2:4,1860.0,3.3591530548431088,1445.0000000000005,195.2374831465189,207704.2055278617,0.6247600767754319,0.7612943064067892,24,9,
1:0:7:4:3:5:7:1:5,2012.0,3.6193718911047803,1542.8000000000002,216.5855105311808,230416.8201382571,0.5585412667946257,0.7612890512993461,13,11,
1:0:7:5:4:5:6:1:3,1452.0,2.995803388824341,1406.2,263.42713115496326,308030.37642727914,0.5604606525911708,0.6486722477583003,19,7,
1:0:7:5:5:5:6:1:3,1452.0,3.015223479293523,1421.4,268.46286542385116,314482.79294247495,0.5614203454894434,0.6456475628677073,19,7,
1:0:7:6:6:3:5:0:5,1948.0,3.506943529590796,1394.3999999999999,311.8351578336096,386083.58666937385,0.31861804222648754,0.5223951574212201,9,11,
1:0:7:7:6:3:5:0:5,1784.0,3.4718535402909017,1490.4,343.27138898311915,425690.22908009443,0.33685220729366605,0.517649696843502,9,10,
1:0:8:1:0:8:9:3:2,1200.0,2.740792142291096,1554.8000000000002,101.10541226732231,55793.21216427457,0.8963531669865643,0.9444579689041724,34,4,
1:0:8:1:0:9:9:3:2,1232.0,2.7560895113988533,1555.3999999999996,84.44527087760558,34054.78156701795,0.944337811900192,0.9650083854139709,36,4,
1:0:8:1:1:8:8:3:2,1184.0,2.785798517006133,1602.9999999999998,115.80205472039084,88661.20390411909,0.8627639155470249,0.8998890762038464,33,4,
1:0:8:1:1:8:9:3:2,1364.0,2.928266503063428,1572.6000000000001,114.65369619209166,86591.82460491697,0.8493282149712092,0.9026601007789746,34,5,
1:0:8:1:1:8:9:3:3,1496.0,3.1496813398834034,1667.8000000000006,118.16795615850555,86413.61432791762,0.8752399232245681,0.9087650522542721,32,6,
1:0:8:1:1:9:9:3:3,1496.0,3.045141499630093,1569.4000000000003,107.63744261455639,72280.88942785031,0.9001919385796545,0.922409730572937,32,6,
1:0:8:2:1:7:8:2:2,1284.0,2.892535415407907,1605.2,124.82190285503921,101845.41638327931,0.7859884836852208,0.8852359355592552,29,5,
1:0:8:2:1:7:8:3:3,1628.0,3.243185244823449,1619.1999999999998,132.1990251060345,114156.1988659206,0.7581573896353166,0.8691711309586562,30,7,
1:0:8:2:1:7:8:2:4,1728.0,3.3181764342638758,1591.2,138.33984450295853,114664.06419712988,0.7687140115163148,0.8811029203616989,26,8,
1:0:8:2:1:7:8:2:5,2024.0,3.638990526929032,1620.7999999999997,147.02812906005187,122440.1212336151,0.7408829174664108,0.8798211952575642,24,10,
1:0:8:2:1:8:8:3:2,1348.0,2.9283981081660766,1582.4,120.99082870905187,94027.62897486595,0.8378119001919386,0.8967182312530871,33,5,
1:0:8:2:1:8:8:3:3,1644.0,3.2159542302666635,1571.3999999999999,135.62430793786336,116404.9317517486,0.8147792706333973,0.8710560802744001,31,7,
1:0:8:2:1:8:8:2:4,1908.0,3.4527947258426863,1550.8000000000004,139.01210432807832,109887.76115478625,0.8109404990403071,0.8929128555444468,27,9,
1:0:8:2:1:8:9:2:2,1252.0,2.8954857411401704,1639.1999999999998,125.89614226805756,89653.07676986244,0.8310940499040307,0.9133708833858398,27,5,
1:0:8:2:1:8:9:2:3,1400.0,3.064115386259501,1671.2,121.60823248240008,85511.18813483413,0.8358925143953935,0.9154446834623793,26,6,
1:0:8:2:1:8:9:2:4,1760.0,3.357653570093749,1607.6000000000001,131.0750200376866,99660.79554785557,0.8358925143953935,0.901312051012557,28,8,
1:0:8:2:2:7:8:3:4,1792.0,3.362512106581856,1565.3999999999999,146.33761505829423,135163.07259677755,0.7687140115163148,0.8449507698827747,30,8,
1:0:8:3:2:6:8:2:3,1432.0,3.0179349809168587,1549.0,163.6882501153668,157160.1702521479,0.699616122840691,0.8275254827861982,28,6,
1:0:8:3:2:6:8:2:4,1712.0,3.3127402545600924,1566.2,173.67534525161614,172487.5092865739,0.6785028790786948,0.8094905058244122,25,8,
1:0:8:3:2:7:8:2:3,1484.0,3.2053949001404294,1690.4,165.6214859463277,145188.6684327555,0.7332053742802304,0.8643002182145854,21,7,
1:0:8:3:2:7:8:2:4,1924.0,3.51550814350354,1570.6,168.55948553068865,168184.23634819375,0.7207293666026872,0.8067760501156753,28,9,
1:0:9:2:2:7:8:2:4,1728.0,3.5459744592860014,1805.3999999999996,161.50538657601385,150859.7387022849,0.7523992322456814,0.8401987618759577,26,8,
1:0:9:3:2:6:8:1:4,1584.0,3.4034154974355944,1774.0,188.35894832788918,178895.3629066847,0.6689059500959693,0.8327182336761789,17,8,
1:0:9:3:2:7:8:2:4,1892.0,3.6756727712655053,1770.9999999999998,167.05102765865698,158367.68355263252,0.7523992322456814,0.8335694318089776,26,9,
1:0:9:3:2:7:8:2:5,2040.0,3.7929001935407536,1737.1999999999996,175.00200166946533,173740.9097728268,0.7293666026871402,0.8097041030215824,25,10,
2:0:1:1:1:8:8:4:4,2196.0,2.638515914128471,448.80000000000007,104.5335825218668,101348.0591857448,0.8435700575815739,0.8226282142097795,45,9,
2:0:1:1:1:8:8:4:5,2360.0,2.8036644472226846,447.6000000000001,113.81835400603737,114274.89675724696,0.8358925143953935,0.8030223146950479,45,10,
2:0:1:2:2:6:7:3:7,2872.0,3.332098432634972,439.4000000000001,160.6465668056408,175609.9256788795,0.6890595009596929,0.7361690818245883,36,14,
2:0:2:1:1:7:8:4:5,2312.0,2.8345128140790083,527.4000000000001,114.16235227032679,114705.47597419075,0.7792706333973128,0.8025665764082218,42,10,
2:0:2:1:1:8:8:4:4,2212.0,2.664134483639907,471.20000000000005,92.82813195278332,83201.5213064485,0.8157389635316699,0.8565840482393124,46,9,
2:0:2:1:1:8:8:4:5,2360.0,2.805117028764654,456.8000000000002,106.13194397276902,102896.1364836983,0.817658349328215,0.8226360874826519,45,10,
2:0:2:2:1:8:8:4:4,2132.0,2.7020885532131245,561.6,121.97627244807559,119204.03890085331,0.8291746641074856,0.8184583650028526,41,9,
2:0:2:2:2:6:7:3:5,2396.0,3.0252654857523607,600.4000000000002,155.92663615395995,171584.51839047487,0.6986564299424184,0.7293293284277667,37,11,
2:0:2:2:2:6:7:3:7,2904.0,3.3920167848227836,483.20000000000005,147.2814897853398,165048.9343688668,0.6785028790786948,0.7088648633216935,38,14,
2:0:2:2:2:7:7:4:5,2460.0,2.9653013184074033,487.2,142.64397378051427,154920.40690903028,0.7975047984644914,0.7425853763085705,41,11,
2:0:2:2:2:7:7:3:6,2576.0,3.0917452679835895,514.8000000000001,130.79856923890037,138840.10780302336,0.736084452975048,0.7631766376612621,38,12,
2:0:2:2:2:7:7:3:7,2888.0,3.403565788874726,514.8000000000002,143.71555200746454,153837.3447166968,0.7140115163147792,0.7559666488083838,37,14,
2:0:2:2:2:7:8:3:5,2216.0,2.859899472778924,633.9999999999998,130.01525063563946,125578.87961806377,0.7600767754318618,0.8245486440195083,36,10,
2:0:2:2:2:8:7:4:5,2280.0,2.857461484264366,565.1999999999999,132.27486660346983,133977.14336907415,0.8128598848368522,0.797519259132918,40,10,
2:0:2:2:2:8:7:3:6,2576.0,3.17587340399922,596.1999999999998,137.06008696718737,140260.1223552712,0.8032629558541267,0.7907341396859755,38,12,
2:0:2:2:2:8:8:4:4,2132.0,2.7159272637677025,569.5999999999999,128.39620884594598,128235.279922422,0.8282149712092131,0.8061969838208749,41,9,
2:0:2:3:2:7:7:3:6,2692.0,3.2808031867691123,559.4000000000002,167.196920613415,184058.20752754467,0.7053742802303263,0.7289181082096008,35,13,
2:0:2:3:3:6:6:3:7,2888.0,3.452721019797913,532.4000000000001,177.33530262942554,208735.8965252197,0.6391554702495201,0.6373072212379194,37,14,
2:0:2:3:3:6:7:3:6,2708.0,3.2540127716417775,512.4000000000001,170.28130805073232,191275.86845365388,0.690978886756238,0.7060026819761934,36,13,
2:0:2:3:3:6:7:2:7,2908.0,3.5692258308776696,632.8000000000001,178.33331577453157,191906.12924090537,0.6938579654510557,0.7512249163039934,28,15,
2:0:2:3:3:7:6:3:4,2052.0,2.7483021371471694,633.4,178.33082690735023,206521.33980213996,0.7178502879078695,0.664183094053939,36,9,
2:0:3:1:1:7:8:3:4,2100.0,2.8642026382159926,774.1999999999999,110.29914902106445,105658.10909306355,0.7696737044145874,0.8286430985160325,39,9,
2:0:3:1:1:7:8:3:5,2264.0,2.906952501561796,654.7999999999998,110.24450662739154,101712.04684908115,0.7907869481765835,0.8454116337750642,39,10,
2:0:3:1:1:8:7:4:5,2312.0,2.9620571800492557,656.5999999999999,117.86358161132469,119393.61969740936,0.8109404990403071,0.7974482213337702,42,10,
2:0:3:1:1:8:8:4:4,2132.0,2.7985590410392756,673.9999999999999,110.09852076292496,103931.94681425435,0.800383877159309,0.8355217610812601,41,9,
2:0:3:1:1:8:8:3:5,2248.0,2.9719776240622284,740.7999999999995,108.00068427284192,90731.82312123687,0.8243761996161229,0.8773729119174918,38,10,
2:0:3:2:1:7:8:3:4,2052.0,2.813472475254657,759.1999999999998,120.43831921535259,110353.98756811171,0.7888675623800384,0.8481970127429859,36,9,
2:0:3:2:1:7:8:3:5,2264.0,2.9449463525711863,682.0000000000001,122.63409937917577,118063.59161582202,0.7965451055662188,0.8261837526914672,39,10,
2:0:3:2:1:7:8:3:6,2560.0,3.199522328253094,649.8,124.10226603972392,118136.30790789676,0.7687140115163148,0.8316478477075174,37,12,
2:0:3:2:1:8:8:3:4,2068.0,2.8362065402065193,757.5999999999999,129.72721489519338,123535.19872886379,0.8013435700575816,0.8314783649409551,37,9,
2:0:3:2:1:8:8:4:5,2296.0,2.990780447001996,699.2,121.19322577607937,114274.89675724696,0.8358925143953935,0.8360379198687303,41,10,
2:0:3:2:2:6:7:3:5,2200.0,3.0027235561580192,783.1999999999996,145.63794551665663,152151.77171154236,0.6785028790786948,0.775878615879236,35,10,
2:0:3:2:2:6:7:3:6,2724.0,3.440895706027163,726.8000000000002,134.61332568030392,143976.02216611957,0.6957773512476008,0.7566869640819356,37,13,
2:0:3:2:2:6:7:3:7,2840.0,3.596964851957039,753.7999999999998,154.23737573923466,162116.70033584035,0.6775431861804223,0.7711739464761529,34,14,
2:0:3:2:2:6:8:3:5,2332.0,3.116803275181138,773.4,142.30901273874562,142883.67057249352,0.6746641074856046,0.8030058847153934,33,11,
2:0:3:2:2:6:8:3:6,2628.0,3.4347349305954356,803.0,147.99379768044415,149080.53523704817,0.6708253358925144,0.8009765177419118,31,13,
2:0:3:2:2:7:7:3:4,2052.0,2.7163496258002957,638.8000000000001,139.63631008390817,141529.6746005669,0.7495201535508638,0.7970818198157585,36,9,
2:0:3:2:2:7:7:3:5,2264.0,2.968853024270459,687.9999999999998,141.54485128981898,154469.18037386128,0.7389635316698656,0.7378546895851789,39,10,
2:0:3:2:2:7:7:3:6,2576.0,3.2705254031062743,696.1999999999996,135.68747003673832,140162.6434879211,0.7600767754318618,0.7842155223294239,38,12,
2:0:3:2:2:7:7:3:7,2840.0,3.5711254746492456,720.1999999999999,160.91274458451412,170000.9214681583,0.7456813819577736,0.767073530257626,34,14,
2:0:3:2:2:7:8:3:4,2052.0,2.807859251074642,735.1999999999998,138.5893396197769,139041.44408125628,0.7571976967370442,0.8034782372395649,36,9,
2:0:3:2:2:7:8:3:5,2264.0,3.0227496580488395,760.9999999999997,124.70514368689125,125263.6554993648,0.7351247600767754,0.8027369984958334,39,10,
2:0:3:2:2:7:8:3:6,2676.0,3.356371163230475,683.4,137.938752086155,138539.19943457487,0.7044145873320538,0.8028137425793849,34,13,
2:0:3:2:2:8:8:4:4,2132.0,2.8695452823828846,726.8000000000003,131.26618424296564,129607.77664521968,0.8320537428023033,0.8128280924672993,41,9,
2:0:3:2:2:8:8:3:5,2248.0,2.9792464270307315,724.1999999999998,132.17477696602228,130965.32331822497,0.809021113243762,0.8108310947855972,38,10,
2:0:3:2:2:8:8:3:6,2464.0,3.1506739994632618,672.1999999999999,146.80230744071864,139582.53764489113,0.8147792706333973,0.8321952946072794,31,12,
2:0:3:3:2:6:7:3:6,2512.0,3.2872798116969117,749.7999999999997,163.54556378818242,180061.77038573156,0.6775431861804223,0.7287821104654402,34,12,
2:0:3:3:2:6:7:2:7,2760.0,3.4863765544478302,707.8,165.00436973463934,179987.8625757108,0.6861804222648752,0.7383133156643199,29,14,
2:0:3:3:2:6:8:2:5,2072.0,2.924819802372441,809.4,166.2622340720835,167026.56162677286,0.682341650671785,0.8026646130787369,27,10,
2:0:3:3:2:6:8:2:6,2532.0,3.3374811206439983,763.9999999999999,181.655327711046,182677.74229076176,0.6890595009596929,0.8020329771737345,25,13,
2:0:3:3:2:6:8:2:7,2760.0,3.589842623116499,812.9999999999999,167.616013287392,168770.08591709816,0.6737044145873321,0.8012593772634197,29,14,
2:0:3:3:2:7:7:3:5,2184.0,3.030412467207959,809.5999999999999,164.08979083069315,177836.0118983977,0.7821497120921305,0.7446121314025107,34,10,
2:0:3:3:2:7:7:3:6,2464.0,3.3043961827439565,813.2,165.98082241920264,178341.97600266617,0.7092130518234165,0.7526041817838205,31,12,
2:0:3:3:2:7:7:3:7,2808.0,3.519914161958496,693.7999999999998,165.9505567607532,179593.47802602203,0.7120921305182342,0.7459804803008648,32,14,
2:0:3:3:2:7:8:3:5,2152.0,2.926543202499215,735.0,162.45801700418156,162730.2215257812,0.7399232245681382,0.8044393778431609,32,10,
2:0:3:3:2:7:8:2:6,2580.0,3.4120048006918786,811.5999999999998,163.70900232093751,163480.83754114475,0.716890595009597,0.8062806660522827,28,13,
2:0:3:3:3:5:6:2:7,2860.0,3.640047532746254,728.8000000000001,204.1295291215962,238027.3876589366,0.5316698656429942,0.6532834575815016,25,15,
2:0:3:3:3:5:7:2:6,2548.0,3.3998580657213977,809.0,185.65210448169614,206394.86074231932,0.5479846449136276,0.7181569824416887,26,13,
2:0:3:3:3:5:7:2:7,2908.0,3.6598662294797224,721.4000000000002,184.18061111787088,205566.43485802106,0.5911708253358925,0.7136399477751283,28,15,
2:0:3:3:3:6:6:3:6,2644.0,3.4950907426313824,801.4000000000001,196.48455382190036,234370.6181351209,0.6036468330134357,0.6123220126223705,32,13,
2:0:3:3:3:6:6:2:7,2728.0,3.579067023202224,817.4000000000001,183.98783817671713,208222.45436407786,0.6026871401151631,0.6966399049840398,27,14,
2:0:3:3:3:6:7:3:5,2316.0,3.0825745763445664,727.0,169.042708551038,189033.21863642024,0.6928982725527831,0.7113913225661771,32,11,
2:0:3:3:3:6:7:3:6,2676.0,3.3766521880557616,676.2,166.27157995410352,186517.39307572032,0.6516314779270633,0.7076556101860788,34,13,
2:0:3:3:3:6:7:2:7,2908.0,3.635513374163627,693.6000000000003,186.604935878499,210133.7260779348,0.6362763915547025,0.7029455669888919,28,15,
2:0:3:3:3:7:6:3:5,2184.0,3.0219331378917764,777.6,187.25432968323108,213847.26800982526,0.7111324376199616,0.6845644449012721,34,10,
2:0:3:3:3:7:7:3:5,2332.0,3.123768385399189,752.6,170.3666575859551,186299.8954131392,0.7053742802303263,0.7358193900530164,33,11,
2:0:3:3:3:7:7:3:6,2496.0,3.3209350422493604,796.1999999999999,168.2143140238337,186299.8954131392,0.7053742802303263,0.722398643194493,33,12,
2:0:3:3:3:7:7:3:7,2792.0,3.5571604722574754,729.1999999999998,185.36121209228932,207815.32792465962,0.7178502879078695,0.7083283780560047,31,14,
2:0:3:4:3:5:6:2:7,2828.0,3.637116595725953,750.5999999999998,211.27549274644298,240752.1359307067,0.581573896353167,0.6875604740588228,23,15,
2:0:3:4:3:5:7:2:7,2812.0,3.6534985083386933,783.9999999999999,210.9454456889184,237423.90128756774,0.5882917466410749,0.7035684733929726,22,15,
2:0:3:4:3:6:6:2:7,2860.0,3.723587605665659,810.7999999999998,209.1782851036175,239378.6243954043,0.6180422264875239,0.6816912258136018,25,15,
2:0:3:4:3:6:7:2:7,2828.0,3.6575413320468875,774.5999999999999,208.55806799285665,235259.41884146354,0.6266794625719769,0.7007958775292824,23,15,
2:0:3:4:4:4:5:2:7,2696.0,3.4788225693903896,701.8000000000001,227.13311730478566,278133.8222600533,0.4961612284069098,0.5526645209609999,25,14,
2:0:3:4:4:5:6:2:7,2892.0,3.6779549738269575,731.4,209.02908272768943,247614.06865764543,0.5662188099808061,0.6257062688536583,27,15,
2:0:4:1:1:7:8:4:4,2116.0,2.9294862567660656,831.1999999999997,105.32467955024032,96440.07698283823,0.7802303262955854,0.8484680865962838,40,9,
2:0:4:1:1:7:8:3:5,2412.0,3.2594705515768325,864.9999999999998,119.36831474305947,109615.83299803005,0.7696737044145874,0.8473114409884006,38,11,
2:0:4:1:1:8:8:4:4,2132.0,2.962060834209592,840.8,113.66738924639482,106503.25870135079,0.8406909788867563,0.8388527784141575,41,9,
2:0:4:1:1:8:8:3:5,2264.0,3.1209909535621256,870.3999999999999,117.67257361173505,108767.26194331294,0.8109404990403071,0.8446456867737288,39,10,
2:0:4:2:1:6:8:2:5,2088.0,3.07093396139815,977.1999999999998,134.71318777687245,120778.48940594905,0.6976967370441459,0.8564769982203265,28,10,
2:0:4:2:1:7:8:3:4,2068.0,2.9976682889036588,933.1999999999998,122.37035703761255,118424.19759257532,0.7523992322456814,0.8235654543233549,37,9,
2:0:4:2:1:7:8:3:5,2248.0,3.1106785126377634,871.6,121.7270101685495,118961.42190694224,0.7984644913627639,0.8184539636632692,38,10,
2:0:4:2:1:7:8:3:6,2592.0,3.405906481431962,833.3999999999999,123.55455365210506,122017.66857617426,0.7658349328214972,0.8127170451533953,39,12,
2:0:4:2:1:7:8:3:7,2776.0,3.7204002985893205,965.9999999999999,134.65711113007166,117555.40727368867,0.7571976967370442,0.8656702732015923,30,14,
2:0:4:2:1:8:8:3:4,2068.0,2.9254073517280155,856.4,123.87446050059218,117154.44237238646,0.8426103646833013,0.8346721504187651,37,9,
2:0:4:2:1:8:8:3:5,2396.0,3.2135930713061573,823.4000000000002,129.16398030101584,122383.91743718817,0.8186180422264875,0.8338190029041541,37,11,
2:0:4:2:1:8:8:3:6,2448.0,3.4116549152479676,986.1999999999999,120.74442168838235,97593.160838295,0.8032629558541267,0.887610130502606,30,12,
2:0:4:2:2:6:7:3:5,2316.0,3.210251505177941,882.5999999999999,146.48206839541444,154372.14649806192,0.6880998080614203,0.769074744940935,32,11,
2:0:4:2:2:6:7:2:6,2596.0,3.5676049427719057,961.0,160.44435036832564,173005.6706964778,0.6228406909788867,0.749368062641025,29,13,
2:0:4:2:2:6:7:3:7,2824.0,3.7348724479330033,914.6,153.1370907461897,163733.27552399505,0.6900191938579654,0.7569805171514189,33,14,
2:0:4:2:2:6:8:3:5,2168.0,3.120643546071209,947.4,136.31057500619946,134296.53212595615,0.6948176583493282,0.8140417871816389,33,10,
2:0:4:2:2:6:8:3:6,2660.0,3.6094625393256208,959.0000000000001,142.059965977297,143113.5301665435,0.682341650671785,0.8009312469636921,33,13,
2:0:4:2:2:7:7:3:5,2364.0,3.2101349205554213,823.7999999999998,157.16058721874916,173358.37831075123,0.7053742802303263,0.7267748319349396,35,11,
2:0:4:2:2:7:7:3:6,2692.0,3.5435627473093962,862.8,137.59238269639096,140336.5785821567,0.7495201535508638,0.7929717424643724,35,13,
2:0:4:2:2:7:7:3:7,2824.0,3.644997592265601,821.8000000000001,152.28749114075634,157333.0805012312,0.7226487523992322,0.7841114446866441,33,14,
2:0:4:2:2:7:8:3:4,2068.0,2.9055893763006195,831.5999999999996,128.0241301052461,124941.56352311341,0.7907869481765835,0.8191945108991109,37,9,
2:0:4:2:2:7:8:3:5,2396.0,3.334107051470498,949.3999999999996,128.73954763225942,126636.94961737373,0.7571976967370442,0.8149175395636136,37,11,
2:0:4:2:2:7:8:3:6,2528.0,3.4379892191782035,919.7999999999997,134.58476638368836,134783.75707568604,0.7485604606525912,0.80455826031729,35,12,
2:0:4:2:2:7:8:3:7,2824.0,3.763827178746604,957.1999999999999,140.70792025396176,140240.7630449836,0.7226487523992322,0.8074243594236449,33,14,
2:0:4:2:2:8:7:3:5,2200.0,3.1041322335364394,886.5999999999998,147.90578734497024,149691.07270270574,0.8138195777351248,0.7980240610051927,35,10,
2:0:4:2:2:8:8:3:4,2052.0,2.9848773121877112,927.7999999999997,130.44215929959537,125021.98476970245,0.8032629558541267,0.8283769670256395,36,9,
2:0:4:2:2:8:8:3:5,2248.0,3.095305065439961,836.0000000000001,141.30787818843982,140801.3628777714,0.8119001919385797,0.8075806460339554,38,10,
2:0:4:3:2:6:7:3:5,2300.0,3.1788835528224393,845.9999999999999,166.3966620409817,183232.93874806614,0.6746641074856046,0.7285963390504246,31,11,
2:0:4:3:2:6:7:3:6,2628.0,3.5448828399482486,901.5999999999999,164.16791922607544,179551.00144473577,0.6420345489443378,0.7356527914508875,31,13,
2:0:4:3:2:6:7:3:7,2776.0,3.6982748526494533,908.3999999999999,169.20239646073082,183401.7617257358,0.6564299424184261,0.7444829119287806,30,14,
2:0:4:3:2:6:8:2:5,2252.0,3.267554349273568,989.9999999999997,162.7916319430584,163928.21144379603,0.663147792706334,0.8011997586151565,28,11,
2:0:4:3:2:6:8:2:6,2596.0,3.5165384998830174,905.7999999999998,162.43311687810447,162427.16692962527,0.6871401151631478,0.8054694309240932,29,13,
2:0:4:3:2:6:8:2:7,2712.0,3.6429730859617377,914.5999999999997,169.3779555721311,169582.72029604163,0.6756238003838771,0.8047208270915802,26,14,
2:0:4:3:2:7:7:3:5,2316.0,3.2129077596751388,864.6,167.2498855814947,183234.3665118174,0.7197696737044146,0.7339148126953988,32,11,
2:0:4:3:2:7:7:3:6,2612.0,3.4590131483949533,829.7999999999997,162.491700627542,177176.6826736306,0.7053742802303263,0.7387075322247277,30,13,
2:0:4:3:2:7:7:3:7,2840.0,3.738692317019007,892.0,163.71739433380534,175345.8452493907,0.718809980806142,0.7554734254869346,34,14,
2:0:4:3:2:7:8:3:5,2152.0,3.0560620111652597,869.3999999999999,163.0166156342006,164123.4197176215,0.7715930902111324,0.8013184235854967,32,10,
2:0:4:3:2:7:8:2:6,2416.0,3.2981565396884287,857.8,162.87911435534267,163412.5866201362,0.7303262955854126,0.8034702889683045,28,12,
2:0:4:3:2:8:8:2:5,2104.0,3.117552474377102,981.0000000000001,163.48967830094043,148051.30117883088,0.8214971209213052,0.8527625657642899,29,10,
2:0:4:3:3:4:6:2:7,2812.0,3.682008755064839,820.4000000000001,204.25312277756225,231310.47050295668,0.4894433781190019,0.6957831890393557,22,15,
2:0:4:3:3:5:6:2:6,2384.0,3.372829547372236,946.8,183.68838836186944,208276.8010166677,0.5777351247600768,0.6941883278812068,26,12,
2:0:4:3:3:5:6:2:7,2892.0,3.919232982619797,994.1999999999997,197.6407678898291,230331.38398852502,0.5844529750479847,0.6542006719061886,27,15,
2:0:4:3:3:5:7:2:5,2204.0,3.1967673520091693,949.0,178.03158079355455,196396.8010166677,0.5978886756238004,0.7266855287530317,25,11,
2:0:4:3:3:5:7:2:6,2580.0,3.579459622820826,976.1999999999998,173.596926979301,192049.86736253995,0.5844529750479847,0.7236063183950446,28,13,
2:0:4:3:3:5:7:2:7,2892.0,3.869622416107543,949.5999999999999,190.5465575840599,214915.20352582424,0.5998080614203455,0.7009520917137714,27,15,
2:0:4:3:3:6:6:3:5,2316.0,3.294861836107814,940.7999999999998,176.44603322434236,200483.8524738361,0.6420345489443378,0.6914341547454022,32,11,
2:0:4:3:3:6:6:3:6,2464.0,3.4363914239666604,935.6,181.11986377326045,207402.8689126083,0.6170825335892515,0.6807850569282159,31,12,
2:0:4:3:3:6:6:2:7,2760.0,3.6645166755300504,863.9999999999998,194.42637590231277,227541.02265469503,0.6468330134357005,0.6472368126764559,29,14,
2:0:4:3:3:6:7:2:5,2252.0,3.2342586781005154,947.1999999999998,170.89754258073708,190124.7420109021,0.6449136276391555,0.7173632602949509,28,11,
2:0:4:3:3:6:7:3:6,2612.0,3.4720663745878775,826.6,179.29316232056883,202321.8600011949,0.682341650671785,0.7003348492400574,30,13,
2:0:4:3:3:6:7:3:7,2776.0,3.6583344782849267,862.5999999999999,173.3845263728934,195406.50102234792,0.6209213051823417,0.7019249152581964,30,14,
2:0:4:3:3:7:6:3:6,2464.0,3.33922529891797,827.3999999999999,188.07276147252432,212454.15883414447,0.7024952015355086,0.6989937191127847,31,12,
2:0:4:3:3:7:7:3:5,2316.0,3.3041131706384133,950.4000000000003,176.48592380522618,188743.28982373513,0.72552783109405,0.7567690433100858,32,11,
2:0:4:3:3:7:7:3:6,2660.0,3.6258166099631466,950.8000000000001,167.30090758159852,185822.75562620195,0.7130518234165067,0.7191919124727177,33,13,
2:0:4:3:3:7:7:2:7,2760.0,3.7642422968332223,977.8000000000001,184.54047330021723,201582.30625391306,0.7063339731285988,0.7369031236227236,29,14,
2:0:4:4:3:4:6:2:6,2500.0,3.541475959242877,985.5999999999998,204.61794953107773,237642.48380731084,0.4971209213051823,0.6597201915085431,23,13,
2:0:4:4:3:4:6:2:7,2860.0,3.7548713253452464,847.8000000000001,204.77592100974647,238574.90596318507,0.4894433781190019,0.6546892191728468,25,15,
2:0:4:4:3:5:6:2:6,2516.0,3.509223836034986,934.0,206.61123714845561,242664.9226986612,0.5047984644913628,0.6411382807530114,24,13,
2:0:4:4:3:5:6:2:7,2680.0,3.6421123747571076,906.8000000000001,208.28109449690615,247032.57959392833,0.5047984644913628,0.6233822759834813,24,14,
2:0:4:4:3:5:7:2:7,2828.0,3.785837343808047,910.4000000000001,206.44251224798458,232212.00132963393,0.572936660268714,0.7043320282668578,23,15,
2:0:4:4:3:6:6:2:6,2596.0,3.584284615332999,933.1999999999998,205.6245691769852,241428.0282767388,0.6276391554702495,0.6416989129208794,29,13,
2:0:4:4:3:6:6:2:7,2728.0,3.7704763911565973,995.1999999999997,205.63639958517447,237669.71824746623,0.6257197696737045,0.6672292564287051,27,14,
2:0:4:4:3:6:7:2:6,2304.0,3.3175984247641646,940.6,212.3375586042593,236845.81724829896,0.6103646833013435,0.714360254099851,21,12,
2:0:4:4:3:6:7:2:7,2712.0,3.6289859342973614,864.7999999999998,204.6033435378507,230930.3117661609,0.6285988483685221,0.7000759464867176,26,14,
2:0:4:4:4:4:5:2:6,2500.0,3.459632185876713,869.1999999999999,235.73673768353524,283771.07410145906,0.4856046065259117,0.5932877012193062,23,13,
2:0:4:4:4:4:5:2:7,2664.0,3.664319567021632,934.6000000000001,219.62098883654022,265330.1817600744,0.44433781190019195,0.5852683465769372,23,14,
2:0:4:4:4:4:6:2:7,2664.0,3.581897167475544,854.1999999999999,214.13684850951714,254215.14465703577,0.4856046065259117,0.6216054697285538,23,14,
2:0:4:4:4:4:6:1:8,2912.0,3.886886382469362,891.8,246.33561053307548,293998.274100825,0.4923224568138196,0.6112031557000157,18,16,
2:0:4:4:4:5:6:2:6,2500.0,3.5541622312583105,980.3999999999999,223.0370449711594,258092.68427925106,0.5527831094049904,0.6653861772809907,23,13,
2:0:4:4:4:5:6:2:7,2908.0,3.8135854975366494,846.0,219.75608843318878,258774.53592488193,0.5796545105566219,0.6365775811123959,28,15,
2:0:4:4:4:5:6:1:8,2896.0,3.9256314433335584,949.6000000000001,244.90796395356818,289010.1997313809,0.5076775431861804,0.6327384982439039,17,16,
2:0:4:4:4:5:7:2:7,2828.0,3.8808334561673474,994.2000000000002,221.62846132637543,249854.71186357547,0.5940499040307101,0.7015410764926177,23,15,
2:0:4:4:4:6:6:2:5,2268.0,3.3387832777241453,989.8,221.21217538856004,255098.45851831304,0.654510556621881,0.6706058096052468,29,11,
2:0:4:4:4:6:6:2:6,2532.0,3.5369563549465153,928.0,225.50852185426913,258119.65020757835,0.6266794625719769,0.6814024913589497,25,13,
2:0:4:4:4:6:6:2:7,2892.0,3.9038462426268206,958.8000000000001,217.00778481714664,253777.3305950575,0.6142034548944337,0.6485009753153677,27,15,
2:0:4:5:4:4:6:1:8,2896.0,3.874740077016507,893.6000000000001,247.87916025120043,296885.96864751086,0.4817658349328215,0.6040073903760785,17,16,
2:0:4:5:4:5:6:2:7,2632.0,3.5890463484476376,856.2,251.5862950824382,291121.2569956603,0.5614203454894434,0.6654276530609905,21,14,
2:0:4:5:4:5:6:1:8,2896.0,3.967240223828546,990.4,247.46431322934433,291718.67081350903,0.5143953934740882,0.6346414701964153,17,16,
2:0:4:5:5:4:5:2:7,2796.0,3.809621933282563,921.3999999999999,252.22605448043123,313780.8481483377,0.46065259117082535,0.5080306060654816,21,15,
2:0:4:5:5:4:5:1:8,2880.0,3.9467217728434476,964.8000000000002,267.6840873028725,329470.81464132323,0.42994241842610365,0.5390586862363894,16,16,
2:0:4:5:5:4:6:1:8,2864.0,3.9384254164353476,956.8,283.03928392563233,339152.2813863893,0.47888675623800386,0.6030580734398229,15,16,
2:0:4:7:7:3:3:1:7,2504.0,3.6051374101343203,901.0000000000002,351.55318135996134,450799.929724768,0.31285988483685223,0.3949344639439736,13,14,
2:0:4:7:7:3:3:1:8,2832.0,3.904061874080632,881.8000000000002,354.232472792018,454427.2781250908,0.31285988483685223,0.3930209854387471,13,16,
2:0:5:1:1:7:8:3:4,2084.0,3.0966583740495053,1026.5999999999997,116.1180257595851,108990.35714202849,0.7523992322456814,0.838080077717455,38,9,
2:0:5:1:1:7:8:3:5,2264.0,3.328592541074116,1087.1999999999998,117.1934277992293,108491.65085332922,0.7802303262955854,0.8440053680248902,39,10,
2:0:5:1:1:7:8:3:6,2528.0,3.5282191317091463,1031.1999999999998,117.20433524093056,102268.27459478928,0.7869481765834933,0.8658330028917746,35,12,
2:0:5:1:1:8:8:3:4,2100.0,3.0832260367375324,1005.1999999999997,107.52153028050917,92261.005039144,0.8080614203454894,0.8711345401912786,39,9,
2:0:5:1:1:8:8:3:5,2184.0,3.3411108751558594,1180.2,117.23753191240593,99514.90242868057,0.8023032629558541,0.8743868329012778,34,10,
2:0:5:1:1:8:8:3:6,2448.0,3.4654734396614577,1043.2,119.82332412723923,93373.08187103216,0.8109404990403071,0.8961262683950835,30,12,
2:0:5:1:1:8:9:3:4,2068.0,3.118234672617304,1077.8,103.40052886723107,77939.293802793,0.8637236084452975,0.903050201584431,37,9,
2:0:5:2:1:6:8:2:5,2056.0,3.110184455806403,1045.3999999999999,139.41220295027213,120778.48940594905,0.6976967370441459,0.8681399178321942,26,10,
2:0:5:2:1:7:8:3:4,2052.0,3.1456837401927906,1103.1999999999998,122.6024572808878,111882.08220783279,0.783109404990403,0.8497994512931938,36,9,
2:0:5:2:1:7:8:3:5,2396.0,3.489246309508011,1114.6,125.19465450734752,118288.1498197968,0.763915547024952,0.8351155153044245,37,11,
2:0:5:2:1:7:8:3:6,2464.0,3.6139031529532746,1166.8000000000002,134.88708537731193,121925.09026757647,0.7120921305182342,0.8534577041767887,31,12,
2:0:5:2:1:8:8:3:4,2068.0,3.137300694148341,1080.3999999999999,120.6673233025712,106503.25870135079,0.8406909788867563,0.8620040747768084,37,9,
2:0:5:2:1:8:8:3:5,2168.0,3.233189804698449,1077.6,123.383776495784,108128.37636364938,0.8157389635316699,0.8644031437087764,33,10,
2:0:5:2:2:6:7:3:5,2316.0,3.422391912207969,1092.2000000000003,157.93237252070324,175374.47718087918,0.6573896353166987,0.7194645180167656,32,11,
2:0:5:2:2:6:7:3:6,2512.0,3.5524511027821237,1044.8,144.85404909897275,150606.77170969348,0.6756238003838771,0.7794908869496939,34,12,
2:0:5:2:2:6:7:3:7,2808.0,3.847597231257423,1046.1999999999998,154.99631497023472,163146.3967384556,0.6477927063339731,0.7700463660865173,32,14,
2:0:5:2:2:6:8:3:5,2184.0,3.2393449636770346,1055.6000000000001,135.79745215146957,134296.53212595615,0.6948176583493282,0.8119250937828992,34,10,
2:0:5:2:2:6:8:3:6,2448.0,3.566342205169148,1127.4,140.72857778625195,139593.49127490047,0.6650671785028791,0.810203495091068,30,12,
2:0:5:2:2:6:8:3:7,2792.0,3.8559906800793415,1070.9999999999995,154.942288642674,156322.85616306425,0.6564299424184261,0.8000043525227406,31,14,
2:0:5:2:2:7:7:3:4,2052.0,3.069833072145844,1007.5999999999998,139.1660611759696,141424.96302978307,0.7677543186180422,0.7953753409940695,36,9,
2:0:5:2:2:7:7:3:5,2168.0,3.2431579961450505,1063.0,148.37063198314254,158652.38563024893,0.7072936660268714,0.7568956704634657,33,10,
2:0:5:2:2:7:7:3:6,2528.0,3.5644942740618557,1037.1999999999998,149.00303357245357,154258.0148841314,0.7245681381957774,0.7826272057845374,35,12,
2:0:5:2:2:7:7:3:7,2792.0,3.8879918387467765,1112.0,147.2874959741412,149364.63604479923,0.710172744721689,0.7967364392734436,31,14,
2:0:5:2:2:7:8:3:4,2052.0,3.158994850083497,1108.1999999999998,131.4726337870037,126672.94999613102,0.7677543186180422,0.8257895358298656,36,9,
2:0:5:2:2:7:8:3:5,2348.0,3.4838574779128626,1144.1999999999998,137.97949198520269,136253.70647403706,0.7063339731285988,0.8127561372883743,34,11,
2:0:5:2:2:7:8:3:6,2512.0,3.5076466055548394,1005.9999999999998,136.96776298814322,134783.75707568604,0.7485604606525912,0.8147004721073728,34,12,
2:0:5:2:2:7:8:3:7,2808.0,3.8037447730195075,1000.9999999999994,154.5020534863276,154215.48102050985,0.7591170825335892,0.8065552558180287,32,14,
2:0:5:2:2:8:8:3:4,2068.0,3.1151183571769887,1047.6,130.3533281784225,124561.6844643603,0.809021113243762,0.8298306712579698,37,9,
2:0:5:2:2:8:8:3:5,2168.0,3.191664811996162,1012.4000000000001,145.31473410000078,140349.65342767516,0.809021113243762,0.8245726028761358,33,10,
2:0:5:3:2:5:7:2:6,2580.0,3.6049967559675338,1007.6,168.80661971816997,180358.92054310103,0.5786948176583493,0.75760047361795,28,13,
2:0:5:3:2:5:7:2:7,2760.0,3.9284668544634505,1162.6000000000001,170.86246235091517,179362.6393425119,0.5998080614203455,0.7721746082004637,29,14,
2:0:5:3:2:6:7:2:5,2252.0,3.2863640263974823,1009.9999999999998,162.39131550617617,171000.50285135955,0.6679462571976967,0.7697189505942121,28,11,
2:0:5:3:2:6:7:3:6,2464.0,3.489569298866153,1008.3999999999999,163.7312094185311,178959.76355144504,0.6420345489443378,0.7362937061704974,31,12,
2:0:5:3:2:6:7:2:7,2908.0,4.055241024084116,1150.8000000000002,166.7611470956478,179781.1603415467,0.6593090211132437,0.7495519578410895,28,15,
2:0:5:3:2:6:8:2:5,2088.0,3.2445166261150993,1125.6000000000001,167.1863244119331,165927.74996987535,0.6986564299424184,0.8098912657834837,28,10,
2:0:5:3:2:6:8:2:6,2580.0,3.6782273405603347,1088.1999999999998,164.51288886386897,164133.55626353633,0.6439539347408829,0.8068233159566579,28,13,
2:0:5:3:2:6:8:2:7,2892.0,3.9199132227431237,1023.7999999999998,168.74957809833495,169014.0331077638,0.6890595009596929,0.8045048062660313,27,15,
2:0:5:3:2:7:7:3:5,2316.0,3.344827518406157,1006.5999999999998,162.71027417921601,172962.33038044753,0.755278310940499,0.7619676809786043,32,11,
2:0:5:3:2:7:7:3:6,2512.0,3.57187734854883,1046.4000000000003,163.49619718788028,176901.64011619016,0.7543186180422264,0.7461709524849457,34,12,
2:0:5:3:2:7:7:2:7,2744.0,3.8373553570362344,1084.8,169.724282031756,177197.16570357245,0.7072936660268714,0.7763856224383977,28,14,
2:0:5:3:2:7:8:3:5,2136.0,3.2316673337878905,1067.0,164.3973618069818,164998.92621672197,0.7850287907869482,0.8032367337256714,31,10,
2:0:5:3:2:7:8:3:6,2612.0,3.6605807229007445,1033.9999999999995,168.3251132625766,168831.74563672257,0.7418426103646834,0.8036315259850021,30,13,
2:0:5:3:2:7:8:3:7,2808.0,3.851090976933912,1040.9999999999998,163.8367979651371,165265.55894632832,0.755278310940499,0.8001222989567193,32,14,
2:0:5:3:3:4:7:2:7,2616.0,3.7662930371029457,1107.0,201.47734466126957,224209.63909088602,0.4875239923224568,0.7170349276942084,20,14,
2:0:5:3:3:5:6:2:6,2548.0,3.649666522102223,1061.2,193.75251603051612,228508.93863301468,0.5527831094049904,0.6337963802075027,26,13,
2:0:5:3:3:5:6:2:7,2876.0,3.9384615517917485,1023.5999999999998,204.2769369670018,238674.61130432264,0.5758157389635317,0.6500004515225846,26,15,
2:0:5:3:3:5:7:2:6,2580.0,3.60237806504069,1002.5999999999997,171.0779437723995,192487.7380814169,0.5700575815738963,0.703981527510761,28,13,
2:0:5:3:3:5:7:2:7,2712.0,3.903873830507235,1168.3999999999999,187.43653138853918,210490.02425958205,0.5950095969289827,0.7063277100548073,26,14,
2:0:5:3:3:6:6:2:6,2564.0,3.6506035337788383,1047.0000000000002,192.92888219754974,221525.88356114025,0.6055662188099808,0.67691892389581,27,13,
2:0:5:3:3:6:6:2:7,2908.0,3.947374349085295,1011.6000000000001,193.5640717468772,224274.10622640915,0.6305182341650671,0.6634148058431321,28,15,
2:0:5:3:3:6:7:3:5,2316.0,3.3966775735216967,1052.4000000000003,170.93803160960803,191241.41092789566,0.6161228406909789,0.7108428390729251,32,11,
2:0:5:3:3:6:7:2:6,2596.0,3.624493469652452,1008.1999999999998,172.52219537785498,191116.56477798955,0.6209213051823417,0.7221352701915527,29,13,
2:0:5:3:3:6:7:2:7,2760.0,3.772194615419158,1002.5999999999996,168.0267892667636,185650.23321152685,0.6257197696737045,0.7249979996789608,29,14,
2:0:5:3:3:7:7:3:5,2200.0,3.2518612731834113,1017.2,171.23944665711517,186351.20140587675,0.7581573896353166,0.7406295186446625,35,10,
2:0:5:3:3:7:7:3:6,2448.0,3.5073629187618494,1033.4,173.27216134984704,192589.8008821911,0.7111324376199616,0.718403096793833,30,12,
2:0:5:3:3:7:7:2:7,2744.0,3.790221316059056,1022.2000000000002,183.21061133353632,198476.7208956507,0.7034548944337812,0.7450049430377479,28,14,
2:0:5:4:3:4:6:2:7,2796.0,3.950646154797966,1105.2,215.3732932994808,247057.06051885666,0.46641074856046066,0.6783121320609088,21,15,
2:0:5:4:3:4:6:1:8,2912.0,3.987221328098179,1035.2,207.4846238783025,238602.79216743942,0.43474088291746643,0.6747093983693164,18,16,
2:0:5:4:3:4:7:2:7,2796.0,3.947712094817085,1110.6000000000001,206.91600279940204,232783.7821536381,0.4817658349328215,0.704124650463787,21,15,
2:0:5:4:3:5:6:2:6,2548.0,3.701916204947003,1099.2000000000003,210.1966855547771,241221.63244721046,0.5710172744721689,0.6777025106315515,26,13,
2:0:5:4:3:5:6:2:7,2908.0,4.065424615326743,1120.1999999999998,207.97244917046575,243048.82067714768,0.5873320537428023,0.649614515116666,28,15,
2:0:5:4:3:5:7:1:6,2272.0,3.410910259109337,1063.3999999999999,218.76848999192916,245140.5879693415,0.5786948176583493,0.7089589116824272,19,12,
2:0:5:4:3:5:7:2:7,2648.0,3.8005742390573385,1107.8000000000002,204.39835709774673,229394.18624535087,0.5767754318618042,0.7070886207710292,22,14,
2:0:5:4:3:6:6:2:5,2220.0,3.2915305004203406,1004.0,205.77478143799513,237601.7908193947,0.6343570057581573,0.6686783815933968,26,11,
2:0:5:4:3:6:6:2:6,2532.0,3.6288821527545227,1042.8,206.49520317021296,235648.2658762461,0.6113243761996161,0.6855707133376319,25,13,
2:0:5:4:3:6:6:2:7,2892.0,3.970640062832648,1035.2000000000003,210.20694547161847,245343.3375728199,0.6113243761996161,0.651750406497446,27,15,
2:0:5:4:3:6:7:2:5,2140.0,3.2825746493280707,1071.4,209.0427845998499,229766.10165421176,0.6324376199616123,0.7305556343197707,21,11,
2:0:5:4:3:6:7:2:6,2484.0,3.6572458484124066,1121.2000000000003,205.65017404572754,225426.41027460684,0.6238003838771593,0.733360815295004,22,13,
2:0:5:4:3:6:7:2:7,2712.0,3.8819152803965316,1126.2000000000003,206.7557221731855,232885.46327753944,0.6362763915547025,0.70262456443129,26,14,
2:0:5:4:4:4:6:2:7,2812.0,3.8952749165776623,1025.2,221.6764630739243,263102.0707907834,0.4904030710172745,0.6220683027854018,22,15,
2:0:5:4:4:4:6:1:8,2896.0,4.133969972638758,1180.6000000000001,230.99671148958637,268971.42717963003,0.41938579654510555,0.6556035623229362,17,16,
2:0:5:4:4:5:5:2:7,2892.0,4.068774614315226,1133.0,214.6631481164648,257911.3895193698,0.5115163147792706,0.5973986919379736,27,15,
2:0:5:4:4:5:6:2:5,2124.0,3.368902930408235,1151.0,235.3968534853813,271556.3785666437,0.5633397312859885,0.6700540455343414,20,11,
2:0:5:4:4:5:6:1:6,2240.0,3.3540436353782352,1026.8,228.1134680641206,258958.2310997242,0.5633397312859885,0.6926181406448807,17,12,
2:0:5:4:4:5:6:2:7,2828.0,4.066758711115575,1178.8000000000002,230.76257698242958,274380.0987341068,0.5307101727447217,0.6186051433850741,23,15,
2:0:5:4:4:5:6:1:8,2896.0,4.08145913939037,1129.0,227.88042324476615,267213.9304064294,0.5239923224568138,0.643922162382453,17,16,
2:0:5:4:4:5:7:1:6,2388.0,3.55895365775257,1082.8000000000002,237.62971137817806,265895.3134298132,0.5614203454894434,0.710660922585808,16,13,
2:0:5:4:4:6:6:2:5,2156.0,3.2644853432204375,1018.8000000000001,226.79372763569583,257833.5342994001,0.6084452975047985,0.6906964454291654,22,11,
2:0:5:4:4:6:6:2:7,2892.0,3.999255792271738,1060.4,214.82453554715082,251056.43201809784,0.6113243761996161,0.6496154384034032,27,15,
2:0:5:5:4:4:6:1:8,2864.0,3.968740832803507,1015.6,255.82794778125393,301961.44595670234,0.4740882917466411,0.632349399615002,15,16,
2:0:5:5:5:3:5:1:7,2636.0,3.8945847335885886,1152.0,270.15729239930926,332368.19424816663,0.345489443378119,0.5402623259143806,11,15,
2:0:5:5:5:4:6:0:8,2916.0,4.164259786570849,1144.4,278.758697606824,323992.31666692067,0.42034548944337813,0.6585313095248188,8,17,
2:0:5:6:5:4:5:1:7,2456.0,3.7719110285265542,1178.2,296.1312917246694,359089.9745982216,0.42418426103646834,0.5767728911731814,10,14,
2:0:5:6:5:4:5:1:8,2848.0,3.983897123705791,1012.4,290.820802901435,351877.52848978643,0.44817658349328215,0.5818508305146479,14,16,
2:0:5:6:6:3:4:1:8,2800.0,4.026931722463071,1090.8000000000002,305.2628548065196,385143.898995479,0.31957773512476007,0.46082736624234155,11,16,
2:0:5:6:6:3:5:1:7,2504.0,3.8322653996967238,1167.0,322.2205464839862,388873.3786850601,0.3857965451055662,0.5876333967066923,13,14,
2:0:5:7:7:1:2:0:8,2720.0,4.029984723431565,1113.4,365.8440818156911,479856.9156887194,0.15834932821497122,0.2734958339437015,6,16,
2:0:5:7:7:2:4:0:8,2768.0,4.07467797169044,1136.1999999999998,341.61444650143943,435176.24516441487,0.27735124760076774,0.42344497217245464,9,16,
2:0:6:1:1:7:8:3:4,2068.0,3.2777319154912026,1227.9999999999995,119.39665594183349,103257.60125023006,0.7802303262955854,0.8686936062396098,37,9,
2:0:6:1:1:7:8:3:5,2232.0,3.4165128017241413,1216.1999999999998,111.8063393965552,94659.67687995943,0.791746641074856,0.8751445053598146,37,10,
2:0:6:2:1:7:8:3:5,2348.0,3.5326679513647172,1201.8,131.24000532203596,122711.65254488177,0.7946257197696737,0.8397658319528214,34,11,
2:0:6:2:1:7:8:2:6,2432.0,3.6357856621038827,1223.6,132.88865991224554,121925.09026757647,0.7120921305182342,0.8476617908327883,29,12,
2:0:6:2:1:8:8:3:5,2152.0,3.414035356093397,1285.0000000000005,120.42484104931931,99514.90242868057,0.8023032629558541,0.881912261094163,32,10,
2:0:6:2:2:6:7:3:5,2316.0,3.5974430137902447,1279.4,153.13562036943492,162293.99741355825,0.6641074856046065,0.7644917874979011,32,11,
2:0:6:2:2:6:7:3:6,2448.0,3.718020279417737,1274.2,151.97713115328227,157149.57011592019,0.6861804222648752,0.7834860677399981,30,12,
2:0:6:2:2:6:8:3:5,2300.0,3.5341402018839356,1244.0,138.57409036306075,139234.77780358994,0.6948176583493282,0.8025602838999216,31,11,
2:0:6:2:2:6:8:3:6,2496.0,3.67320283284317,1196.6,134.877351822583,130440.66709923124,0.6948176583493282,0.823905426093611,33,12,
2:0:6:2:2:6:8:2:7,2760.0,3.9263169055281044,1184.1999999999998,147.02221556028485,143841.92791426094,0.6689059500959693,0.817857806468515,29,14,
2:0:6:2:2:7:7:3:5,2184.0,3.4721054717408757,1283.4,150.53390155399256,153344.14108625252,0.7111324376199616,0.7938021248489253,34,10,
2:0:6:2:2:7:7:3:6,2464.0,3.6572433063367433,1185.2,161.6475252028864,168210.10325020176,0.716890595009597,0.778859670067796,31,12,
2:0:6:2:2:7:8:3:5,2168.0,3.412598062641802,1247.2,140.72718127275704,137704.674483946,0.7495201535508638,0.8177734734829849,33,10,
2:0:6:2:2:7:8:3:6,2448.0,3.668935531878978,1232.9999999999998,142.03082421789586,133117.7775403409,0.7226487523992322,0.8387248830326886,30,12,
2:0:6:2:2:7:8:2:7,2728.0,3.921433449333205,1206.6,151.53365420519958,137941.66598636497,0.7264875239923224,0.8507637231611401,27,14,
2:0:6:2:2:8:8:3:5,2152.0,3.45220046361636,1304.0,141.19288308824696,130398.25904842,0.800383877159309,0.844991672801118,32,10,
2:0:6:3:2:5:7:2:6,2532.0,3.7630586249773565,1220.4000000000005,168.70708722640472,174020.61016944988,0.5892514395393474,0.7852392107341469,25,13,
2:0:6:3:2:6:7:2:5,2104.0,3.473117378967136,1348.6,166.38830888375588,177622.88057392844,0.6660268714011516,0.7583447621568669,29,10,
2:0:6:3:2:6:7:2:6,2416.0,3.6624248504031187,1231.5999999999995,168.64669412005,179602.5428586106,0.6775431861804223,0.7604074076241595,28,12,
2:0:6:3:2:6:7:3:7,2776.0,4.0187548369534145,1242.4,169.1425401054582,178924.8547145596,0.6679462571976967,0.7660262415718448,30,14,
2:0:6:3:2:6:8:2:5,2268.0,3.531563185423312,1249.3999999999999,162.48883921109132,162197.65386397854,0.6976967370441459,0.8065178996541132,29,11,
2:0:6:3:2:6:8:2:6,2532.0,3.864928241574208,1330.6000000000004,164.65522772032443,164444.94170663398,0.6103646833013435,0.8062111495805795,25,13,
2:0:6:3:2:6:8:2:7,2712.0,3.9940618010873035,1282.9999999999998,166.8123967329708,167331.207551222,0.699616122840691,0.80357061638456,26,14,
2:0:6:3:2:7:7:3:5,2284.0,3.5721095115409534,1270.3999999999999,167.7381110256736,180119.33104746585,0.7120921305182342,0.7531580024239676,30,11,
2:0:6:3:2:7:7:3:6,2628.0,3.861862142299839,1222.8,173.26035227643183,184004.78745632683,0.736084452975048,0.7627559225613243,31,13,
2:0:6:3:2:7:8:3:5,2136.0,3.413381892806533,1256.7999999999995,163.94393230440792,165039.58432302397,0.772552783109405,0.8013840604969168,31,10,
2:0:6:3:2:7:8:2:6,2432.0,3.736398548210473,1297.0000000000002,164.3272872353121,164599.25150854627,0.77447216890595,0.8044517675009961,29,12,
2:0:6:3:2:7:8:2:7,2892.0,4.20306747851485,1325.0000000000002,162.5963126124734,160419.5114654298,0.738003838771593,0.8132565358103946,27,15,
2:0:6:3:3:5:6:2:6,2596.0,3.889282991182368,1261.3999999999999,195.23287681202729,224222.56966963084,0.5623800383877159,0.6765899070658777,29,13,
2:0:6:3:3:5:7:2:5,2236.0,3.5517478390390833,1281.8000000000002,183.12124827872438,202765.25299235838,0.5777351247600768,0.7226392218927339,27,11,
2:0:6:3:3:5:7:2:6,2384.0,3.605714464639298,1187.3999999999996,185.75447215414894,206903.95096167756,0.5825335892514395,0.7159779830305847,26,12,
2:0:6:3:3:5:7:2:7,2744.0,3.9624218475328434,1195.8,189.0435651292231,212550.69277638601,0.5902111324376199,0.7048553325262584,28,14,
2:0:6:3:3:6:7:2:5,2104.0,3.3988460298926855,1265.0,172.59756314817832,186029.2555780696,0.6660268714011516,0.7497697649570504,29,10,
2:0:6:3:3:6:7:3:6,2612.0,3.9273139258408767,1300.2,180.0611107261936,202377.7438865788,0.6276391554702495,0.7053006522199682,30,13,
2:0:6:3:3:6:7:2:7,2744.0,4.101679604023311,1352.4,177.5501473922897,192052.32250229808,0.6429942418426103,0.7464436507979673,28,14,
2:0:6:3:3:6:8:2:6,2468.0,3.7785398719080905,1273.9999999999998,195.23854652823093,195428.7033859399,0.6852207293666027,0.8048623348365113,21,13,
2:0:6:3:3:7:7:2:5,2220.0,3.512365869223459,1255.6000000000001,184.28523573084368,196607.72117345448,0.708253358925144,0.7588746326411502,26,11,
2:0:6:3:3:7:7:2:6,2532.0,3.7988209145501974,1243.6000000000004,182.77139296130562,187636.93302008696,0.708253358925144,0.788550390324953,25,13,
2:0:6:3:3:7:7:2:7,2728.0,3.9654271134893793,1222.3999999999999,181.5750522559337,189250.00587458277,0.7216890595009597,0.7776599635890291,27,14,
2:0:6:4:3:4:6:2:7,2780.0,4.00904284324093,1184.3999999999999,213.02264265704915,247057.06051885666,0.46641074856046066,0.6619213996670475,20,15,
2:0:6:4:3:5:6:2:6,2516.0,3.8701339430682284,1312.0,204.6795686770937,232542.12415081184,0.5326295585412668,0.6915574575613945,24,13,
2:0:6:4:3:5:6:2:7,2828.0,4.069250798781755,1202.1999999999998,209.9593323305889,242615.51508714992,0.5998080614203455,0.6675451479764103,23,15,
2:0:6:4:3:5:7:2:6,2352.0,3.632624514742563,1225.2,207.99474436175097,232780.3428993465,0.5940499040307101,0.7104315416829451,24,12,
2:0:6:4:3:5:7:2:7,2632.0,3.90483641367332,1232.2,204.63954304759946,229394.18624535087,0.5767754318618042,0.7085105691515543,21,14,
2:0:6:4:3:6:7:2:6,2516.0,3.8562931655544457,1296.4000000000005,205.85747850773146,225504.46989423028,0.6180422264875239,0.7340387342041593,24,13,
2:0:6:4:3:6:7:2:7,2728.0,3.9609628959468317,1188.6000000000001,210.72333757659814,237096.53283585876,0.6458733205374281,0.7039715302367698,27,14,
2:0:6:4:4:4:6:1:8,2816.0,4.072616976775239,1190.8,236.86688979979948,273223.53786776913,0.4731285988483685,0.6702109361122881,12,16,
2:0:6:4:4:5:6:2:6,2288.0,3.599359397988072,1238.3999999999999,224.13249270357113,258678.17520264452,0.5604606525911708,0.6693795442075423,20,12,
2:0:6:4:4:5:6:2:7,2892.0,4.177254396347304,1244.7999999999997,215.8990809938903,257563.9796311038,0.5316698656429942,0.6120480223902697,27,15,
2:0:6:4:4:5:7:2:7,2812.0,4.192733741186136,1334.8000000000004,222.02855831595366,249664.2784592701,0.5940499040307101,0.7047226264953765,22,15,
2:0:6:4:4:6:7:2:6,2500.0,3.7522968966325547,1182.9999999999995,226.89336629112273,247431.48132812942,0.6410748560460653,0.7385755313433953,23,13,
2:0:6:5:4:4:6:1:8,2800.0,4.078683849700157,1202.3999999999999,247.5885713875643,288923.1770175425,0.43761996161228406,0.6520360279069936,11,16,
2:0:6:5:5:4:6:1:8,2800.0,4.170646064575294,1276.0,269.813199287457,318618.206853633,0.4001919385796545,0.6314960343579038,11,16,
2:0:6:6:5:2:5:0:8,2916.0,4.340690284817182,1311.4,295.5992767795038,368596.11085357575,0.24856046065259116,0.5007597960398625,8,17,
2:0:6:6:5:3:5:0:7,2588.0,4.071235397365834,1363.8000000000002,290.4272840551989,356400.0511484816,0.30134357005758156,0.5470763084982176,8,15,
2:0:6:6:5:3:5:0:8,2768.0,4.179898431221777,1297.2,290.25416533309124,358965.72512153763,0.30134357005758156,0.5256122920204386,9,16,
2:0:6:6:6:2:4:0:8,2752.0,4.195899193647224,1321.0,299.1269597804071,373118.13696160074,0.24856046065259116,0.49971219329955896,8,16,
2:0:6:6:6:3:5:0:7,2440.0,3.9395156172336145,1353.4,311.57527315742647,386959.29973978124,0.30614203454894434,0.5131900499676912,9,14,
2:0:6:7:6:2:3:0:7,2604.0,3.9684323976747415,1197.1999999999996,333.90655837708056,428980.1622262297,0.2658349328214971,0.38628758145808356,9,15,
2:0:6:7:6:2:4:0:8,2884.0,4.26441283977714,1224.5999999999997,334.9181790477802,424491.51475887693,0.2677543186180422,0.4436872598075173,6,17,
2:0:6:7:6:3:4:0:7,2440.0,3.8186132019153156,1205.2000000000003,333.7949563957585,416981.66030693677,0.30806142034548945,0.49494010892104456,9,14,
2:0:6:7:6:3:4:0:8,2916.0,4.2849103375471636,1214.5999999999997,334.2765717241442,420148.103266461,0.30134357005758156,0.4743918819755234,8,17,
2:0:6:7:7:2:3:0:7,2360.0,3.8781364153771265,1314.2,366.81814482296556,470467.5832710802,0.21880998080614203,0.39403678297412514,4,14,
2:0:6:7:7:2:3:0:8,2752.0,4.212265212103888,1278.8,358.3803510122508,463417.44979608036,0.23032629558541268,0.3547318083690921,8,16,
2:0:6:7:7:3:4:1:7,2456.0,3.955116583344567,1305.4,359.8314798450384,457173.0969970876,0.30326295585412666,0.4341766577087681,10,14,
2:0:6:7:7:3:4:1:8,2800.0,4.289699637265716,1315.1999999999998,354.66702203087675,443269.8363094199,0.31381957773512476,0.4933702233096288,11,16,
2:0:6:8:7:1:2:0:8,2900.0,4.378200096870839,1287.6,374.4845009394142,489515.91085167427,0.19001919385796545,0.2946601431871567,7,17,
2:0:6:8:7:1:3:0:8,2720.0,4.263155013178125,1342.1999999999998,380.0075237316065,494500.8822032553,0.1852207293666027,0.32088955550742176,6,16,
2:0:7:2:1:7:8:3:5,2120.0,3.472296129183923,1371.9999999999998,126.13256660964836,104446.00687509387,0.7476007677543186,0.8813609121167529,30,10,
2:0:7:2:1:7:8:2:6,2384.0,3.768348265200876,1406.8,135.8188923393128,113549.95360500972,0.72552783109405,0.8787360527325807,26,12,
2:0:7:2:2:6:8:2:5,2268.0,3.695746531007004,1433.1999999999998,149.76788530929852,146116.73763333505,0.6948176583493282,0.8193578980335311,29,11,
2:0:7:2:2:7:8:3:5,2120.0,3.5241965805323625,1405.0,147.21283691472186,142386.34648983163,0.7485604606525912,0.8238484766866251,30,10,
2:0:7:2:2:7:8:2:6,2416.0,3.7866731093102985,1372.5999999999997,157.11337990133117,152856.9641168848,0.7140115163147792,0.8208230998512057,28,12,
2:0:7:2:2:8:8:3:5,2300.0,3.681548115173878,1391.1999999999998,144.973136011181,134475.9757920463,0.800383877159309,0.8431733272992877,31,11,
2:0:7:3:2:6:7:2:6,2548.0,3.926641640771889,1372.3999999999999,171.1605896843084,175317.92989216093,0.6775431861804223,0.7901092651080396,26,13,
2:0:7:3:2:6:8:2:5,2236.0,3.681194704690933,1426.8,173.00488228795203,173008.58331170087,0.6967370441458733,0.8054346442099908,27,11,
2:0:7:3:2:6:8:2:6,2500.0,3.888701258649506,1380.6000000000001,171.42671151278523,166680.27873005872,0.6410748560460653,0.8211431712537898,23,13,
2:0:7:3:2:7:7:3:5,2120.0,3.6018129758451645,1462.1999999999998,170.88912083066128,173227.02473507094,0.72552783109405,0.7970046178361353,30,10,
2:0:7:3:2:7:8:3:5,2120.0,3.515445846821602,1378.8000000000002,164.2945723881091,164756.68691672463,0.7149712092130518,0.8037511588273206,30,10,
2:0:7:3:2:7:8:2:6,2336.0,3.7509060142377835,1397.5999999999997,174.84406683577078,170183.14761537794,0.7024952015355086,0.8205898491829599,23,12,
2:0:7:3:3:5:7:2:6,2352.0,3.7712434040022162,1374.0000000000002,203.63562697030932,225252.171094622,0.5873320537428023,0.7237491956828302,24,12,
2:0:7:3:3:6:7:2:5,2072.0,3.480481541740653,1369.8000000000002,184.86176649375994,201232.4617110381,0.6084452975047985,0.7403529300708517,27,10,
2:0:7:3:3:6:7:2:6,2564.0,4.02594887287457,1443.0,188.03872553530124,204583.78923693276,0.6938579654510557,0.7408648609349794,27,13,
2:0:7:3:3:6:7:2:7,2728.0,4.172997435891321,1440.8,179.46332819875622,192052.32250229808,0.6429942418426103,0.7561981097935921,27,14,
2:0:7:3:3:7:7:2:5,2236.0,3.8003818891243832,1540.6,183.3979284676073,194506.30396529223,0.7120921305182342,0.7638929958605427,27,11,
2:0:7:3:3:7:7:2:6,2368.0,3.8877412524154793,1499.3999999999999,183.62638501693004,186954.8304646578,0.7053742802303263,0.7941536750826651,25,12,
2:0:7:4:3:5:6:2:7,2844.0,4.292355457962101,1421.2000000000003,207.4343871965084,238059.89415961923,0.5738963531669866,0.6776526697318025,24,15,
2:0:7:4:3:5:7:2:7,2844.0,4.266394293208734,1392.6000000000004,208.98285352349998,235675.931437487,0.5719769673704415,0.7011297214998757,24,15,
2:0:7:4:3:6:7:2:7,2632.0,4.0552587848058534,1387.9999999999998,205.57965376770028,221536.69524994618,0.6420345489443378,0.7499413886069184,21,14,
2:0:7:4:4:5:6:2:7,2780.0,4.2591352987524695,1424.4000000000003,233.6189813000729,267189.1329462316,0.5355086372360844,0.682522773152417,20,15,
2:0:7:4:4:5:7:1:6,2160.0,3.6221745409147967,1367.9999999999998,246.30587163321806,276165.94116655894,0.510556621880998,0.7082269541032795,12,12,
2:0:7:4:4:5:7:2:7,2632.0,4.068677252374855,1383.2000000000003,224.3616969745989,253084.41564172666,0.5566218809980806,0.7008055389795723,21,14,
2:0:7:5:4:3:6:0:8,2768.0,4.260977123569013,1420.6000000000001,251.33816275891144,293695.4457948696,0.3742802303262956,0.6498019258025395,9,16,
2:0:7:5:4:4:6:1:8,2912.0,4.434667117463748,1456.8000000000004,252.12313639722535,296436.3513223352,0.4596928982725528,0.6392671795785482,18,16,
2:0:7:5:5:4:5:1:7,2652.0,4.238241197046748,1487.5999999999997,276.64732732271193,335850.72282178083,0.4165067178502879,0.5740588638517777,12,15,
2:0:7:5:5:4:6:1:7,2488.0,4.059332813863046,1456.7999999999997,285.02479204529374,338396.5011511269,0.44145873320537427,0.621459313426644,12,14,
2:0:7:6:5:3:5:0:8,2916.0,4.439817892990029,1417.8,292.49024449561057,363183.5639183413,0.30422264875239924,0.5137983440646119,8,17,
2:0:7:6:6:2:5:0:7,2424.0,4.097989456613301,1516.0000000000002,330.1050137910594,410976.51250958676,0.2888675623800384,0.5056901262299645,8,14,
2:0:7:6:6:3:4:1:8,2784.0,4.406980230199268,1484.3999999999999,323.6733998676382,412638.21914046106,0.30230326295585414,0.42025465426715286,10,16,
2:0:7:6:6:3:5:0:6,2112.0,3.784412833485801,1509.8000000000002,321.55817249220433,395363.26642399596,0.33589251439539347,0.5419235486743705,9,12,
2:0:7:6:6:3:5:1:7,2636.0,4.220906923878844,1456.2,305.9850146817547,374266.0919945373,0.3829174664107486,0.5555855005311313,11,15,
2:0:7:6:6:3:5:0:8,2768.0,4.320410044950349,1415.5999999999995,318.2672668382643,396059.20181958785,0.3272552783109405,0.5070948096742466,9,16,
2:0:7:6:6:4:6:1:6,2308.0,3.9659694563800687,1509.0000000000002,315.54017354803204,378215.91529540945,0.43378119001919385,0.6023994915172112,11,13,
2:0:7:7:6:3:4:0:7,2440.0,3.9758465820568683,1367.3999999999999,335.43213850325674,420686.44042810466,0.30710172744721687,0.48184954200664437,9,14,
2:0:7:7:6:3:5:1:6,2128.0,3.739148305777152,1429.4,338.79253461979266,419184.48885377333,0.3397312859884837,0.5243025156937167,10,12,
2:0:7:7:7:1:3:0:7,2376.0,3.9452199202275713,1384.8000000000002,350.11915687712974,448721.75523430173,0.190978886756238,0.39733675666553964,5,14,
2:0:7:7:7:3:4:1:6,2308.0,3.9017273346113663,1398.3999999999999,359.1998826650441,456933.06216069567,0.345489443378119,0.42922064378963004,11,13,
2:0:7:7:7:3:5:0:6,2112.0,3.782853326973556,1480.1999999999998,349.5331667064458,434167.7127670598,0.33685220729366605,0.5127245413987118,9,12,
2:0:7:7:7:3:5:1:7,2472.0,4.0238886642270595,1366.0000000000002,354.8919881245957,436637.4779701173,0.3512476007677543,0.5401241092089328,11,14,
2:0:7:8:8:2:3:0:7,2588.0,4.260595182772657,1458.0,393.54018044910816,513493.1026657636,0.2523992322456814,0.30543362339480046,8,15,
2:0:8:2:2:7:8:2:5,2252.0,3.8049477916799206,1553.0,159.7555989304773,154758.04819022727,0.718809980806142,0.8230563239904064,28,11,
2:0:8:3:2:6:8:2:5,2056.0,3.641080565457106,1553.8,184.20594920630464,185218.16243478763,0.6813819577735125,0.8021147891397851,26,10,
2:0:8:3:2:7:8:2:5,2056.0,3.7202162586354652,1648.8,171.6653414981548,167194.1666223062,0.744721689059501,0.8202602556132265,26,10,
2:0:8:3:3:5:7:2:5,2140.0,3.8199653007953684,1636.4,204.00384342877388,221558.23648592757,0.5921305182341651,0.7425979485726811,21,11,
2:0:8:5:5:3:5:1:7,2620.0,4.365536585700647,1659.5999999999997,269.28912230007404,326263.11219233484,0.35892514395393477,0.5787568299323239,10,15,
2:0:8:5:5:4:5:1:7,2636.0,4.353034987363901,1611.5999999999997,288.26245683318575,351790.6989843943,0.4049904030710173,0.5613127412880489,11,15,
2:0:8:5:5:4:5:1:8,2800.0,4.496772510975049,1608.3999999999996,277.2369564360015,333261.0079611521,0.43186180422264875,0.5963117912809924,11,16,
2:0:8:6:5:3:5:1:7,2620.0,4.295292781926059,1555.2,300.49507876695293,368807.00116093474,0.3474088291746641,0.5467013682848509,10,15,
3:0:1:2:2:6:7:3:7,3068.0,3.5171800497714143,454.2,142.70161186181394,158226.16762667205,0.6737044145873321,0.7211252253590549,38,15,
3:0:1:2:2:6:7:3:8,3364.0,3.7663242767942497,405.0,155.50989641960814,173560.9044393327,0.6986564299424184,0.7136785894793976,36,17,
3:0:1:2:2:7:6:4:7,3100.0,3.509103639810366,400.3999999999999,156.08599268240124,176846.80298468654,0.736084452975048,0.6951659997601761,40,15,
3:0:1:2:2:7:7:4:7,2952.0,3.367993437874029,411.59999999999997,145.84916226473774,161692.46711405204,0.753358925143954,0.7212877997953364,41,14,
3:0:1:2:2:7:7:3:8,3200.0,3.6361908823483504,426.80000000000007,162.11089940698116,181729.21395816345,0.7159309021113244,0.7084561450746412,36,16,
3:0:1:2:3:7:6:3:8,3248.0,3.6502098707089283,393.19999999999993,162.3186852787034,186073.51800575448,0.7178502879078695,0.6792617459004751,39,16,
3:0:1:3:2:7:7:3:8,3216.0,3.650838184720125,425.6,162.57338847836996,180446.91358230656,0.7120921305182342,0.7199683818866514,37,16,
3:0:1:3:3:5:6:3:9,3464.0,3.8900539051447227,404.2,185.23616916080132,220964.09213422574,0.5950095969289827,0.6122247351380414,32,18,
3:0:1:3:3:6:5:3:9,3776.0,4.231478964226079,441.5999999999999,191.60108072357377,230564.7907804215,0.6026871401151631,0.5940173604116805,31,20,
3:0:1:3:3:6:6:3:8,3364.0,3.793525945616763,424.80000000000007,164.05403533266667,189308.84679664145,0.6573896353166987,0.6696245600041733,36,17,
3:0:1:3:3:6:6:3:9,3660.0,4.026507222710295,354.00000000000006,181.6205260641274,216172.83421181323,0.6333973128598849,0.6165923374654203,34,19,
3:0:1:3:3:6:7:3:8,3216.0,3.638894375390142,409.9999999999999,165.72793915652787,185695.48963111368,0.6890595009596929,0.7090273526731954,37,16,
3:0:1:3:3:6:7:3:9,3496.0,3.9164758867336316,417.8,167.16787397644376,188415.69451527542,0.6650671785028791,0.7018225657209168,34,18,
3:0:1:3:3:7:6:3:8,3396.0,3.791091112738,380.7999999999999,173.5169394729964,202651.12047655828,0.7053742802303263,0.650686635747094,38,17,
3:0:1:3:3:7:6:3:9,3692.0,4.075149189117573,386.8,167.5054550605113,193751.8762621878,0.7034548944337812,0.6660264223148643,36,19,
3:0:1:4:3:5:6:2:9,3744.0,4.172239496890037,396.80000000000007,206.67355575941832,246970.45853221096,0.564299424184261,0.6086823154812542,29,20,
3:0:1:4:4:5:5:3:9,3776.0,4.2059246133332815,397.9999999999999,208.57344709327927,253029.66955377322,0.5854126679462572,0.5757283102348967,31,20,
3:0:2:2:2:6:7:3:7,3036.0,3.541324855213808,501.0000000000001,153.06049913278798,172232.15129029754,0.6986564299424184,0.7038620306204798,36,15,
3:0:2:2:2:6:7:3:8,3348.0,3.8081570077008347,467.2,152.89960202426997,169753.95765996442,0.6602687140115163,0.7196755083742133,35,17,
3:0:2:2:2:7:6:3:7,2920.0,3.4218792034725216,487.0,158.59813001836736,180857.6175309554,0.7063339731285988,0.6865649638677851,39,14,
3:0:2:2:2:7:7:3:8,3200.0,3.6758316543636766,475.5999999999999,154.61658384695087,165803.0067185474,0.7149712092130518,0.7543784758736418,36,16,
3:0:2:3:2:6:7:3:8,3200.0,3.7234738727187495,516.2000000000002,163.65977537293654,180898.33896779068,0.6833013435700576,0.7245588640188233,36,16,
3:0:2:3:2:7:7:3:8,3136.0,3.733055641800295,588.8,165.0439787559069,178966.5345679388,0.7197696737044146,0.7440976179291614,32,16,
3:0:2:3:3:5:5:3:9,3628.0,4.202161017736967,548.8,201.85178048191963,245682.7099697765,0.5758157389635317,0.5678611202610913,32,19,
3:0:2:3:3:5:6:3:8,3332.0,3.888788957049555,551.3999999999999,168.7180932456361,196534.86640754974,0.5479846449136276,0.6549426063615378,34,17,
3:0:2:3:3:5:6:3:9,3464.0,4.004712118620052,527.1999999999999,181.7100276020943,216856.9534249271,0.564299424184261,0.6113099544860121,32,18,
3:0:2:3:3:6:5:3:8,3300.0,3.9403042878393517,604.8,200.99706792860465,244688.07877628435,0.6190019193857965,0.5674069669847853,32,17,
3:0:2:3:3:6:5:3:9,3660.0,4.135682213870672,457.5999999999999,191.78086685324044,230436.30089628987,0.6094049904030711,0.59723827220955,34,19,
3:0:2:3:3:6:6:3:7,3036.0,3.554835649588466,498.0,170.1387468711814,198823.47265907293,0.6497120921305183,0.6497037190174166,36,15,
3:0:2:3:3:6:6:3:8,3348.0,3.8283718311880013,473.00000000000006,168.1634480978975,195977.21737550967,0.6497120921305183,0.6542104067978711,35,17,
3:0:2:3:3:6:6:3:9,3676.0,4.179807387460747,487.6,191.7592977340982,230093.1134159987,0.6353166986564299,0.6001655541512463,35,19,
3:0:2:3:3:7:6:3:7,3068.0,3.5647270237438105,479.6,166.84555874105092,193064.00301400773,0.7092130518234165,0.6654286484574433,38,15,
3:0:2:3:4:6:5:3:8,3300.0,3.892901787107861,552.4000000000001,204.00366216639077,247813.9717379514,0.6094049904030711,0.5725934218187858,32,17,
3:0:2:4:3:6:6:2:9,3712.0,4.337330402382558,599.3999999999999,208.09827928262598,243124.76694810923,0.6103646833013435,0.6501005137865675,27,20,
3:0:2:4:4:5:5:2:9,3744.0,4.399917834974568,633.5999999999998,207.1143840435004,253837.57739110081,0.5316698656429942,0.5504353595010149,29,20,
3:0:2:4:4:5:6:2:8,3220.0,3.8762565689759785,607.8,211.25934487296948,251340.3027037966,0.5374280230326296,0.6174464116972952,27,17,
3:0:2:4:4:5:6:2:9,3564.0,4.226538146409335,631.8,208.25274855852717,249216.5562073692,0.5585412667946257,0.6057363731385615,28,19,
3:0:3:2:2:5:6:3:9,3496.0,4.231524166364603,752.7999999999997,160.44818135191642,184290.27677825492,0.5950095969289827,0.6764528320911577,34,18,
3:0:3:2:2:5:7:3:9,3628.0,4.2512293442318745,655.3999999999999,146.3809766896139,162714.32572866947,0.5681381957773513,0.7183076788717121,32,19,
3:0:3:2:2:6:6:3:8,3152.0,3.8781142270674613,728.1999999999997,160.79502460429518,184050.61795276598,0.6046065259117083,0.6813812597802955,33,16,
3:0:3:2:2:6:7:3:7,3004.0,3.736863495258779,727.9999999999999,161.81176205964746,178041.9335167434,0.6804222648752399,0.7294399579342158,34,15,
3:0:3:2:2:7:7:3:8,3120.0,3.9285484448599326,818.1999999999996,155.34747954404958,158152.48776795302,0.7140115163147792,0.7941988859118839,31,16,
3:0:3:2:3:6:6:3:7,3036.0,3.6898509465235834,647.8,161.02468627757418,185838.19115965304,0.6525911708253359,0.6694225795912684,36,15,
3:0:3:3:2:6:7:3:7,2972.0,3.7811066430949363,804.3999999999999,163.51312210492384,173868.7601251304,0.663147792706334,0.7617100599478014,32,15,
3:0:3:3:2:7:7:3:7,2956.0,3.6236502665815595,647.6,172.24357777798522,184595.09598117584,0.7197696737044146,0.7549093652329486,31,15,
3:0:3:3:2:7:7:3:8,3300.0,4.045505243182887,750.1999999999997,165.21646339656752,175599.9324098614,0.7044145873320538,0.7620950121937854,32,17,
3:0:3:3:3:4:5:2:9,3532.0,4.205996415392168,649.2000000000004,201.4482648386387,245363.4177121256,0.4932821497120921,0.5661522877714398,26,19,
3:0:3:3:3:5:5:2:9,3548.0,4.312421435126767,759.4000000000001,186.14313540209108,223975.55354105597,0.5239923224568138,0.5942242812506062,27,19,
3:0:3:3:3:5:6:2:7,2924.0,3.7396142011193665,772.9999999999999,199.67799756638001,232058.85611233886,0.5882917466410749,0.6586715823229528,29,15,
3:0:3:3:3:5:6:3:8,3300.0,4.028110037752922,720.3999999999997,176.89065933854528,209787.6423061438,0.5604606525911708,0.6235103905377857,32,17,
3:0:3:3:3:5:6:3:9,3480.0,4.1516027394358685,665.3999999999997,180.5700544921755,214363.79876128107,0.5585412667946257,0.6216243730735973,33,18,
3:0:3:3:3:5:7:3:8,3104.0,3.8464466423178045,725.2,178.79740129515235,201069.57807356407,0.5959692898272553,0.7046162743445128,30,16,
3:0:3:3:3:5:7:2:9,3384.0,4.184182489717011,801.3999999999996,174.51815428512566,196209.68667655156,0.5585412667946257,0.7049140783988382,27,18,
3:0:3:3:3:6:6:3:8,3332.0,3.991961881013383,652.1999999999997,175.42428001594547,207562.8948395125,0.6199616122840691,0.6278885259670431,34,17,
3:0:3:3:3:6:6:3:9,3464.0,4.157106926587299,667.4,200.30541750396617,237085.01856150912,0.6487523992322457,0.6272412915422272,32,18,
3:0:3:3:3:6:7:3:7,2940.0,3.656737703575983,687.7999999999997,182.52068712617435,205856.93582821294,0.6238003838771593,0.7009885932351088,30,15,
3:0:3:3:3:6:7:3:8,3120.0,3.8507561019340812,715.5999999999999,176.88785821531286,197898.1049850021,0.6689059500959693,0.7108418261788134,31,16,
3:0:3:3:3:6:7:3:9,3432.0,4.244785325520979,816.0,175.06630919285985,195618.20902838264,0.6353166986564299,0.7122988743234353,30,18,
3:0:3:3:3:7:7:3:7,2972.0,3.801612691627821,809.5999999999998,179.68042467618938,199358.00470835686,0.7197696737044146,0.720398358780627,32,15,
3:0:3:3:3:7:7:3:8,3120.0,3.7706622751469063,637.3999999999997,171.63009070307695,189619.65118936714,0.7053742802303263,0.7250655370736698,31,16,
3:0:3:4:3:5:6:2:8,3204.0,4.018894725838258,778.1999999999999,205.48830432346492,241371.55286956165,0.5412667946257198,0.6409545903169761,26,17,
3:0:3:4:3:5:6:2:9,3384.0,4.077028484073099,656.4,207.86368040416963,243729.330097735,0.5796545105566219,0.6440124354851747,27,18,
3:0:3:4:3:5:7:2:9,3484.0,4.222524174721434,709.9999999999997,205.870190059735,229697.64865267923,0.5844529750479847,0.7140286058440657,23,19,
3:0:3:4:3:6:6:3:7,2940.0,3.748631568856366,760.9999999999997,205.07409474833415,241882.2258803694,0.6602687140115163,0.6336415830277743,30,15,
3:0:3:4:3:6:6:2:8,3188.0,3.984355293739654,758.8000000000002,204.89821607671894,232921.7855688871,0.6305182341650671,0.6908082198461003,25,17,
3:0:3:4:3:6:6:2:9,3728.0,4.422744005557875,675.7999999999997,204.6992537913055,239708.3891136241,0.6026871401151631,0.6462163396839395,28,20,
3:0:3:4:3:6:7:2:8,3156.0,3.9203642627432354,719.8000000000002,209.2195617784508,229746.52726839719,0.6333973128598849,0.7315261200603506,23,17,
3:0:3:4:4:4:4:2:9,3696.0,4.40421563839922,648.5999999999998,244.5926952119875,308934.9605173975,0.48080614203454897,0.4568121264796151,26,20,
3:0:3:4:4:4:5:2:8,3040.0,3.880128326706159,778.0,225.09371642781772,274472.2955156868,0.4856046065259117,0.5633808442932431,26,16,
3:0:3:4:4:4:5:2:9,3680.0,4.473317312330499,773.4,207.7966394483803,255561.9991130968,0.4894433781190019,0.5411692855041287,25,20,
3:0:3:4:4:4:6:2:8,3140.0,3.9266656577416437,721.8000000000001,229.78561536679254,275254.4994379427,0.4904030710172745,0.6037114489439707,22,17,
3:0:3:4:4:4:6:2:9,3320.0,4.041380789054755,664.6,226.51878219505437,270687.2119692146,0.4971209213051823,0.6086663107736947,23,18,
3:0:3:4:4:5:4:2:9,3712.0,4.4545289990454675,697.7999999999998,231.81921700537697,289276.2347539866,0.5297504798464492,0.49844668329905994,27,20,
3:0:3:4:4:5:5:2:8,3252.0,3.9812103802323078,676.1999999999999,220.22121620206445,272856.0607494367,0.5441458733205374,0.5202481999207434,29,17,
3:0:3:4:4:5:5:2:9,3400.0,4.122399389389296,669.3999999999999,226.1401637436465,281618.3158016479,0.5316698656429942,0.5048418804770567,28,18,
3:0:3:4:4:5:6:2:8,2976.0,3.8477287389440273,805.2000000000002,228.1333459796762,272874.82354261546,0.5038387715930902,0.6067358455084094,22,16,
3:0:3:4:4:5:6:2:9,3712.0,4.490825249010035,756.8,210.63990946845692,250538.33797018914,0.519193857965451,0.617951316932165,27,20,
3:0:3:4:4:5:7:2:8,2944.0,3.8109394084172927,802.1999999999998,224.7988635708192,253015.96406044118,0.5777351247600768,0.703569814688845,20,16,
3:0:3:4:4:6:6:2:8,3204.0,4.0362607291370285,784.0,217.78367976078385,258181.6892210982,0.6084452975047985,0.6242713965370374,26,17,
3:0:3:4:4:6:6:2:9,3564.0,4.411262865765028,815.8,216.73590612715918,257807.62929071634,0.6103646833013435,0.6178108774462301,28,19,
3:0:3:5:4:3:5:2:9,3452.0,4.299295703115709,779.8000000000002,248.06612264656863,305839.10315043567,0.39923224568138194,0.5344127958876059,21,19,
3:0:3:5:4:4:5:1:9,3404.0,4.273618577627113,798.0,251.11055788745153,307879.94289905025,0.43666026871401153,0.5494060797883326,18,19,
3:0:3:5:4:4:6:1:9,3568.0,4.437299731689048,806.0,249.66632041998844,297582.4124835825,0.4798464491362764,0.6138215771542378,18,20,
3:0:3:5:4:5:5:2:9,3616.0,4.41922253400257,736.6,252.2298804306774,306003.7082649659,0.5403071017274472,0.5756323603902489,21,20,
3:0:3:5:4:5:6:1:9,3568.0,4.4428352878611275,808.9999999999999,252.43436995129457,302876.97815020283,0.5,0.6003084330274754,18,20,
3:0:3:5:5:3:4:1:9,3716.0,4.544946101272616,736.8,283.0338375260658,356567.00420320884,0.3761996161228407,0.4662083027060982,17,21,
3:0:3:5:5:3:5:1:9,3208.0,4.085965917962416,774.8,274.7764865168378,342171.6322217285,0.3944337811900192,0.5049765534408182,16,18,
3:0:3:5:5:4:5:2:8,3108.0,3.908288547134503,705.0,259.4366661141523,321559.23013976536,0.45777351247600767,0.5191947040185477,20,17,
3:0:3:5:5:4:5:1:9,3568.0,4.380442609721747,739.9999999999999,256.4211993300611,316586.9860500497,0.44241842610364684,0.530447333118501,18,20,
3:0:3:5:5:4:6:1:9,3488.0,4.380237566517259,809.1999999999998,267.00754431098466,318844.7574741703,0.44529750479846447,0.6101001213826699,13,20,
3:0:3:5:5:5:5:2:9,3616.0,4.388162430695529,703.8,252.66525278474236,309786.00722858426,0.5134357005758158,0.5494069733242077,21,20,
3:0:3:6:5:4:4:1:9,3520.0,4.365343362136914,734.0000000000001,294.68778334666484,369988.7857334045,0.4049904030710173,0.4781352563174815,15,20,
3:0:3:6:5:4:5:0:9,3736.0,4.634497402925674,803.9999999999998,289.1462938485525,347385.52944263566,0.4001919385796545,0.5974918344342902,8,22,
3:0:3:6:6:2:3:1:9,3784.0,4.638972829247403,737.2,312.60968807579417,404133.6844342661,0.2687140115163148,0.3559694768995972,11,22,
3:0:3:6:6:3:3:1:9,3356.0,4.176919042335217,696.8000000000001,299.5496421132963,387521.9789659959,0.345489443378119,0.3523827162827153,15,19,
3:0:3:6:6:3:4:1:9,3636.0,4.522394875630537,775.8,300.53546040701985,382663.7831141693,0.31477927063339733,0.42541182165669944,12,21,
3:0:3:6:6:3:5:1:9,3340.0,4.234965579213264,774.2,298.63413354022094,371753.6729152372,0.3886756238003839,0.5060410740909957,14,19,
3:0:4:2:2:6:7:3:7,2940.0,3.86353284265005,929.6000000000001,156.2012220413522,164716.8244810951,0.6708253358925144,0.7685772715812624,30,15,
3:0:4:2:2:6:7:3:8,3136.0,4.019914815444219,891.9999999999997,160.75123769287615,177382.9020761177,0.6122840690978887,0.7263887033933921,32,16,
3:0:4:2:2:7:7:2:7,2924.0,3.829859721529931,908.3999999999997,158.31382983418803,167101.1323560825,0.7063339731285988,0.7678212383824695,29,15,
3:0:4:2:2:7:7:3:8,3104.0,4.07293110823888,978.5999999999995,161.3942147849129,166902.50874137512,0.7226487523992322,0.7834199990268634,30,16,
3:0:4:2:2:7:8:3:7,2956.0,3.859929707019573,917.1999999999999,148.8467547143951,149082.2433083636,0.708253358925144,0.8044957882068211,31,15,
3:0:4:3:2:6:7:2:7,2924.0,3.9141057179428906,990.8000000000003,163.6981580964923,175590.5415354953,0.6612284069097889,0.7541299789907219,29,15,
3:0:4:3:2:6:7:2:8,3088.0,4.058555980000432,971.4,169.61533116044967,183809.0615998999,0.6602687140115163,0.7446918666755701,29,16,
3:0:4:3:2:7:7:2:8,3088.0,4.067410048995101,980.8,169.44127105289553,176165.77813153196,0.7120921305182342,0.7795105253057429,29,16,
3:0:4:3:3:4:5:2:9,3400.0,4.270934069283041,857.9999999999997,192.31330019292926,232090.94929210583,0.4932821497120921,0.5876647393002423,28,18,
3:0:4:3:3:5:6:3:7,2972.0,3.8682807507254098,887.3999999999996,171.3485422558775,199099.6616653449,0.5767754318618042,0.6589559312398438,32,15,
3:0:4:3:3:5:6:3:8,3316.0,4.1695845587149725,861.5999999999999,167.1071101810019,194136.12533521178,0.5710172744721689,0.6592429673345134,33,17,
3:0:4:3:3:5:6:3:9,3464.0,4.311060167668059,854.3999999999997,173.72469471011823,203932.62430167935,0.5518234165067178,0.6420476827754961,32,18,
3:0:4:3:3:5:7:2:7,2924.0,3.7952516078751932,848.4,182.25217540595136,196794.73761165046,0.5998080614203455,0.7480771859615704,29,15,
3:0:4:3:3:5:7:2:8,3008.0,3.9841678576452315,961.1999999999998,182.30290766633146,202996.47788121697,0.5758157389635317,0.7163331305197748,24,16,
3:0:4:3:3:5:7:2:9,3400.0,4.257185300749325,852.2,183.78708338079662,203925.16450772432,0.5921305182341651,0.7203394389237686,28,18,
3:0:4:3:3:6:6:3:7,2940.0,3.906731933916921,948.1999999999997,182.61467514143158,210463.9925895116,0.6266794625719769,0.6714845499144596,30,15,
3:0:4:3:3:6:6:3:8,3316.0,4.170596043457323,867.1999999999999,162.56107728252968,187406.29719392207,0.6026871401151631,0.6710554842672318,33,17,
3:0:4:3:3:6:6:2:9,3548.0,4.523262001578671,961.0000000000001,204.23900564497578,238994.560137675,0.6036468330134357,0.6474507593775677,27,19,
3:0:4:3:3:6:7:2:7,2924.0,3.779287256602917,831.7999999999998,182.2173213802398,202082.3280558691,0.6583493282149712,0.7208967454349502,29,15,
3:0:4:3:3:6:7:3:8,3268.0,4.091899404074638,820.8000000000002,174.959179045774,197470.29126296824,0.6324376199616123,0.7000851925813486,30,17,
3:0:4:3:3:6:7:3:9,3432.0,4.299650508128556,866.7999999999997,181.43582946995585,204379.85706729037,0.6094049904030711,0.702538082542009,30,18,
3:0:4:3:3:7:7:3:7,2988.0,3.9164105451571896,920.9999999999999,171.8997880537913,186271.73239224526,0.7428023032629558,0.7447581064396642,33,15,
3:0:4:3:3:7:7:2:8,3088.0,4.075294224864546,980.6,177.85658230885662,195784.64638668756,0.710172744721689,0.7289624753425851,29,16,
3:0:4:4:3:5:6:2:8,3056.0,4.08863161638653,997.7999999999998,206.55414427476364,244909.42555179677,0.5575815738963532,0.6239607057985902,27,16,
3:0:4:4:3:5:6:2:9,3384.0,4.308288254964007,896.4,208.83636167249585,246355.15193412377,0.5796545105566219,0.6333825280061449,27,18,
3:0:4:4:3:5:7:2:8,2976.0,3.967070165082909,952.7999999999998,204.88711201639137,231211.56035397053,0.5738963531669866,0.7002889205310883,22,16,
3:0:4:4:3:5:7:2:9,3764.0,4.727925971328673,955.8,206.69886212447736,233298.80480845133,0.5508637236084453,0.7000578861314515,20,21,
3:0:4:4:3:6:6:2:8,3204.0,4.177956261720418,942.6,206.83042471267592,240919.43849344156,0.6391554702495201,0.6550191296116634,26,17,
3:0:4:4:3:6:6:2:9,3336.0,4.326486469452489,960.5999999999997,211.59890116949475,245871.12140662622,0.6084452975047985,0.6589413052828368,24,18,
3:0:4:4:3:6:7:2:8,3156.0,4.172470652445645,985.9999999999999,205.71441984836227,231107.24513121494,0.6170825335892515,0.7058465101394732,23,17,
3:0:4:4:3:6:7:2:9,3500.0,4.4712706836545415,948.1999999999997,210.8640523680322,234788.3392153946,0.6209213051823417,0.716388290716387,24,19,
3:0:4:4:4:3:5:2:9,3764.0,4.748684974304259,941.5999999999999,242.52974322503866,296651.26525591547,0.39731285988483683,0.5555803562052327,20,21,
3:0:4:4:4:4:4:2:8,2992.0,4.064368239957632,1000.4000000000001,242.67170603585305,303759.1512597567,0.43186180422264875,0.4883598876197568,23,16,
3:0:4:4:4:4:4:2:9,3780.0,4.733463774125325,917.7999999999998,234.46925263858935,296054.0430956015,0.41170825335892514,0.45798960970622465,21,21,
3:0:4:4:4:4:5:2:8,3188.0,4.146558101976034,907.8000000000001,224.913542259027,270747.39054433326,0.4942418426103647,0.5932485086917695,25,17,
3:0:4:4:4:4:5:2:9,3648.0,4.627203549458974,954.8,218.74609853625037,270420.5408856804,0.4069097888675624,0.5267722040135214,23,20,
3:0:4:4:4:4:6:2:8,2976.0,3.9152161842780298,879.4,224.25526401770674,267550.0792301095,0.4740882917466411,0.6119186618742049,22,16,
3:0:4:4:4:4:6:2:9,3500.0,4.423867749101221,898.0,211.6701945634716,249764.6391778181,0.47888675623800386,0.6329010954427248,24,19,
3:0:4:4:4:5:5:2:9,3696.0,4.577146620889791,862.1999999999999,211.18677896716213,258858.80442564504,0.5441458733205374,0.5501310592884694,26,20,
3:0:4:4:4:5:6:2:8,3204.0,4.213482277116733,974.7999999999997,211.64853275563573,252176.53145338662,0.5585412667946257,0.614540920728575,26,17,
3:0:4:4:4:5:6:2:9,3384.0,4.301523245223314,888.5999999999998,209.58722152269365,249518.10658891013,0.5547024952015355,0.6161365304104616,27,18,
3:0:4:4:4:5:7:1:8,3076.0,3.974692126108834,832.7999999999997,232.82919540540482,262509.5147839046,0.5623800383877159,0.7014096132614672,18,17,
3:0:4:4:4:5:7:1:9,3192.0,4.163740622194527,907.9999999999998,238.61772832669752,267356.67800493987,0.5355086372360844,0.7090750122114043,15,18,
3:0:4:4:4:6:6:2:8,3056.0,3.9921036104606094,887.7999999999998,215.9719620999555,255613.10826948006,0.6391554702495201,0.6273511676944149,27,16,
3:0:4:4:4:6:6:2:9,3548.0,4.455667814281942,879.9999999999999,214.80586248178412,253774.9449956901,0.6190019193857965,0.6306756284929125,27,19,
3:0:4:4:4:6:7:2:8,3124.0,4.152781451278729,981.7999999999998,221.3982722324354,248974.5114345228,0.6247600767754319,0.7046290160568013,21,17,
3:0:4:5:4:3:5:1:9,3716.0,4.730574341080673,962.6,250.6584634060609,308425.64094502386,0.39539347408829173,0.5398525712416866,17,21,
3:0:4:5:4:4:5:1:8,3060.0,4.038976629435793,895.8000000000002,252.81364787209586,303566.5057342616,0.4817658349328215,0.5986728336348827,17,17,
3:0:4:5:4:4:5:2:9,3780.0,4.741580312051164,912.1999999999999,248.52668515731264,304887.7239895594,0.47024952015355087,0.5478885244461354,21,21,
3:0:4:5:4:4:6:1:8,3060.0,4.032970390539519,895.2,247.15514694217788,295905.76601375727,0.4817658349328215,0.6047981121539762,17,17,
3:0:4:5:4:4:6:1:9,3732.0,4.7481962722084035,966.3999999999999,249.22051564115628,297956.6413448122,0.4510556621880998,0.607702423422604,18,21,
3:0:4:5:4:5:5:2:8,3124.0,4.069974204373038,869.1999999999997,247.71312095670666,300229.54730313265,0.5067178502879078,0.5779259932987857,21,17,
3:0:4:5:4:5:5:2:9,3632.0,4.521709600861363,830.8000000000002,248.82140409753998,300257.2714741677,0.5220729366602687,0.58788602708138,22,20,
3:0:4:5:4:5:6:2:9,3484.0,4.511710952769341,970.3999999999997,246.80281278565286,296065.8368272792,0.5441458733205374,0.6006945875013826,23,19,
3:0:4:5:5:3:3:2:9,3764.0,4.763611484569354,914.4,285.28316692126606,368605.5577921601,0.39923224568138194,0.3587303808514147,20,21,
3:0:4:5:5:3:4:2:9,3780.0,4.782546946758698,939.1999999999999,264.21391852256346,337068.99462787056,0.3982725527831094,0.4173499810950452,21,21,
3:0:4:5:5:3:5:2:9,3780.0,4.789902479853087,952.8,258.27838400691587,320406.5790295177,0.39539347408829173,0.516571166355927,21,21,
3:0:4:5:5:4:3:2:9,3648.0,4.6809048997244265,953.4000000000002,276.1029055128523,354575.06482493243,0.46065259117082535,0.3881539816359721,23,20,
3:0:4:5:5:4:4:2:9,3648.0,4.592045501391587,887.1999999999997,249.71141245003332,316450.1602321956,0.4750479846449136,0.44425103862164106,23,20,
3:0:4:5:5:4:5:1:8,3028.0,4.020957448868571,884.0,277.83766172105044,337014.4464192,0.44145873320537427,0.5760259194446217,15,17,
3:0:4:5:5:4:5:1:9,3732.0,4.6414603642351455,848.2,256.2016995330213,319472.1252972701,0.42322456813819576,0.5007336724555257,18,21,
3:0:4:5:5:4:6:1:9,3700.0,4.702181717842661,940.8,258.87334999205314,309908.17683846416,0.45393474088291746,0.6049792106312174,16,21,
3:0:4:5:5:5:5:2:9,3780.0,4.703381807981211,865.4,255.5238439164217,311317.8520890231,0.5134357005758158,0.5654392810538976,21,21,
3:0:4:5:5:5:6:1:9,3748.0,4.755275771237126,934.0,272.9973536290853,326355.02880430967,0.5095969289827256,0.6078779812469689,19,21,
3:0:4:6:5:3:5:1:9,3472.0,4.5213681321777885,941.3999999999999,297.865593729256,368973.8943349545,0.3272552783109405,0.520919103957353,12,20,
3:0:4:6:5:4:5:1:9,3192.0,4.204665841575355,897.9999999999999,291.2618069215197,358457.5404147029,0.418426103646833,0.5393117461203718,15,18,
3:0:4:6:6:2:2:1:9,3784.0,4.745108305390417,837.5999999999998,322.80285421681464,421685.8757986917,0.255278310940499,0.2985444134814512,11,22,
3:0:4:6:6:2:3:1:9,3652.0,4.702178082343577,944.5999999999998,303.069561802008,395419.21320203884,0.2687140115163148,0.30583913157513704,13,21,
3:0:4:6:6:3:3:1:9,3748.0,4.803219097708424,963.8000000000002,293.1542998121779,378500.3639669997,0.3310940499040307,0.3623755881019054,19,21,
3:0:4:6:6:3:4:1:9,3324.0,4.435026315768248,992.0000000000001,305.2974210305139,387798.1131353956,0.34452975047984646,0.4350847714332522,13,19,
3:0:4:7:6:2:4:1:9,3440.0,4.563746101799638,981.0000000000002,334.4234380752229,425245.9496827511,0.27735124760076774,0.43083163069434416,10,20,
3:0:4:7:7:1:3:0:9,3540.0,4.564061628825618,880.4000000000001,335.352217236294,436669.7535770351,0.16410748560460653,0.31729042567244586,6,21,
3:0:4:7:7:2:3:0:9,3704.0,4.767960876838275,912.3999999999999,351.8152336654825,453108.45021130616,0.21401151631477927,0.37458536830689004,6,22,
3:0:4:7:7:2:4:0:9,3704.0,4.764656477892981,914.1999999999998,346.5720499644855,442349.2233524084,0.23416506717850288,0.4153186203398534,6,22,
3:0:5:2:2:6:7:2:7,2924.0,3.9735829952985338,1057.6000000000001,158.87348110107203,164716.8244810951,0.6708253358925144,0.7815675635920523,29,15,
3:0:5:2:2:6:8:3:7,2940.0,3.9932597860329415,1071.6,149.3766970463251,149246.67962254924,0.6689059500959693,0.8059683793217759,30,15,
3:0:5:2:2:7:8:2:7,2924.0,4.021478243117292,1110.4,155.98032932821798,154826.70832856026,0.7207293666026872,0.8098145062830568,29,15,
3:0:5:3:2:6:7:3:7,2956.0,3.9730490197813246,1016.7999999999997,167.1170786121408,177016.6065464326,0.6449136276391555,0.7649359274368799,31,15,
3:0:5:3:2:6:7:2:8,3056.0,4.157566279256108,1105.6000000000001,170.58406298486437,184718.7347697917,0.6449136276391555,0.7454125698319453,27,16,
3:0:5:3:2:6:7:2:9,3368.0,4.3656370576606465,1009.8000000000001,171.19381408239315,183569.9793301651,0.6525911708253359,0.7544251237541155,26,18,
3:0:5:3:2:7:7:3:7,2940.0,4.06141416872364,1119.1999999999998,172.79356381003205,182301.5457626727,0.716890595009597,0.7681890950717796,30,15,
3:0:5:3:2:7:7:2:8,3088.0,4.0886725988525905,1007.1999999999995,165.19684800439993,172628.22511220758,0.7034548944337812,0.7756898283955468,29,16,
3:0:5:3:3:5:6:2:7,2924.0,4.098971908523477,1144.8,202.32872868146208,240595.47202014618,0.536468330134357,0.6184146661643415,29,15,
3:0:5:3:3:5:6:2:8,3056.0,4.099183662873336,1013.3999999999999,201.94937671401593,234956.23560097007,0.5863723608445297,0.6569212695472355,27,16,
3:0:5:3:3:5:6:2:9,3564.0,4.675281827222632,1109.0000000000002,198.64366396598246,233440.91774661164,0.5297504798464492,0.6401391965421281,28,19,
3:0:5:3:3:5:7:2:8,3172.0,4.257826979994268,1075.3999999999996,189.25571315402726,212265.74424095984,0.5220729366602687,0.7078511209490032,24,17,
3:0:5:3:3:5:7:2:9,3484.0,4.505983409672194,1012.6000000000004,198.63471287842563,224011.03853919997,0.5067178502879078,0.7011017106209108,23,19,
3:0:5:3:3:6:6:2:8,3056.0,4.099448917922362,1019.1999999999998,196.42577247510204,227863.02883640034,0.6017274472168906,0.6615475867296122,27,16,
3:0:5:3:3:6:7:2:7,2924.0,4.076630506551815,1136.2,187.64898782699197,210795.91231557413,0.6276391554702495,0.7059388110312081,29,15,
3:0:5:3:3:6:7:2:8,3024.0,4.0927816353588184,1064.5999999999997,176.07846404388928,194715.19949154987,0.6084452975047985,0.7240549092338606,25,16,
3:0:5:3:3:6:7:2:9,3368.0,4.369418016950472,1002.3999999999995,182.53357366239217,195833.8248320964,0.6593090211132437,0.7539497504927806,26,18,
3:0:5:3:3:7:7:2:8,3088.0,4.146471702373347,1050.9999999999998,181.62351387302832,195901.05850762117,0.7015355086372361,0.7490941372902743,29,16,
3:0:5:4:3:4:6:2:8,2992.0,4.173501114977918,1146.0000000000002,210.7881618069902,243714.47318634053,0.4740882917466411,0.6666649343800481,23,16,
3:0:5:4:3:4:7:2:8,2960.0,4.057509134900962,1059.4,208.52451856680256,235038.60125366686,0.4894433781190019,0.7017713155415763,21,16,
3:0:5:4:3:4:7:2:9,3616.0,4.6740490897928995,1036.3999999999999,217.95915156420097,245560.51288409866,0.46065259117082535,0.7023420441630774,21,20,
3:0:5:4:3:5:6:2:8,3156.0,4.32622254546555,1144.9999999999998,206.9238923751032,244008.4544528704,0.5335892514395394,0.6340517211425294,23,17,
3:0:5:4:3:5:6:2:9,3352.0,4.48885427992074,1120.1999999999998,205.18615967741042,243202.69218461486,0.5287907869481766,0.6246176666886726,25,18,
3:0:5:4:3:5:7:2:8,3172.0,4.333089003790729,1133.6,209.47874194993986,236373.48360242698,0.5844529750479847,0.7003937093121683,24,17,
3:0:5:4:3:5:7:2:9,3272.0,4.40766634852324,1115.6,205.18833516121597,231005.45265110896,0.5393474088291746,0.7032398925980226,20,18,
3:0:5:4:3:6:6:2:8,3040.0,4.11758898297339,1042.6000000000001,207.92772025827242,244939.82012931272,0.6094049904030711,0.6358957971884021,26,16,
3:0:5:4:3:6:6:2:9,3384.0,4.464783156820101,1060.2000000000003,208.104049406544,239405.35941116727,0.6036468330134357,0.6741590791876161,27,18,
3:0:5:4:3:6:7:2:8,2992.0,4.0491023090885125,1012.4000000000001,214.76460607022915,241728.34575080874,0.6391554702495201,0.7035383248264424,23,16,
3:0:5:4:3:6:7:2:9,3484.0,4.555026131067674,1053.4,208.93722857251635,234112.98252941968,0.6055662188099808,0.7090162109626422,23,19,
3:0:5:4:4:4:5:2:8,3188.0,4.386742409973377,1159.4,223.58559119225882,269442.082910741,0.4875239923224568,0.5908651574041582,25,17,
3:0:5:4:4:4:5:2:9,3352.0,4.49794751395417,1112.6,222.26130954024518,268435.9775850282,0.4712092130518234,0.5859732463505231,25,18,
3:0:5:4:4:4:6:2:8,3008.0,4.21498751286915,1166.1999999999998,217.8169884096543,259241.58228444672,0.4980806142034549,0.6166971465817928,24,16,
3:0:5:4:4:4:6:2:9,3468.0,4.580804669027387,1080.9999999999998,224.19846512653783,266465.9955674725,0.4616122840690979,0.6193981978252547,22,19,
3:0:5:4:4:5:5:2:8,3204.0,4.320865271300163,1085.9999999999998,212.3416126947708,256234.34824841432,0.5047984644913628,0.5879043119023526,26,17,
3:0:5:4:4:5:5:2:9,3352.0,4.535442965180536,1152.9999999999998,220.93156971811862,265462.7800738685,0.5124760076775432,0.5972370791579547,25,18,
3:0:5:4:4:5:6:2:8,3204.0,4.327800839878201,1093.8,211.7684751530855,252989.432006891,0.5134357005758158,0.6092379053724728,26,17,
3:0:5:4:4:5:6:2:9,3304.0,4.4475636753039876,1111.5999999999997,218.76134966675565,261227.48890663698,0.519193857965451,0.6101347872158619,22,18,
3:0:5:4:4:5:7:2:8,3140.0,4.264947701462685,1083.2000000000005,220.87550492411614,247691.3790324125,0.5623800383877159,0.7080385818979733,22,17,
3:0:5:4:4:5:7:2:9,3304.0,4.418743804086544,1076.6,223.73104385817953,252465.4217490838,0.5777351247600768,0.7003447929381845,22,18,
3:0:5:4:4:6:6:2:8,3204.0,4.258630274177392,1017.1999999999997,216.2927456928429,248274.7215713148,0.6333973128598849,0.6773715398182747,26,17,
3:0:5:4:4:6:6:2:9,3320.0,4.430653343040339,1080.8,215.94078344803307,250827.7713929469,0.6094049904030711,0.6594997312751142,23,18,
3:0:5:4:4:6:7:2:8,3156.0,4.28950222519867,1084.6000000000001,229.0613186570142,258493.94746846592,0.6660268714011516,0.7002781245458742,23,17,
3:0:5:4:4:6:7:2:9,3304.0,4.358331537150073,1011.7999999999998,225.58146171037515,253123.63744134858,0.6142034548944337,0.7072995885227845,22,18,
3:0:5:5:4:3:5:1:9,3700.0,4.7844036682732,1037.6,247.74862234067382,301773.99032062484,0.39539347408829173,0.5660154203305013,16,21,
3:0:5:5:4:3:6:1:9,3504.0,4.644220043034547,1088.0,247.27728484199815,292336.391980611,0.3848368522072937,0.6294251838430909,14,20,
3:0:5:5:4:4:5:2:9,3764.0,4.967401024822477,1164.8,247.2318678650207,304961.9694278872,0.43761996161228406,0.5330259043056831,20,21,
3:0:5:5:4:4:6:1:8,2964.0,4.1378796617523665,1082.2000000000003,265.47060754596635,308896.7680054881,0.42514395393474086,0.6567275917775006,11,17,
3:0:5:5:4:4:6:1:9,3568.0,4.762702715228994,1144.8,249.93622926861204,299528.2911161436,0.43761996161228406,0.6027671999108059,18,20,
3:0:5:5:4:5:5:2:8,3156.0,4.385564702368608,1166.8000000000004,246.95841986808924,298130.32308850996,0.5585412667946257,0.5869781003656215,23,17,
3:0:5:5:4:5:5:2:9,3600.0,4.677519556031634,1027.0,246.97537738496203,297646.1412134233,0.5211132437619962,0.5907385476423607,20,20,
3:0:5:5:4:5:6:1:8,3028.0,4.193662196389704,1091.4,250.39600863807232,286692.0533367746,0.5403071017274472,0.6809810573125717,15,17,
3:0:5:5:4:5:6:2:9,3600.0,4.664708281759229,1014.1999999999999,246.42602959311705,295251.29495419184,0.5076775431861804,0.6032632194701274,20,20,
3:0:5:5:5:2:5:1:9,3768.0,5.00310087508125,1167.8,277.43111183466254,341249.12790235685,0.29750479846449135,0.5408029648662233,10,22,
3:0:5:5:5:3:4:2:9,3764.0,4.846780376052177,1034.6000000000001,251.7451518463676,319231.2446374136,0.3886756238003839,0.4417754636686716,20,21,
3:0:5:5:5:3:5:1:9,3536.0,4.654900759245522,1044.8,269.60659113383383,330495.5345715439,0.3915547024952015,0.5498968331468246,16,20,
3:0:5:5:5:4:4:2:9,3436.0,4.5349788020918504,1026.9999999999998,262.447911779708,329942.27419009386,0.4040307101727447,0.47360214509773957,20,19,
3:0:5:5:5:4:5:2:8,3108.0,4.304869333928531,1123.5999999999997,254.07384595352897,314728.45100195345,0.41746641074856045,0.5209140781614304,20,17,
3:0:5:5:5:4:5:2:9,3288.0,4.403255585954397,1047.8,252.39232056448162,311728.7879572281,0.44337811900191937,0.5293923359180721,21,18,
3:0:5:5:5:4:6:1:9,3636.0,4.8769772766249595,1177.2,268.6103222432071,316275.7722468722,0.4165067178502879,0.6367305016579715,12,21,
3:0:5:5:5:5:5:1:9,3584.0,4.760772081801041,1118.6,258.1245092366848,311226.6630896242,0.5009596928982726,0.589717597395491,19,20,
3:0:5:5:5:5:6:1:9,3224.0,4.366991505777921,1057.4,269.00514902059376,311954.6654229505,0.5393474088291746,0.6620673136815914,17,18,
3:0:5:6:6:2:4:0:9,3244.0,4.547574748173572,1170.3999999999996,324.1728875968625,408355.30349300674,0.2840690978886756,0.46654864177651845,8,19,
3:0:5:6:6:3:3:1:9,3372.0,4.494764332953334,1016.4000000000001,295.14443493737355,380548.7072463111,0.30326295585412666,0.3691343116290571,16,19,
3:0:5:6:6:3:4:1:8,2980.0,4.165139972416487,1056.8000000000002,303.2758512579796,381270.4423605905,0.3637236084452975,0.4735983995364968,12,17,
3:0:5:7:6:2:3:1:9,3668.0,4.899839627259104,1106.9999999999998,330.63289160398705,429667.5505114321,0.27351247600767753,0.3284159170210742,14,21,
3:0:5:7:7:2:2:1:9,3784.0,4.973981361470871,1031.8,367.0885786526476,481280.83070536715,0.24472168905950095,0.2762456985027537,11,22,
3:0:5:7:7:2:3:0:8,2932.0,4.244908247967619,1137.6000000000001,353.59439438225843,454387.2594642987,0.2744721689059501,0.38512521380995995,9,17,
3:0:5:7:7:2:3:0:9,3376.0,4.64536324568252,1108.6,355.868502001186,462586.2943839574,0.21305182341650672,0.3269354711633877,6,20,
3:0:6:3:3:5:6:2:8,3172.0,4.402999372954875,1219.8000000000002,196.1253466189795,224358.05170720557,0.5738963531669866,0.6822098423563036,24,17,
3:0:6:3:3:5:7:2:8,3172.0,4.436540146260184,1255.2000000000003,195.67483240311196,220707.08366233224,0.5738963531669866,0.7009079278755881,24,17,
3:0:6:3:3:5:7:2:9,3320.0,4.5536883799893975,1226.6000000000001,198.3432919489521,216212.04093556193,0.5882917466410749,0.7389654271003184,23,18,
3:0:6:3:3:6:7:2:8,3188.0,4.407317077425668,1205.5999999999997,198.8243946775459,218415.61346276922,0.6439539347408829,0.7311249724670521,25,17,
3:0:6:4:3:5:6:2:8,3056.0,4.331827468637212,1247.2000000000003,210.56422231997522,245510.07937095503,0.5614203454894434,0.6534200907259071,27,16,
3:0:6:4:3:5:7:2:8,2960.0,4.196828483572569,1206.6,206.49527988261627,220961.69830480518,0.5882917466410749,0.7562729958574029,21,16,
3:0:6:4:3:5:7:2:9,3304.0,4.544604735555083,1218.2,213.27813444839583,240140.9652986004,0.5403071017274472,0.7030961639009818,22,18,
3:0:6:4:3:6:6:2:8,2992.0,4.2167700806317985,1190.9999999999998,210.8744240183346,240517.4591708319,0.6170825335892515,0.6863009684098387,23,16,
3:0:6:4:3:6:7:2:8,3024.0,4.337181846140869,1290.3999999999999,204.9434836787861,227860.82939835615,0.6132437619961613,0.7180616836500666,25,16,
3:0:6:4:4:3:6:1:9,3276.0,4.64648143931966,1323.6,242.03365977108632,286965.98762771755,0.3771593090211132,0.6240343298120273,10,19,
3:0:6:4:4:4:5:2:8,3040.0,4.328699167594014,1245.8,224.7045326329618,270750.58650360524,0.4961612284069098,0.5911893717182632,26,16,
3:0:6:4:4:4:5:2:9,3320.0,4.6205027281834,1259.6000000000004,234.9638427671025,282847.2036307198,0.47888675623800386,0.5932375854460801,23,18,
3:0:6:4:4:4:6:2:8,3024.0,4.2777237816987785,1216.9999999999998,216.38818053012687,259241.58228444672,0.4980806142034549,0.6034265629304549,25,16,
3:0:6:4:4:4:6:2:9,3632.0,4.872029311765735,1210.6000000000001,234.0545428598967,278511.20072999224,0.4952015355086372,0.6170899476835578,22,20,
3:0:6:4:4:5:5:2:9,3320.0,4.640547545052068,1284.3999999999996,231.0505419442553,277525.5158698447,0.510556621880998,0.5979741352303416,23,18,
3:0:6:4:4:5:6:2:8,3140.0,4.392508444160664,1213.9999999999998,222.99379881541282,260749.7541182368,0.5345489443378119,0.6486796504377698,22,17,
3:0:6:4:4:5:6:2:9,3336.0,4.5906087746169915,1219.6000000000001,227.81434315090505,271948.65482177894,0.5009596928982726,0.6107950080543137,24,18,
3:0:6:4:4:5:7:2:8,3156.0,4.454869655039937,1258.9999999999998,226.9741805516152,256184.66325143486,0.5748560460652591,0.7000513686257485,23,17,
3:0:6:4:4:5:7:1:9,3552.0,4.842986584687203,1261.6,232.79202124406686,261327.34100707946,0.5470249520153551,0.706776731360177,17,20,
3:0:6:4:4:6:7:2:8,3140.0,4.4005315901955475,1224.8,220.55391698376081,247995.81036912234,0.6161228406909789,0.7047735259011296,22,17,
3:0:6:5:4:4:5:2:8,3108.0,4.3843234150660395,1208.9999999999998,251.46499849881278,307769.22216820734,0.43570057581573896,0.5540060613642552,20,17,
3:0:6:5:4:4:5:1:9,3256.0,4.599752190291157,1283.4,253.54178228338534,308689.7843040393,0.4596928982725528,0.5671285462098403,19,18,
3:0:6:5:4:4:6:1:9,3388.0,4.629002838518825,1184.9999999999998,250.42095773661543,299028.52148872934,0.40978886756238003,0.610164219740625,17,19,
3:0:6:5:4:5:6:1:9,3256.0,4.533372717836783,1218.8,248.97437198592812,294067.90326619503,0.5201535508637236,0.6311367734460911,19,18,
3:0:6:5:5:2:5:0:9,3736.0,4.998329248974292,1188.4,283.8590774312121,353206.9009100162,0.2658349328214971,0.5073918680388972,8,22,
3:0:6:5:5:3:4:1:9,3668.0,4.952171664606563,1208.1999999999996,283.9628745200388,355138.25669688376,0.3502879078694818,0.49120053142113806,14,21,
3:0:6:5:5:3:5:1:8,3092.0,4.513480073884028,1352.1999999999998,258.84623698715745,317871.927883481,0.39923224568138194,0.5451791262945562,19,17,
3:0:6:5:5:3:5:1:9,3308.0,4.616117300349603,1232.8,269.19422696428586,327650.01554531406,0.3646833013435701,0.5678474565660505,12,19,
3:0:6:5:5:3:6:1:8,2948.0,4.3049752709788045,1254.1999999999998,283.584232359914,335591.0439274777,0.3944337811900192,0.6275969398526048,10,17,
3:0:6:5:5:4:5:1:8,2928.0,4.362832032325951,1358.2,259.870977683641,317000.4552016268,0.41746641074856045,0.5624268953508106,19,16,
3:0:6:5:5:4:5:1:9,3388.0,4.654688815644755,1195.6,266.5857459018343,330823.0481497215,0.4021113243761996,0.515569733760001,17,19,
3:0:6:5:5:5:5:1:9,3404.0,4.721780860801801,1248.2,267.8956569554772,325895.8143609849,0.5355086372360844,0.5691385866041495,18,19,
3:0:6:6:5:3:5:0:8,2932.0,4.296199255856736,1250.8,293.839624602719,363819.88536349527,0.30134357005758156,0.5222619975650984,9,17,
3:0:6:6:5:3:5:1:9,3112.0,4.555889718601588,1337.2000000000003,298.03708678285415,370743.8884989379,0.3253358925143954,0.5082632179015301,10,18,
3:0:6:6:6:2:4:1:9,3324.0,4.691895502824676,1247.8000000000002,317.15511394331213,403520.5171898097,0.29846449136276393,0.42849581123220215,13,19,
3:0:6:6:6:3:4:1:9,3488.0,4.927115571995582,1349.8000000000002,296.2544260193959,376137.07623801404,0.32149712092130517,0.4369234041067378,13,20,
3:0:6:6:6:3:5:1:9,3276.0,4.6927007441940045,1309.1999999999996,304.59417545015253,379283.83781540056,0.33589251439539347,0.5051322044373215,10,19,
3:0:6:6:6:4:5:1:9,3456.0,4.789014984441986,1232.2000000000003,301.9536137885477,375311.94719684543,0.4059500959692898,0.5107439407125751,11,20,
3:0:6:7:6:3:4:1:8,2948.0,4.3501953391113934,1250.1999999999998,334.70354335407285,424135.667411144,0.30998080614203455,0.4444504726804826,10,17,
3:0:6:7:7:1:2:0:9,3540.0,4.979336394477292,1279.1999999999998,369.2685230453374,484551.57374749787,0.17370441458733205,0.2708154401163441,6,21,
3:0:6:7:7:1:3:0:9,3048.0,4.523381967808824,1299.4,365.9640104567954,473684.6691372155,0.1928982725527831,0.3497308079515072,6,18,
3:0:6:7:7:2:2:1:9,3604.0,4.959464656714361,1215.2,348.5621722963642,455290.987442926,0.23896353166986564,0.2991331477495842,10,21,
3:0:6:7:7:2:3:0:8,2932.0,4.354371565468097,1257.2,348.0551712177567,448050.52811643656,0.2562380038387716,0.3768882609034233,9,17,
3:0:6:7:7:2:3:1:9,3440.0,4.9207095468075,1337.0,350.3793477734155,451507.92570505146,0.2523992322456814,0.37192347239594886,10,20,
3:0:6:7:7:2:4:0:9,3064.0,4.536497505654649,1312.3999999999999,350.6304008921444,447095.1465963956,0.2715930902111324,0.41940783462716785,7,18,
3:0:6:7:7:3:3:1:9,3768.0,5.1866822578092355,1292.6000000000001,343.92291263722313,440758.4252355088,0.30614203454894434,0.3975613784337335,10,22,
3:0:6:7:7:3:4:0:9,3080.0,4.511107127772099,1275.6000000000001,344.9736271385263,435275.05202234,0.30230326295585414,0.460585068226077,8,18,
3:0:6:8:7:2:2:0:9,3424.0,4.8374535021332585,1241.0,375.6265492228558,492720.5981725578,0.22072936660268713,0.27307418118725607,9,20,
3:0:6:8:7:2:3:0:9,3424.0,4.914123265645577,1317.2000000000003,379.31644280269023,493379.1308366684,0.2053742802303263,0.32341131125908973,9,20,
3:0:6:8:7:3:3:0:9,3096.0,4.554706942197747,1276.0,374.0046337700523,480165.8770759654,0.31094049904030713,0.3894580980390688,9,18,
3:0:6:8:8:2:2:0:9,3260.0,4.752995356028588,1294.6000000000001,398.02116098178874,523459.4546226462,0.22264875239923224,0.2560681888576317,9,19,
3:0:6:8:8:2:3:1:9,3768.0,5.269968616392694,1341.9999999999998,381.3072982811876,496894.3953346525,0.22648752399232247,0.3128632604308468,10,22,
3:0:7:4:3:5:6:2:8,2992.0,4.438637929249089,1424.6000000000001,208.4607222775505,237346.9731825591,0.5738963531669866,0.6886865874985106,23,16,
3:0:7:4:4:4:5:1:9,3568.0,4.997320683840605,1403.2000000000003,236.00815256191044,283530.70489135565,0.4472168905950096,0.5975951038689158,18,20,
3:0:7:4:4:5:6:1:8,3076.0,4.502630132711132,1392.6,223.14059828500027,255051.30946695636,0.5566218809980806,0.6833619838719116,18,17,
3:0:7:5:4:3:6:0:8,2932.0,4.453529623049205,1456.6,251.9778672172704,294561.5072154171,0.3742802303262956,0.6491315814218042,9,17,
3:0:7:5:4:4:6:1:9,3536.0,4.979634311107992,1401.0,251.77895217452738,298318.4801899363,0.44241842610364684,0.6253084689174325,16,20,
3:0:7:5:5:4:5:1:9,3224.0,4.820613594080502,1534.0,265.07936503188336,322380.13987318886,0.44529750479846447,0.5698097220512305,17,18,
3:0:7:6:6:2:3:0:9,3080.0,4.643060190395194,1447.6,310.4687183917928,401196.22863937187,0.22168905950095968,0.3581115586241021,8,18,
3:0:7:6:6:2:4:0:9,3752.0,5.2285043477560595,1393.2,302.901530361814,386285.02225323673,0.23704414587332054,0.418867280397151,9,22,
3:0:7:6:6:2:5:0:9,3424.0,5.018862847573395,1499.7999999999997,305.8550871714776,379092.38239671075,0.2965451055662188,0.5191965822665909,9,20,
3:0:7:6:6:3:3:1:9,3440.0,4.9951266989035386,1447.0,317.9220202574867,408253.0377962884,0.30614203454894434,0.3884557788855428,10,20,
3:0:7:6:6:3:4:1:8,2964.0,4.504594357808157,1434.6,295.18732083609996,371177.8495962237,0.33877159309021115,0.4728816592910243,11,17,
3:0:7:6:6:3:4:1:9,3308.0,4.950570948182608,1534.3999999999999,316.0949280062773,400413.1200367757,0.31381957773512476,0.44581284262217524,12,19,
3:0:7:6:6:3:5:1:8,2948.0,4.564214645777923,1488.2000000000005,319.71166090059523,394181.85531742027,0.3790786948176583,0.5343319838160522,10,17,
3:0:7:6:6:3:5:0:9,3424.0,4.945910259963034,1420.3999999999999,309.23849088148194,377517.7072026694,0.36084452975047987,0.5604628177373661,9,20,
3:0:7:7:6:3:4:1:9,3308.0,4.8253681627831435,1385.6,334.43362562003585,422433.6577306566,0.3550863723608445,0.45659903378850036,12,19,
3:0:7:7:7:2:3:1:9,3620.0,5.2442575794073365,1487.6000000000001,356.9163977424445,465667.3548243668,0.24472168905950095,0.30592202507177796,11,21,
3:0:7:8:7:2:3:0:8,2932.0,4.551138585976313,1435.6,374.68640658731886,486732.72473903437,0.263915547024952,0.3304845544132893,9,17,
3:0:7:8:7:2:3:1:9,3768.0,5.287156628307096,1364.6,376.6172066959944,486925.15263525525,0.2476007677543186,0.3555077100984997,10,22,
3:0:7:8:8:2:3:0:9,3228.0,4.793137670924639,1380.4,386.04945310347426,495430.1684164426,0.2495201535508637,0.39130400690321804,7,19,
3:0:8:5:5:4:6:1:9,3292.0,4.977352513902796,1617.6,276.8013194867132,329173.595382542,0.42514395393474086,0.6182943252993615,11,19,
3:0:8:6:5:3:5:1:8,2948.0,4.591448231093037,1546.3999999999999,289.8890567989446,352508.60748207505,0.3896353166986564,0.570111747682111,10,17,
3:0:8:6:5:4:5:1:8,2948.0,4.602686738605946,1557.0000000000002,290.999581627395,349392.66477053065,0.41362763915547024,0.5988289315799001,10,17,
3:0:8:6:6:2:4:0:8,2932.0,4.633020074245569,1588.0,307.60691736388196,387877.60792035545,0.2802303262955854,0.46292452592026706,9,17,
3:0:8:6:6:2:4:0:9,3424.0,5.085848781576776,1546.6,328.8544304030013,418756.4950939911,0.2504798464491363,0.4250690880510559,9,20,
3:0:8:6:6:2:5:0:9,3588.0,5.220901208229007,1549.7999999999997,302.37905897462576,374386.3749917421,0.2965451055662188,0.522314084921693,9,21,
3:0:8:6:6:3:4:1:8,2964.0,4.669178085437373,1577.3999999999999,323.8835650257433,409360.07383827574,0.3330134357005758,0.45430507855575747,11,17,
3:0:8:7:6:2:4:0:9,3392.0,5.110657026353071,1600.9999999999995,332.30462145989975,421717.54431023827,0.24472168905950095,0.4387034207513031,7,20,
3:0:8:7:7:2:3:1:9,3276.0,4.978220614610608,1575.5999999999997,335.70588042425413,434573.2424920483,0.2380038387715931,0.3490977286365866,10,19,
3:0:8:8:8:1:1:0:9,3688.0,5.5183502112233835,1682.4000000000003,379.72092009476546,503779.7727976762,0.13051823416506717,0.1930948562170148,5,22,
3:0:9:5:5:3:5:1:9,3112.0,4.9406800012743535,1748.1999999999996,287.988561327877,348773.23189419805,0.36084452975047987,0.5797230451207379,10,18,
4:0:1:3:3:4:5:2:9,4384.0,4.7763933602828486,390.20000000000005,202.80188141472846,244821.48379966294,0.4817658349328215,0.5870026673876959,28,24,
4:0:1:3:3:5:5:2:9,4236.0,4.642939643897583,402.8000000000002,199.14310894128144,242355.1429023185,0.5345489443378119,0.5681689902465796,29,23,
4:0:1:3:3:5:6:3:9,3808.0,4.2679166418299825,453.8000000000001,185.36914078684185,221448.07458979738,0.5882917466410749,0.6092686657496655,33,20,
4:0:1:3:3:6:5:3:9,3940.0,4.342638291030173,385.8,199.22909925343998,241823.05982989582,0.6142034548944337,0.5744665885427,31,21,
4:0:1:3:3:6:6:3:9,3808.0,4.242728278079583,425.99999999999994,186.92286575892595,223358.1677154067,0.6074856046065259,0.6087789900533532,33,20,
4:0:1:3:4:5:5:3:9,4104.0,4.472098766543561,352.19999999999993,203.72691473839024,247900.0670993128,0.5777351247600768,0.5684969386791447,31,22,
4:0:1:4:3:5:6:2:9,4072.0,4.429198265360534,337.19999999999993,206.02459250567728,246870.95369767802,0.5383877159309021,0.6030441407197461,29,22,
4:0:1:4:4:4:4:2:9,4532.0,4.902475132719876,346.5999999999999,229.77908829411,287371.986829002,0.4596928982725528,0.4912153735936807,27,25,
4:0:1:4:4:4:5:2:9,4400.0,4.794751174889076,382.79999999999984,213.33072423441695,262643.51871124003,0.4971209213051823,0.5383090624626635,29,24,
4:0:1:4:4:5:4:2:9,4072.0,4.513739713187345,402.40000000000003,228.91678114121396,285541.51432600577,0.5489443378119002,0.4997061585037122,29,22,
4:0:1:4:4:5:5:2:9,4236.0,4.581551621619897,317.4000000000001,220.57678972793286,274229.3763589378,0.5134357005758158,0.5100264695718036,29,23,
4:0:1:4:4:5:6:3:9,3924.0,4.366525704697318,416.9999999999999,208.91978429460463,249999.72152427543,0.5690978886756238,0.6058604262951349,30,21,
4:0:1:4:4:6:5:3:9,3972.0,4.35343723663143,355.8,208.48160056994925,255214.88788632466,0.6046065259117083,0.5534682501891995,33,21,
4:0:1:5:4:4:5:2:9,4500.0,4.881345564099866,336.0,250.36207779206038,308779.58546632674,0.4836852207293666,0.5334202135900924,25,25,
4:0:1:5:4:5:4:2:9,4548.0,4.962271830818653,376.2,246.48724771303694,308893.38317481487,0.5633397312859885,0.4844893193814478,28,25,
4:0:1:5:5:4:4:2:9,4532.0,4.906443063275181,323.5999999999999,256.9136719327386,326780.22445795726,0.472168905950096,0.429667252694902,27,25,
4:0:1:5:5:4:5:2:9,4648.0,5.0105367607173585,322.59999999999997,250.37930466748688,311237.8063610551,0.4731285988483685,0.5104504598392098,24,26,
4:0:1:5:5:5:4:2:9,4532.0,4.868448262276887,291.4,249.5230892925166,315495.92156282446,0.5028790786948176,0.4528713508510793,27,25,
4:0:2:3:3:4:6:2:9,4368.0,4.897423071470772,548.5999999999999,186.5148404725441,222299.55653204603,0.48080614203454897,0.6139223905869075,27,24,
4:0:2:3:3:5:5:2:9,3908.0,4.506732260416144,593.7999999999998,194.21501535362194,235532.91122589665,0.5220729366602687,0.5765043382826408,29,21,
4:0:2:3:3:5:6:3:9,4104.0,4.701079479684304,612.1999999999996,182.32481783104484,216434.8611239609,0.5518234165067178,0.6217311872318081,31,22,
4:0:2:3:3:6:5:3:9,3824.0,4.320434000932402,476.8,201.09222897156255,243909.34059370297,0.6151631477927063,0.5761569975486401,34,20,
4:0:2:3:3:6:6:3:9,3792.0,4.2824518325756,482.19999999999993,188.11480954377478,216845.77546471363,0.6180422264875239,0.6711911101957058,32,20,
4:0:2:3:4:5:5:2:9,3908.0,4.556189502049544,635.5999999999999,203.9494611356242,249320.56847140755,0.5057581573896354,0.5570228268844912,29,21,
4:0:2:4:3:6:6:3:9,3924.0,4.543679114058758,605.9999999999998,204.5136368492257,240161.73542858232,0.6007677543186181,0.6414241141966488,30,21,
4:0:2:4:4:3:4:2:9,4272.0,4.824742924298173,512.0000000000001,243.38212711869636,308239.8668010203,0.36084452975047987,0.4466133391968647,21,24,
4:0:2:4:4:4:4:2:9,4172.0,4.770959751328256,571.2,228.1400608840433,286302.58275942423,0.44625719769673705,0.4797345093647752,25,23,
4:0:2:4:4:4:5:2:9,4220.0,4.858782340144137,627.3999999999997,215.45119843019114,266485.87836243375,0.4923224568138196,0.5252751623341685,28,23,
4:0:2:4:4:5:4:2:9,4368.0,4.974730337270674,576.6000000000001,239.06901143604117,300904.72989639937,0.5038387715930902,0.46946526265939464,27,24,
4:0:2:4:4:5:5:2:9,3892.0,4.527206700770872,616.5999999999999,208.74938220324952,256707.22294096655,0.5095969289827256,0.5414492515184,28,21,
4:0:2:4:4:5:6:2:9,4072.0,4.564615880679487,472.99999999999994,211.32974766802568,253054.75637810904,0.553742802303263,0.604464315167754,29,22,
4:0:2:4:5:4:4:2:9,4516.0,5.121597943223511,574.4000000000001,246.3050568388991,310986.5933884816,0.4875239923224568,0.4581317881909289,26,25,
4:0:2:5:4:5:6:2:9,4124.0,4.801082056021453,629.2,249.52750237435436,297733.1706206482,0.5163147792706334,0.6117050821409724,22,23,
4:0:2:5:5:3:3:2:9,4436.0,5.090521195754624,607.1999999999999,261.1230859763185,334775.1531775371,0.3838771593090211,0.39581691733810304,21,25,
4:0:2:5:5:3:4:2:9,4452.0,5.105437266156915,617.4,250.46563133550666,319206.47102512367,0.3886756238003839,0.4215873734320625,22,25,
4:0:2:5:5:4:4:2:9,4304.0,4.950010394001461,595.8,258.11083054952155,329512.89098415105,0.41938579654510555,0.41439463410636074,23,24,
4:0:2:5:5:4:5:2:9,4616.0,5.244861101337242,597.1999999999999,251.9452675934065,313692.6024084185,0.4616122840690979,0.5054524390503179,22,26,
4:0:3:3:3:5:6:2:9,3908.0,4.617486957277003,706.5999999999997,196.82140948263782,236073.11430922258,0.5595009596928983,0.6010046278022221,29,21,
4:0:3:3:3:6:5:3:9,3792.0,4.479410826931697,682.1999999999999,193.34608166282788,232721.3620646376,0.6065259117082533,0.5934879883858875,32,20,
4:0:3:4:3:5:6:2:9,3992.0,4.775354931188979,774.5999999999996,209.31983829891678,244261.0102935197,0.527831094049904,0.6520664111244875,24,22,
4:0:3:4:3:6:6:2:9,3844.0,4.611880277303709,749.9999999999997,211.5792489504648,242431.62360688963,0.6228406909788867,0.6799147002659528,25,21,
4:0:3:4:4:3:4:2:9,4108.0,4.850573347554329,703.0000000000001,243.29742815161035,308005.77287573955,0.39923224568138194,0.44818594135495493,21,23,
4:0:3:4:4:4:4:2:9,3960.0,4.778135184719935,791.2,227.61686247817238,286370.8071861139,0.42994241842610365,0.4709411503793306,22,22,
4:0:3:4:4:4:5:2:9,3976.0,4.775167147733434,781.8,217.92416793823867,270826.83016507275,0.43474088291746643,0.5112061996738007,23,22,
4:0:3:4:4:4:6:2:9,3860.0,4.632465257746971,752.7999999999998,214.2287985723441,255851.23548472865,0.4932821497120921,0.6098496207400808,26,21,
4:0:3:4:4:5:5:2:9,3892.0,4.55305942093878,639.4,212.88791661820835,262310.1618412185,0.5095969289827256,0.5360839025875319,28,21,
4:0:3:4:4:5:6:2:9,3860.0,4.614540531376249,738.9999999999998,209.35123369405096,248277.85564665496,0.5239923224568138,0.6235650480048728,26,21,
4:0:3:4:4:6:6:2:9,3860.0,4.601781495920553,709.8,225.25631874921757,266111.3565903385,0.6026871401151631,0.6307437754519313,26,21,
4:0:3:5:4:4:5:2:9,4436.0,5.205177180836157,739.1999999999998,248.59462243127535,308632.241896006,0.472168905950096,0.5142509388551115,21,25,
4:0:3:5:4:4:6:2:9,4256.0,5.062177329338664,771.6,247.18877717088841,296279.61873053276,0.4904030710172745,0.6024577466337495,20,24,
4:0:3:5:4:5:5:2:9,4108.0,4.9052624911958596,755.1999999999998,248.0835158260861,301858.65299934347,0.5019193857965452,0.5686225578430957,21,23,
4:0:3:5:4:5:6:2:9,4124.0,4.93634335905622,767.1999999999998,252.46978013658207,302632.9014633123,0.5201535508637236,0.602295563297116,22,23,
4:0:3:5:5:2:4:1:9,4324.0,5.192060455880313,798.6000000000001,287.5269950272856,367671.2265703666,0.29174664107485604,0.407312150657816,14,25,
4:0:3:5:5:3:3:2:9,4420.0,5.273906086217481,797.4,278.01014183861537,357489.69276924,0.3809980806142035,0.3820840122059584,20,25,
4:0:3:5:5:3:4:2:9,4420.0,5.259618488378601,810.5999999999999,249.92246489050257,317751.09322826396,0.381957773512476,0.4314046005894374,20,25,
4:0:3:5:5:3:5:1:9,4176.0,5.01632379747933,774.3999999999999,276.60939697346316,343880.0647223599,0.3512476007677543,0.5101257186399344,15,24,
4:0:3:5:5:4:3:2:9,4108.0,4.828855342434783,650.9999999999999,272.6672668170428,349441.8920999732,0.4145873320537428,0.39753606350501935,21,23,
4:0:3:5:5:4:4:2:9,4304.0,5.06334923216854,718.6,253.4098999196182,322473.59828608274,0.4001919385796545,0.42777698472579284,23,24,
4:0:3:5:5:4:5:2:9,4108.0,4.916689214512294,762.8,252.39016152181023,313710.5357635502,0.4165067178502879,0.5107121541098012,21,23,
4:0:3:5:5:5:4:2:9,4124.0,4.940164160930527,769.0,254.65105568960954,318332.64357869595,0.5019193857965452,0.49270784432376463,22,23,
4:0:3:5:5:5:5:2:9,3944.0,4.771945579822268,773.7999999999998,254.56729417480352,311018.41292707087,0.5201535508637236,0.5584940178417942,21,22,
4:0:3:6:5:3:4:1:9,4520.0,5.26123703908437,671.8,290.4089947259133,370451.35518126166,0.3330134357005758,0.4177572473291998,16,26,
4:0:3:6:5:4:4:1:9,4504.0,5.266821231712843,691.2,292.82772344478235,370422.3724914987,0.41746641074856045,0.45112183098909875,15,26,
4:0:3:6:6:2:2:1:9,4652.0,5.507117285414196,770.1999999999997,316.21621140159317,415398.48591643636,0.27927063339731284,0.26360971918287135,14,27,
4:0:3:6:6:2:3:1:9,4488.0,5.302824524470022,743.8000000000001,293.7431544977625,383199.2189539135,0.2821497120921305,0.3066274538653992,14,26,
4:0:3:6:6:2:4:1:9,4456.0,5.241863742694755,693.9999999999999,312.02201988793394,398695.12803816516,0.2658349328214971,0.4105551785331316,12,26,
4:0:3:6:6:3:2:1:9,4504.0,5.3294253723061225,732.3999999999999,316.86123794297987,415215.7526186214,0.30422264875239924,0.2794813845800591,15,26,
4:0:3:6:6:3:3:1:9,4520.0,5.3141520463111,718.5999999999998,298.74643225616654,387370.10437615047,0.33397312859884837,0.3404034166645925,16,26,
4:0:3:6:6:3:4:1:9,4208.0,5.04027823931685,745.5999999999999,298.3699253681582,381442.92831205577,0.3877159309021113,0.4083773928046423,17,24,
4:0:3:6:6:3:5:1:9,4620.0,5.422195131114535,731.5999999999998,298.32732662134595,371391.3392939594,0.31381957773512476,0.5058772210437494,12,27,
4:0:3:6:6:4:4:1:9,4240.0,5.101782422120062,778.1999999999998,297.85728384910465,380431.6588309106,0.4289827255278311,0.4124068784773951,19,24,
4:0:3:7:6:2:3:1:9,4636.0,5.464209194396391,725.2,332.5059805610389,432343.06635273685,0.28598848368522073,0.3253325111093669,13,27,
4:0:3:7:6:2:4:1:9,4276.0,5.093263497149712,700.3999999999996,330.7805640299999,421148.342785552,0.28119001919385794,0.4256625811256587,11,25,
4:0:3:7:7:1:1:0:9,4540.0,5.340194500124459,665.1999999999999,359.28266912968576,481757.10133703385,0.14299424184261036,0.10159583301131853,7,27,
4:0:3:7:7:1:2:0:9,4540.0,5.472457178134662,799.4,362.9003796163179,479921.8422486825,0.16122840690978887,0.21732089766090606,7,27,
4:0:3:7:7:2:1:1:9,4456.0,5.38715992371604,814.5999999999998,342.82064051211415,454492.69617780065,0.2236084452975048,0.1987182478946245,12,26,
4:0:3:7:7:2:2:1:9,4440.0,5.300247431591127,746.0000000000001,336.8578237179548,445072.3380891513,0.23704414587332054,0.2240095826708098,11,26,
4:0:3:7:7:2:3:1:9,4276.0,5.192463417899717,785.3999999999996,349.1468814515052,455458.7909408051,0.2456813819577735,0.30684163767466427,11,25,
4:0:3:7:7:2:4:0:9,4212.0,5.153413933486396,811.8,346.0573186928252,442370.83433876146,0.2715930902111324,0.4087374242256548,7,25,
4:0:3:7:7:3:3:1:9,4636.0,5.459243017370572,717.8000000000001,334.7312241001368,433831.1914984777,0.30134357005758156,0.3428282157849862,13,27,
4:0:3:8:7:1:2:0:9,4212.0,5.071162644456788,699.4,372.7514755239731,491934.40626707877,0.16698656429942418,0.2321745735883465,7,25,
4:0:3:8:8:0:0:0:9,4640.0,5.578339158210006,790.9999999999998,381.62940285482637,514347.7396226311,0.05182341650671785,0.050123255101615,3,28,
4:0:3:8:8:1:0:0:9,4540.0,5.383838059493603,677.5999999999999,392.3592579923337,526537.7139510803,0.14299424184261036,0.09376555816407582,7,27,
4:0:4:3:3:5:7:2:9,4124.0,5.000157398103343,885.9999999999998,200.16400882368364,224924.33206777542,0.5690978886756238,0.7055607932445277,22,23,
4:0:4:4:3:5:6:2:9,3960.0,4.894293232244892,928.1999999999998,211.65354799917847,242856.09082003232,0.5854126679462572,0.6779233750950417,22,22,
4:0:4:4:4:4:4:2:9,4124.0,5.01465976747178,865.7999999999998,235.47547770559467,297740.1704243305,0.42418426103646834,0.4527959117190765,22,23,
4:0:4:4:4:4:5:2:9,4256.0,5.181246254939362,897.6000000000001,245.25859764681468,303178.4278566371,0.4472168905950096,0.526939345375775,20,24,
4:0:4:4:4:4:6:2:9,4024.0,4.915634403741499,889.9999999999999,208.09104869864166,248282.6861154573,0.4923224568138196,0.6117777334697145,26,22,
4:0:4:4:4:5:5:2:9,3876.0,4.838909314815097,951.0000000000001,215.14350603733052,262185.34389367857,0.5355086372360844,0.5648303489607244,27,21,
4:0:4:4:4:5:6:2:9,3828.0,4.681555856013692,820.6,229.58120196626732,275241.9391830362,0.5143953934740882,0.6019509771345689,24,21,
4:0:4:4:4:6:6:2:9,3860.0,4.755340244757993,877.5999999999997,217.4645350378283,251891.828660197,0.6084452975047985,0.6638733858446014,26,21,
4:0:4:5:4:3:5:1:9,4028.0,4.964108961330704,894.4,250.20153770659496,302974.76800339145,0.3800383877159309,0.5799964160089117,16,23,
4:0:4:5:4:3:6:1:9,4144.0,5.070386120246145,881.5999999999999,257.7423372964832,307726.76800339145,0.3618042226487524,0.6104538090542537,13,24,
4:0:4:5:4:4:5:2:9,4256.0,5.185787258907278,899.1999999999999,248.39032378138387,307958.3725479266,0.45873320537428025,0.5183244431189221,20,24,
4:0:4:5:4:4:6:1:9,4536.0,5.484802692291178,930.6,248.5644053674073,298206.6783954074,0.4673704414587332,0.6004994455333079,17,26,
4:0:4:5:4:5:6:2:9,3796.0,4.763842138262832,919.7999999999998,248.12350806987126,297584.15539327514,0.5143953934740882,0.6011609389893432,22,21,
4:0:4:5:5:2:4:1:9,4472.0,5.450102439369209,920.7999999999997,286.20674182271523,364369.9069086784,0.24664107485604606,0.4259692615660122,13,26,
4:0:4:5:5:3:3:1:9,4404.0,5.290697187023853,851.7999999999998,257.1064688788544,329755.00679272227,0.3637236084452975,0.3940420023837794,19,25,
4:0:4:5:5:3:4:1:9,4404.0,5.324143870437895,890.9999999999998,252.75791299628708,323560.83892176126,0.36084452975047987,0.4025661381790844,19,25,
4:0:4:5:5:3:5:2:9,4584.0,5.43987508060612,825.3999999999996,258.9498339915768,322001.4430081593,0.3915547024952015,0.5094058395179936,20,26,
4:0:4:5:5:4:4:1:9,4076.0,5.0777618572932,964.0,251.0278552995139,319374.6597119127,0.40786948176583493,0.42863962977644054,19,23,
4:0:4:5:5:4:5:2:9,4436.0,5.357992932037871,893.8000000000001,253.22863518346153,315704.0808245963,0.44337811900191937,0.5013423894958537,21,25,
4:0:4:5:5:4:6:1:9,4520.0,5.467838920082118,917.3999999999999,260.08815472556677,310671.739548538,0.4856046065259117,0.6095169434119291,16,26,
4:0:4:5:5:5:5:2:9,3812.0,4.738881297145513,872.8,253.11431162562428,312378.33184420946,0.5211132437619962,0.5315841837651465,23,21,
4:0:4:5:5:5:6:1:9,4028.0,4.933156927858369,843.9999999999999,268.3495188284205,317301.34171474696,0.5134357005758158,0.6291181000891677,16,23,
4:0:4:5:6:2:3:1:9,4308.0,5.214847794107596,837.6,288.2714014601147,371818.1371187996,0.2821497120921305,0.3674033326881731,13,25,
4:0:4:6:5:2:4:1:9,4440.0,5.412828064320159,908.5999999999998,291.5668430216068,368242.32517669816,0.27927063339731284,0.4570506411852726,11,26,
4:0:4:6:5:3:4:1:9,4504.0,5.46068039553739,895.0,291.02897214996125,368324.61897235573,0.345489443378119,0.44929638409850337,15,26,
4:0:4:6:5:3:5:1:9,4488.0,5.46838173920624,918.3999999999999,291.65377225290257,362984.63109262823,0.3704414587332054,0.5067206635257335,14,26,
4:0:4:6:5:4:4:1:9,4208.0,5.211442230473338,930.4000000000001,291.92280415321744,370729.0582422498,0.41938579654510555,0.4359444537982667,17,24,
4:0:4:6:5:4:5:1:9,3996.0,4.92099553034707,835.3999999999999,296.27734262164705,367932.57103897555,0.42514395393474086,0.51341620814853,14,23,
4:0:4:6:6:1:3:0:9,4032.0,5.079404620261722,935.2,325.53961431271495,424562.1866154781,0.14683301343570057,0.3082288007812233,6,24,
4:0:4:6:6:2:2:1:9,4488.0,5.438965626609449,856.7999999999997,322.60218292704684,424984.8408235505,0.2072936660268714,0.24471413390866617,14,26,
4:0:4:6:6:2:3:1:9,4652.0,5.628853485683488,912.6,300.66533208219465,390928.0249069243,0.2495201535508637,0.3255314717835648,14,27,
4:0:4:6:6:2:4:1:9,4472.0,5.391010030529524,854.5999999999999,290.8324518117644,371335.5315814287,0.28598848368522073,0.41383115248777425,13,26,
4:0:4:6:6:3:2:1:9,4208.0,5.241563798652063,934.6,319.109478195449,418217.0577475405,0.33493282149712095,0.2786520662816183,17,24,
4:0:4:6:6:3:3:1:9,3880.0,4.888042912302477,915.3999999999996,297.94071461918065,387479.1192168846,0.3781190019193858,0.32418909299726806,17,22,
4:0:4:6:6:3:4:1:9,4208.0,5.1919112639992235,909.1999999999999,292.7715370871913,374839.92840823234,0.345489443378119,0.40189627142783424,17,24,
4:0:4:6:6:3:5:1:9,4620.0,5.538979842110339,844.1999999999999,307.41699547897343,383339.1617646505,0.3416506717850288,0.500701950702228,12,27,
4:0:4:6:7:2:2:1:9,4488.0,5.43533045925005,846.7999999999998,328.81433853855214,433201.59184983233,0.2591170825335892,0.24419008223532954,14,26,
4:0:4:7:6:2:3:1:9,4472.0,5.458035649894522,884.4,330.8731471900919,430559.0750303765,0.2571976967370441,0.32093673909319986,13,26,
4:0:4:7:6:2:4:1:9,4588.0,5.562199385597202,871.5999999999999,336.2117597922851,430286.9552094455,0.272552783109405,0.4036414006215932,10,27,
4:0:4:7:6:3:3:1:9,4472.0,5.482577696152383,908.1999999999999,332.64595939078293,431287.50183823996,0.31381957773512476,0.34087734478089876,13,26,
4:0:4:7:7:1:1:0:9,4540.0,5.515533156793559,845.8000000000001,361.3855493788885,480611.29109658086,0.17370441458733205,0.17393245573010638,7,27,
4:0:4:7:7:1:2:0:9,4048.0,4.995051754961682,823.0,333.8439286700727,438549.357628394,0.14875239923224567,0.2636967546971296,7,24,
4:0:4:7:7:1:3:0:9,4392.0,5.453666292392176,957.9999999999999,332.7202766726481,432836.84102680004,0.19193857965451055,0.32256512446639063,8,26,
4:0:4:7:7:2:2:1:9,4472.0,5.417048123144319,839.1999999999999,333.36414431638053,440017.3176434758,0.236084452975048,0.2311458929616931,13,26,
4:0:4:7:7:2:3:0:9,4572.0,5.614627693499554,943.1999999999998,335.24205662653566,435961.45275476377,0.20441458733205375,0.3245584827454675,9,27,
4:0:4:7:7:2:4:0:9,3884.0,4.905468998868982,881.2,346.29869682148035,442697.6231898638,0.2715930902111324,0.40855897449729517,7,23,
4:0:4:7:7:3:3:1:9,4440.0,5.536149074973633,978.0,350.6673361225245,453130.5387629681,0.30614203454894434,0.35823916215746865,11,26,
4:0:4:8:8:0:0:0:9,4656.0,5.658265436750596,856.9999999999998,382.91258509412063,515961.71231028414,0.07485604606525911,0.05249026707955024,4,28,
4:0:4:8:8:0:1:0:9,4640.0,5.670434070662028,891.9999999999999,376.5923016298341,504737.5209688163,0.0710172744721689,0.10591642726596938,3,28,
4:0:4:8:8:1:0:0:9,4524.0,5.507298647587834,833.0,381.6051907865227,513067.19981259026,0.12284069097888675,0.07523331609637826,6,27,
4:0:4:8:8:2:2:1:9,4424.0,5.430887677808549,849.0,385.9849602765076,508849.79640262434,0.21209213051823417,0.23973854382756252,10,26,
4:0:5:4:3:4:6:2:9,3960.0,5.0066464510175095,1045.4,211.5256019602446,240100.7910147456,0.4952015355086372,0.6927642185450774,22,22,
4:0:5:4:3:5:6:2:9,3796.0,4.852332421380398,1047.8,212.33038307837418,244833.0930661007,0.5412667946257198,0.6707458773026443,22,21,
4:0:5:4:3:5:7:2:9,3812.0,4.865191536851183,1050.6000000000001,206.92958139893287,233296.96244547667,0.5163147792706334,0.7014704771897491,23,21,
4:0:5:4:4:4:5:2:9,4272.0,5.304171486219526,1010.2,244.74668864074667,304908.5483396346,0.45297504798464494,0.5036213819180909,21,24,
4:0:5:4:4:4:6:2:9,3812.0,4.962472683228879,1130.6000000000004,228.29653592449216,270872.4784124178,0.472168905950096,0.6226780647011024,23,21,
4:0:5:4:4:5:6:2:9,3812.0,4.895684694761628,1065.8000000000002,223.50345194161548,266740.50943238364,0.519193857965451,0.6112624682960621,23,21,
4:0:5:5:4:3:5:1:9,3880.0,4.98595133895627,1068.1999999999996,247.16129519243358,303069.12997767935,0.39539347408829173,0.5491352531722264,17,22,
4:0:5:5:4:4:5:1:9,4076.0,5.140992736013066,1032.0,248.914430925615,308634.0188031774,0.42802303262955854,0.5180760484716448,19,23,
4:0:5:5:4:4:6:2:9,3928.0,4.9757260811376955,1009.9999999999995,246.70657654547963,294198.58393683017,0.47696737044145876,0.6128493903042279,20,22,
4:0:5:5:4:5:5:1:9,4060.0,5.125685340488283,1029.1999999999998,251.7641247887905,304268.490809046,0.5,0.5844864283931999,18,23,
4:0:5:5:4:5:6:1:9,4028.0,5.144836506839054,1072.4,260.5196401262947,305190.0382568915,0.5287907869481766,0.6455802382100698,16,23,
4:0:5:5:5:2:4:1:9,4340.0,5.454186287806914,1055.3999999999999,287.86211189480474,366943.0802269977,0.28119001919385794,0.42071822867075737,15,25,
4:0:5:5:5:3:4:1:9,4076.0,5.138832813559514,1015.6000000000003,263.0637917290128,332561.8016700418,0.390595009596929,0.45349002809416616,19,23,
4:0:5:5:5:3:5:1:9,4240.0,5.375270312451431,1107.4000000000003,253.63166557439087,315907.5972637608,0.3857965451055662,0.5043142743837871,19,24,
4:0:5:5:5:4:4:1:9,4552.0,5.589134671109418,1005.8000000000001,266.078327296013,332843.3058705572,0.40786948176583493,0.49048668909871607,18,26,
4:0:5:5:5:4:5:2:9,4092.0,5.209107897642937,1085.0000000000005,250.89042934394118,312547.4258395623,0.4145873320537428,0.5037724185918536,20,23,
4:0:5:5:5:4:6:1:9,4060.0,5.119345762920691,1011.1999999999999,263.15828496336036,314915.480408218,0.43953934740882916,0.6057798877890012,18,23,
4:0:5:5:5:5:6:1:9,3912.0,4.976598379836517,1004.3999999999999,269.2155117896513,320782.6332422539,0.5153550863723608,0.6144437331171062,19,22,
4:0:5:6:5:2:4:1:9,4456.0,5.527232286183601,1011.9999999999999,291.37604220331167,366563.8519789838,0.2869481765834933,0.47117244084105436,12,26,
4:0:5:6:5:3:4:1:9,3996.0,5.163243700699148,1095.1999999999998,288.89993612851254,367568.83706597285,0.32149712092130517,0.4285207585096675,14,23,
4:0:5:6:5:3:5:1:9,3980.0,5.198429072931381,1142.4,294.36309399449937,366142.30556354637,0.3877159309021113,0.5085263894237103,13,23,
4:0:5:6:6:1:3:0:9,4540.0,5.7092856054673975,1086.8,322.2756008970282,419141.7384698478,0.1785028790786948,0.32399646651848635,7,27,
4:0:5:6:6:2:2:1:9,4636.0,5.841037263624683,1123.4,326.9608286969199,427897.2511013017,0.27543186180422263,0.2875016542732491,13,27,
4:0:5:6:6:2:3:1:9,4488.0,5.730774113905388,1170.2,313.26662668941367,407858.5367702397,0.2658349328214971,0.31802734376908587,14,26,
4:0:5:6:6:2:4:1:9,4604.0,5.834160330537924,1170.2,304.9950644205174,390223.84183059534,0.23704414587332054,0.40489866556709136,11,27,
4:0:5:6:6:3:3:1:9,4060.0,5.188293909227683,1043.8000000000002,302.40225341524587,393023.6942139394,0.3598848368522073,0.3278178091491892,18,23,
4:0:5:6:6:3:4:1:9,4176.0,5.2700192504178025,1014.8000000000001,300.5600589353501,384607.5735269567,0.3310940499040307,0.40423595163085124,15,24,
4:0:5:6:6:3:5:1:9,3932.0,5.176925049861693,1162.1999999999998,300.15590195588493,373582.7791050304,0.3378119001919386,0.506582847706891,10,23,
4:0:5:6:6:4:5:1:9,4144.0,5.377738805994984,1151.8,307.8038358467742,383737.1797335245,0.418426103646833,0.5013971592490645,13,24,
4:0:5:7:6:2:3:0:9,4228.0,5.399190970701495,1065.1999999999998,332.7569914709582,431727.11362938443,0.22264875239923224,0.33722240639429096,8,25,
4:0:5:7:6:2:4:0:9,4376.0,5.627039474590313,1154.6,332.77513252310547,421957.20099601947,0.236084452975048,0.44201501432268353,7,26,
4:0:5:7:6:3:3:0:9,4556.0,5.706373369104761,1054.8000000000002,335.2410506071608,430765.11824657884,0.31765834932821496,0.38552670919775706,8,27,
4:0:5:7:7:1:2:1:9,4588.0,5.723395428480506,1044.2,331.57803647668766,438016.5217412828,0.18042226487523993,0.2253244450658669,10,27,
4:0:5:7:7:1:3:1:9,4260.0,5.41750568817882,1022.9999999999999,362.0409270823299,469886.1384705543,0.19961612284069097,0.3353300854060851,10,25,
4:0:5:7:7:2:2:1:9,4144.0,5.314059787598637,1054.0000000000002,339.2502986777803,445620.2845362555,0.27735124760076774,0.26415233589308973,13,24,
4:0:5:7:7:2:3:1:9,4472.0,5.608517140478544,1034.2,337.87486037864363,441183.6431335779,0.29174664107485604,0.3011204691008862,13,26,
4:0:5:7:7:2:4:0:9,4556.0,5.668689452779848,1007.1999999999999,343.5744097966021,439779.9117073797,0.2591170825335892,0.4029382614991481,8,27,
4:0:5:8:7:1:2:0:9,4196.0,5.380380556067352,1037.6,372.75653942217974,492077.7982439294,0.15355086372360843,0.23020365410877616,6,25,
4:0:5:8:8:0:0:0:9,4296.0,5.4715357358974135,1020.8,384.5402368051047,516591.40513617004,0.04798464491362764,0.08339035102766588,2,26,
4:0:5:8:8:1:1:0:9,4508.0,5.817804473628651,1178.7999999999997,375.3522615210548,500504.94182264,0.12667946257197696,0.1519408779513532,5,27,
4:0:5:8:8:1:2:0:9,4572.0,5.81042931504547,1083.8000000000002,398.6673462773795,528092.0039613526,0.1852207293666027,0.20504745181870376,9,27,
4:0:6:4:4:4:6:1:9,3880.0,5.097047444474714,1188.6000000000001,242.52343714265157,286056.1891511721,0.47696737044145876,0.6336229854259262,17,22,
4:0:6:5:4:4:5:1:9,3896.0,5.245357019629408,1313.2000000000005,256.46201445384224,308995.4157628694,0.43666026871401153,0.5913339401352652,18,22,
4:0:6:5:4:4:6:1:9,4044.0,5.368909618728497,1300.4000000000003,250.00382271509332,299393.0978052271,0.45681381957773515,0.6042675903922454,17,23,
4:0:6:5:5:2:3:1:9,3848.0,5.172897766641746,1262.1999999999998,279.95947284070013,360855.9026934064,0.2696737044145873,0.3706732275822341,15,22,
4:0:6:5:5:2:4:1:9,3816.0,5.145513484125591,1259.6,286.025050458867,365992.50262567855,0.2629558541266795,0.4044225139172647,13,22,
4:0:6:5:5:2:5:1:9,3932.0,5.214436320703183,1216.6000000000001,284.842646172717,353097.3322016166,0.29846449136276393,0.5187875931359859,10,23,
4:0:6:5:5:3:4:1:9,4028.0,5.327021667748462,1241.8000000000004,280.956577793897,352523.9947495766,0.33493282149712095,0.4803178888235305,16,23,
4:0:6:5:5:3:5:1:9,4144.0,5.495113645348026,1298.8000000000002,283.1084184526424,351382.7877902461,0.3675623800383877,0.5150943209725994,13,24,
4:0:6:5:5:4:5:1:9,3880.0,5.157654387223607,1228.8,265.47587148699824,324318.58736861416,0.44625719769673705,0.5587075446903087,17,22,
4:0:6:5:5:4:6:1:9,4128.0,5.389693887069817,1224.3999999999999,263.6610303267497,314598.506056593,0.41746641074856045,0.6116962869253778,12,24,
4:0:6:6:5:2:5:1:9,3932.0,5.337449994923005,1338.8,290.82289470977054,362527.7844178261,0.29750479846449135,0.5017398529986081,10,23,
4:0:6:6:5:3:4:1:9,4260.0,5.50960744008614,1191.3999999999999,289.6109525697584,363823.36262604786,0.345489443378119,0.4761570159313805,10,25,
4:0:6:6:5:3:5:1:9,4308.0,5.631344523242575,1261.8000000000002,298.06099321876235,370107.26242655795,0.3809980806142035,0.5137451343218727,13,25,
4:0:6:6:5:4:5:1:9,4160.0,5.527092887126766,1309.3999999999996,289.8307883860911,357895.93225139927,0.42034548944337813,0.5299706840120239,14,24,
4:0:6:6:6:1:3:1:9,4424.0,5.778979975892319,1289.6,308.0971348797969,399444.02677558205,0.18809980806142035,0.3410770948731194,10,26,
4:0:6:6:6:2:3:1:9,3832.0,5.187643807190473,1270.8,302.72484709247294,393208.6961348102,0.255278310940499,0.33108266010580856,14,22,
4:0:6:6:6:2:4:1:9,4096.0,5.437588858866687,1263.8,306.16759093908814,390160.18814761797,0.2744721689059501,0.4219683167636653,10,24,
4:0:6:6:6:3:3:1:9,4620.0,5.912619083289037,1213.0000000000002,327.94908478717684,420080.11287304194,0.30326295585412666,0.39976232877840345,12,27,
4:0:6:6:6:3:4:1:9,3996.0,5.39356503415466,1328.9999999999995,295.09476558915713,373648.0880770214,0.3512476007677543,0.4474839970846218,14,23,
4:0:6:6:6:3:5:0:9,3916.0,5.29728522294595,1303.2,300.57120230968,373464.22504447657,0.3531669865642994,0.5117991133739612,9,23,
4:0:6:7:6:2:3:0:9,4244.0,5.577085577833078,1235.8,331.523172102066,432130.6223582794,0.2437619961612284,0.31137787105335024,9,25,
4:0:6:7:6:2:4:0:9,4196.0,5.494021074026194,1187.6,341.1699591352938,431101.91510266805,0.2581573896353167,0.4552265648431013,6,25,
4:0:6:7:7:1:1:0:9,4524.0,5.872400368128827,1237.1999999999998,357.8411835902381,475567.02964538184,0.11708253358925144,0.1795435379774874,6,27,
4:0:6:7:7:1:2:0:9,4048.0,5.498879189702888,1348.9999999999998,332.83211567040865,435880.1583116824,0.15067178502879078,0.28326044169443365,7,24,
4:0:6:7:7:1:3:0:9,4180.0,5.524646230762637,1214.1999999999998,362.48137245466876,471534.01027023,0.19769673704414586,0.3227917780125501,5,25,
4:0:6:7:7:2:2:1:9,4276.0,5.676354919605362,1307.0,331.7618262287881,435090.91146834387,0.20825335892514396,0.2744065639514417,11,25,
4:0:6:7:7:2:3:1:9,4112.0,5.4175842824671365,1196.8,336.3228223307564,438782.6077413759,0.21785028790786948,0.30614047996080357,11,24,
4:0:6:7:7:2:4:0:9,4048.0,5.468413628345054,1308.2,341.8870007355466,435697.733352672,0.2562380038387716,0.4217867858252905,7,24,
4:0:6:8:7:1:2:0:9,4508.0,5.957977848824656,1323.6,376.6129184752913,494073.02663303394,0.16794625719769674,0.27231684409591356,5,27,
4:0:6:8:7:1:3:0:9,4196.0,5.639217463153925,1307.3999999999999,372.664596606391,484197.71516779973,0.1967370441458733,0.32945117169394544,6,25,
4:0:6:8:8:0:1:0:9,3820.0,5.359094178055897,1358.9999999999998,405.1761335342446,538248.352160988,0.09788867562380038,0.1829031040298722,3,23,
4:0:6:8:8:1:2:0:9,3836.0,5.324292545937656,1321.9999999999998,389.9128328670379,516676.00364836963,0.11324376199616124,0.20239712363682547,4,23,
4:0:7:5:4:4:6:1:9,3848.0,5.248422717480934,1366.0000000000002,254.85647161513333,298608.533135479,0.47696737044145876,0.6452801861192179,15,22,
4:0:7:6:5:2:5:1:9,3948.0,5.418826927107818,1407.2000000000003,291.21765804634686,362123.9770186162,0.27351247600767753,0.5094242262207018,11,23,
4:0:7:6:5:3:4:1:9,3816.0,5.288529835433846,1397.5999999999997,297.0480885220685,370704.10774829664,0.3291746641074856,0.49817218233915095,13,22,
4:0:7:6:5:3:5:1:9,4144.0,5.646955072997207,1448.9999999999998,291.1271860630899,360929.87726956065,0.3522072936660269,0.5184422973243779,13,24,
4:0:7:6:6:2:3:1:9,4096.0,5.618557424866053,1434.9999999999998,323.53683671042626,418620.207253838,0.21401151631477927,0.35156682466347094,10,24,
4:0:7:6:6:2:4:0:9,4392.0,5.876108333555469,1404.9999999999998,325.90488356479784,415955.09419303626,0.23704414587332054,0.4154763914748759,8,26,
4:0:7:7:6:2:4:0:9,4064.0,5.5914736717662565,1429.6,332.7155659804404,420928.06521102984,0.2706333973128599,0.45068940713799044,8,24,
4:0:7:7:7:1:3:0:9,3868.0,5.454362261853483,1474.0,341.44547685132835,441486.2033964005,0.19769673704414586,0.3551123465303235,6,23,
4:0:7:7:7:2:3:0:9,4244.0,5.735972702997543,1400.0,332.88355652344046,433737.96555177757,0.21880998080614203,0.31357466076829116,9,25,
4:0:7:8:8:1:2:0:9,4180.0,5.700922422219441,1381.8,378.5611639526565,496710.65127931297,0.16794625719769674,0.2712630522981039,5,25,
4:0:7:8:8:2:3:0:9,4064.0,5.696133175101526,1480.4,390.9707684557903,508409.12190378935,0.24664107485604606,0.32482131655042107,8,24,
5:0:0:5:5:3:3:2:9,5468.0,5.766133522115635,256.80000000000007,283.51113004449104,365483.6418459484,0.39731285988483683,0.3700093036131,24,31,
5:0:0:5:5:3:4:2:9,5468.0,5.767423568490286,273.6,268.05535836687756,342603.32190450944,0.3934740882917466,0.4094485207027063,24,31,
5:0:0:5:5:4:3:2:9,5468.0,5.766105099862003,264.40000000000003,275.8815140562069,354188.95799039514,0.4088291746641075,0.3894781523738585,24,31,
5:0:0:5:5:4:4:2:9,5468.0,5.767070462935089,273.2,268.0874223783632,342650.78862805467,0.46641074856046066,0.4093667014615758,24,31,
5:0:1:3:3:4:5:2:9,4712.0,5.044779720723009,346.4,198.2604689933762,239670.52701247885,0.4904030710172745,0.5838845219207363,28,26,
5:0:1:3:3:5:5:2:9,4728.0,5.0642997938225465,352.3999999999999,196.60038516309382,236823.24942339404,0.5268714011516314,0.5917835253274103,29,26,
5:0:1:3:4:4:5:2:9,4728.0,5.065352707386316,346.4000000000001,203.6975210965407,247329.66373982385,0.4798464491362764,0.5736734308829461,29,26,
5:0:1:4:3:5:6:2:9,4828.0,5.265022118534202,449.39999999999986,208.7530475126386,247138.05271041187,0.5067178502879078,0.6268325018234625,25,27,
5:0:1:4:4:3:4:2:9,4992.0,5.40884847035144,413.2000000000001,230.82010610620122,288235.31610860286,0.3771593090211132,0.496156052684891,25,28,
5:0:1:4:4:3:5:2:9,4696.0,5.107195416487037,399.4,226.29762397949287,280997.4729860842,0.39731285988483683,0.5137454301458846,27,26,
5:0:1:4:4:4:4:2:9,5124.0,5.442950105797466,320.5999999999999,226.95401024095986,283806.4559285642,0.43666026871401153,0.4915889551015245,23,29,
5:0:1:4:4:4:5:2:9,4992.0,5.413883335279241,433.79999999999995,215.46643536096866,265658.36866265885,0.45489443378119004,0.5342952756169693,25,28,
5:0:1:4:4:5:4:2:9,4696.0,5.056645805910787,340.0,233.02492975904013,291232.3232137042,0.5057581573896354,0.4934464803038389,27,26,
5:0:1:4:4:5:5:2:9,4696.0,5.1305717507532105,439.79999999999995,210.2557642848447,257944.62755557444,0.5,0.5478176265006278,27,26,
5:0:1:4:4:5:6:2:9,4680.0,5.070947498877651,394.80000000000007,209.1272938305123,250464.43732842946,0.536468330134357,0.6040756823866282,26,26,
5:0:1:4:5:4:4:2:9,4976.0,5.400755181358309,406.6,244.9868989753573,309348.20964230434,0.4875239923224568,0.4578228206834325,24,28,
5:0:1:4:5:5:4:2:9,5172.0,5.486731416315971,299.2000000000001,245.9741358012415,309914.8578447267,0.5009596928982726,0.4657942113958092,26,29,
5:0:1:5:4:4:5:2:9,4844.0,5.2010804755529545,328.80000000000007,246.72585552617898,307338.6060244996,0.4990403071017274,0.5039841347207866,26,27,
5:0:1:5:4:5:4:2:9,4696.0,5.0714633982434965,340.80000000000007,247.664860969723,309125.41482527554,0.510556621880998,0.49765882879151924,27,26,
5:0:1:5:4:5:5:2:9,4696.0,5.052006210676836,321.00000000000006,247.1904715252637,307512.78115539625,0.510556621880998,0.5080663749386939,27,26,
5:0:1:5:5:3:3:2:9,5420.0,5.798332213544298,351.6,270.2621665131582,347188.8399355063,0.3742802303262956,0.3866269750854174,21,31,
5:0:1:5:5:3:4:2:9,5140.0,5.487781833826865,316.59999999999997,261.6686708475936,334095.40127148345,0.3925143953934741,0.41387897945600116,24,29,
5:0:1:5:5:3:5:1:9,5224.0,5.620115584370428,376.4,255.76043891398587,318653.4148548526,0.3771593090211132,0.5033873279093695,19,30,
5:0:1:5:5:4:3:2:9,5240.0,5.645710308021083,361.8,281.0301409579682,362764.0966663831,0.4001919385796545,0.3635065458341326,20,30,
5:0:1:5:5:4:4:2:9,4960.0,5.4015789115608985,415.80000000000007,252.6452258464558,321531.50381533493,0.46641074856046066,0.4273839791547617,23,28,
5:0:1:5:5:4:5:2:9,5288.0,5.682918347797565,384.40000000000003,249.20091840506336,310476.33058791904,0.4798464491362764,0.5034331690027212,23,30,
5:0:1:5:5:5:4:2:9,4696.0,5.024706520353362,291.2,248.5441942082037,314170.6482179085,0.5028790786948176,0.4539145693809547,27,26,
5:0:1:5:5:5:5:2:9,4664.0,5.1153019070571215,415.19999999999993,250.94458715352096,311509.5078542744,0.5028790786948176,0.5146394535360859,25,26,
5:0:1:6:5:3:4:1:9,5192.0,5.6174239653909215,370.4000000000001,290.95577193734044,369785.5273762527,0.373320537428023,0.4328741047337726,17,30,
5:0:1:6:5:4:4:2:9,4780.0,5.266521641429512,418.0,289.71555036955215,368012.9372811779,0.44145873320537427,0.4350048206715535,22,27,
5:0:1:6:6:2:2:1:9,5488.0,5.985046985142893,427.8,320.61895851889415,418996.5464688479,0.2821497120921305,0.29620777589102154,15,32,
5:0:1:6:6:2:3:1:9,5472.0,5.967875298214026,443.79999999999984,302.72606073901505,390705.81493872224,0.29942418426103645,0.3643220861922355,14,32,
5:0:1:6:6:3:3:1:9,5388.0,5.775638662158047,340.79999999999995,289.41548596868466,374228.6566528126,0.34836852207293667,0.35488347850677554,19,31,
5:0:1:6:6:4:3:2:9,5420.0,5.768855553979374,300.0,291.14748724650775,373329.3141015441,0.44241842610364684,0.39507772931319024,21,31,
5:0:1:6:6:4:4:1:9,5224.0,5.72013802863347,443.8,292.58382583607585,372777.55902158836,0.41746641074856045,0.42277332370347576,19,30,
5:0:1:6:7:3:2:1:9,5520.0,5.977695362885267,378.8,329.958568126448,434066.8466791418,0.32149712092130517,0.2542171444063018,17,32,
5:0:2:4:4:4:4:2:9,4812.0,5.288348625969113,458.39999999999986,240.05926825981626,302194.0756320662,0.40786948176583493,0.46896125652567855,24,27,
5:0:2:4:4:4:5:2:9,4664.0,5.148094674759999,479.6000000000001,220.7146510999189,273782.36932914663,0.4654510556621881,0.5168393417430114,25,26,
5:0:2:4:4:5:4:2:9,4680.0,5.203066807397918,505.40000000000003,236.19561330863058,295857.4215919543,0.5038387715930902,0.4860589367099129,26,26,
5:0:2:5:5:3:3:2:9,5076.0,5.722703513833235,624.4000000000001,262.6570614142307,337826.56040080043,0.3704414587332054,0.3809794097114808,20,29,
5:0:2:5:5:3:4:2:9,4796.0,5.311596523367925,487.19999999999993,251.4835773493781,319512.08868715155,0.3915547024952015,0.4342120049006231,23,27,
5:0:2:5:5:3:5:1:9,5028.0,5.636137673580068,584.5999999999999,260.25545587043047,323474.484237401,0.3934740882917466,0.5108280152642927,17,29,
5:0:2:5:5:4:3:2:9,5256.0,5.8317884368299175,534.8000000000002,285.9235511767736,369125.9808449446,0.43953934740882916,0.3628960124296805,21,30,
5:0:2:5:5:4:4:2:9,4796.0,5.310780759769619,481.19999999999993,256.63355167994337,327135.97592043696,0.4040307101727447,0.42071172110758065,23,27,
5:0:2:5:5:4:5:1:9,5224.0,5.86328392243066,627.3999999999999,258.14184717274816,321316.3449166614,0.4510556621880998,0.5063370005412597,19,30,
5:0:2:6:5:3:4:1:9,4996.0,5.6716534165906785,624.4,289.4628600874876,366893.23271575256,0.33397312859884837,0.4435397394475992,15,29,
5:0:2:6:6:2:2:1:9,5128.0,5.781571430726608,588.5999999999999,307.79743081712564,402216.84471711336,0.2667946257197697,0.2965667551211187,13,30,
5:0:2:6:6:2:3:1:9,5144.0,5.819260166992743,627.4000000000001,292.269094006439,379549.401624199,0.2783109404990403,0.33220699996971964,14,30,
5:0:2:6:6:3:2:1:9,4864.0,5.490878043491894,550.4000000000001,307.09492131855416,401621.1476724505,0.3378119001919386,0.2917200219850705,17,28,
5:0:2:6:6:3:3:1:9,4716.0,5.389899510028711,603.2000000000002,297.0752894499167,386565.1207058085,0.30902111324376197,0.3211316992823553,18,27,
5:0:2:6:6:3:4:1:9,5472.0,6.137242524975713,630.3999999999999,292.60671102469297,373252.45557135384,0.362763915547025,0.4177837410109642,14,32,
5:0:2:6:6:4:3:2:9,5124.0,5.6378439735831725,458.59999999999997,292.03342047366533,378062.75608823705,0.41938579654510555,0.3487716090591895,23,29,
5:0:2:6:7:3:2:1:9,4668.0,5.306727710722774,531.8,329.8102745731301,434329.7447296659,0.31573896353166986,0.2470879149459139,15,27,
5:0:2:7:6:2:2:1:9,5144.0,5.847381030051363,617.9999999999998,330.97103331351985,432313.8515298585,0.255278310940499,0.2991281418716974,14,30,
5:0:2:7:6:2:3:1:9,5424.0,6.105759527397664,606.6,331.60142754836585,431037.2811184534,0.2034548944337812,0.326996071530017,11,32,
5:0:2:7:7:1:1:0:9,5360.0,6.0686277241579605,626.5999999999999,336.91008857259555,447233.50272871874,0.12859884836852206,0.18870283726704168,7,32,
5:0:2:7:7:1:2:1:9,5080.0,5.711610885391384,540.1999999999999,331.29854257782176,436998.76412067877,0.19577735124760076,0.23585869391190403,10,30,
5:0:2:7:7:1:3:0:9,5360.0,6.091488322999358,616.6,370.73083256533033,481187.4297275663,0.19769673704414586,0.335074221523707,7,32,
5:0:2:7:7:2:2:1:9,4948.0,5.669956561575511,620.2000000000002,339.8947371616833,449949.69658749254,0.23704414587332054,0.2098811196548778,12,29,
5:0:2:7:7:2:3:1:9,5408.0,6.099195411490126,607.3999999999997,339.9616187727126,443436.6230973341,0.24280230326295585,0.30736855701436216,10,32,
5:0:3:5:4:4:5:1:9,4668.0,5.448997436276978,761.0000000000001,248.85532860061198,303183.1752275409,0.418426103646833,0.565520904950196,15,27,
5:0:3:5:5:3:3:1:9,4848.0,5.663617194352571,773.9999999999998,279.48911651537895,358909.8991840392,0.3598848368522073,0.3883312559787617,16,28,
5:0:3:5:5:3:4:1:9,5044.0,5.745220189272493,682.6,259.9194372219372,331253.3873328862,0.3896353166986564,0.4216062933808876,18,29,
5:0:3:5:5:3:5:1:9,4996.0,5.792669172058282,766.3999999999999,273.56127728473035,339946.5959681297,0.39539347408829173,0.5114179887747446,15,29,
5:0:3:5:5:4:4:2:9,4748.0,5.449304510039337,643.9999999999998,286.1752994609891,366206.36661954195,0.4040307101727447,0.40416330925785837,20,27,
5:0:3:5:5:4:5:1:9,4716.0,5.524583978137034,777.6,263.0165052187896,327407.22482191643,0.4165067178502879,0.5061166029216558,18,27,
5:0:3:6:5:2:4:1:9,5144.0,5.9667695624568715,783.0,290.3738840800595,362441.56919978943,0.29366602687140114,0.49758413021403053,14,30,
5:0:3:6:5:3:4:1:9,5128.0,5.961499612889817,794.0,289.88259663118936,365420.0699572458,0.30710172744721687,0.46399349030757514,13,30,
5:0:3:6:5:3:5:1:9,4784.0,5.635822623129436,791.6,296.92717330087163,368231.2076731636,0.3272552783109405,0.5175499507253034,12,28,
5:0:3:6:6:1:2:0:9,5228.0,5.973602096057287,676.0,320.49338409169246,422901.99002260546,0.18618042226487524,0.23326747496620254,9,31,
5:0:3:6:6:1:3:1:9,5244.0,6.057538752250818,754.4,313.5553798453531,409273.4843333737,0.1871401151631478,0.3033535321476935,10,31,
5:0:3:6:6:2:2:1:9,4964.0,5.799807694846677,763.0,316.3996180302371,415803.2058135079,0.2658349328214971,0.2610250545959011,13,29,
5:0:3:6:6:2:3:1:9,4880.0,5.668166310663132,730.6000000000001,295.62929571098266,384882.77743541595,0.28790786948176583,0.31821513508351085,18,28,
5:0:3:6:6:2:4:1:9,5424.0,6.188483337135417,729.3999999999997,294.9996372951042,376469.4067618431,0.2629558541266795,0.4159385778732691,11,32,
5:0:3:6:6:3:2:1:9,5012.0,5.794755563104206,715.7999999999997,310.3352967545837,406237.11294171226,0.30902111324376197,0.28601813339354093,16,29,
5:0:3:6:6:3:3:1:9,5192.0,5.906712615219061,668.9999999999999,293.794545058262,381583.23398417304,0.31957773512476007,0.33145297870754314,17,30,
5:0:3:6:6:3:4:1:9,5340.0,6.1278786635957845,747.7999999999998,297.44956746680685,379062.2849409641,0.362763915547025,0.4218391963494584,16,31,
5:0:3:6:7:2:2:1:9,5472.0,6.216364197629197,675.4000000000002,330.0514939296229,433831.7111496298,0.2236084452975048,0.2596935089173947,14,32,
5:0:3:7:6:2:3:1:9,5096.0,5.994737848646628,814.7999999999997,335.71683828978666,431988.24435044575,0.28982725527831094,0.3788636174695553,11,30,
5:0:3:7:6:2:4:1:9,5096.0,5.836114695679128,654.2,331.0315128976515,423555.2776715346,0.2869481765834933,0.40469901489264565,11,30,
5:0:3:7:6:3:3:1:9,4784.0,5.558288860176879,674.8000000000001,332.9369923043076,429000.1930660524,0.30134357005758156,0.37227435445816287,12,28,
5:0:3:7:6:3:4:0:9,5376.0,6.159305490340957,707.3999999999999,334.59632093527784,421582.31973547593,0.30326295585412666,0.46572585387133125,8,32,
5:0:3:7:7:0:1:0:9,5328.0,6.196563376126768,762.0,366.81903792409224,488908.586323609,0.09596928982725528,0.15573198985125414,5,32,
5:0:3:7:7:0:2:0:9,5312.0,6.1477592952760425,732.8000000000002,361.165185677636,477383.3974822682,0.09500959692898273,0.22104897580462513,4,32,
5:0:3:7:7:1:1:1:9,5408.0,6.2458408923471165,756.0000000000003,344.16620982569566,457032.48152911407,0.15163147792706333,0.1858263465203351,10,32,
5:0:3:7:7:1:2:0:9,5376.0,6.179282788140268,724.1999999999997,338.6126652421596,448159.48772345815,0.14779270633397312,0.21142844355328483,8,32,
5:0:3:7:7:1:3:0:9,4720.0,5.577749875117446,752.1999999999997,339.81536987237905,442622.12185983313,0.1813819577735125,0.31548208504537056,8,28,
5:0:3:7:7:2:1:1:9,5276.0,6.140125554668171,777.8000000000001,344.2108279642339,457016.0657955523,0.21113243761996162,0.18713336573670042,12,31,
5:0:3:7:7:2:2:1:9,5128.0,5.9993077580591425,787.7999999999998,335.4786838976257,444089.2282240501,0.21880998080614203,0.21012554420667137,13,30,
5:0:3:7:7:2:3:1:9,5308.0,6.085095947672368,698.3999999999997,334.269977474608,435750.49209525343,0.2571976967370441,0.3108552353131614,14,31,
5:0:3:7:7:3:3:1:9,4964.0,5.836814569669185,783.4000000000002,334.5607815952912,434940.6486393664,0.3310940499040307,0.32627698525034204,13,29,
5:0:3:7:8:1:1:1:9,5096.0,6.012776833339486,796.7999999999997,372.5134603397451,495759.6918459032,0.16986564299424184,0.16816681585827017,11,30,
5:0:3:8:7:1:2:0:9,5016.0,5.945122746724456,805.3999999999999,373.4179020868835,489528.85917962866,0.1928982725527831,0.27689400252701785,6,30,
5:0:3:8:8:0:0:0:9,5132.0,6.017447937740876,751.5999999999999,386.58075112599226,521691.10347618774,0.0710172744721689,0.036304413852905816,3,31,
5:0:3:8:8:0:1:0:9,4984.0,5.930097926433172,813.8,381.36203934336504,510788.8581809813,0.0892514395393474,0.11218713196522341,4,30,
5:0:3:8:8:1:0:0:9,5508.0,6.448896011073474,817.1999999999998,394.54964353856053,529873.5734650824,0.1276391554702495,0.08645498499952682,6,33,
5:0:3:8:8:1:1:0:9,5524.0,6.30472699841109,665.3999999999999,380.1255323443561,508310.89485660684,0.15355086372360843,0.12700636590977274,7,33,
5:0:3:8:8:1:2:0:9,5376.0,6.290590118557076,803.2000000000002,375.59490353647357,497683.28842232056,0.14491362763915547,0.2027016142988944,8,32,
5:0:4:4:4:4:5:1:9,4700.0,5.608196036131772,897.3999999999999,246.34026964930635,296118.7940620053,0.43282149712092133,0.5963257420645192,17,27,
5:0:4:5:4:4:5:1:9,4700.0,5.592376672493222,873.9999999999999,253.25649273793724,307989.18670255854,0.44145873320537427,0.5699067008519312,17,27,
5:0:4:5:5:3:3:1:9,4848.0,5.78405899078742,894.4000000000001,284.5894684004929,365274.8813380466,0.3378119001919386,0.3906560075715407,16,28,
5:0:4:5:5:3:4:1:9,4864.0,5.848645556625064,949.4,280.88867000331663,357513.9053899957,0.3694817658349328,0.4269487761787583,17,28,
5:0:4:5:5:3:5:1:9,5144.0,5.992764063261513,823.0,277.46015391849625,344427.1534489217,0.3800383877159309,0.5146167129908357,14,30,
5:0:4:5:5:4:4:1:9,4716.0,5.61084984832087,844.8,285.70554195034714,365214.1059630252,0.42610364683301344,0.40883285571727,18,27,
5:0:4:5:5:4:5:1:9,4716.0,5.666996184813426,925.4,263.6100245755902,327350.75734792126,0.41938579654510555,0.5135438897609462,18,27,
5:0:4:6:5:3:3:1:9,4996.0,5.939007814282759,903.5999999999999,288.84614248263443,370501.6861541789,0.362763915547025,0.3935694543117007,15,29,
5:0:4:6:5:3:4:1:9,5012.0,5.920912648746319,868.0,289.5909799936642,370354.20597701264,0.3675623800383877,0.4067984205499165,16,29,
5:0:4:6:5:3:5:1:9,4752.0,5.7059755494311215,894.9999999999998,298.6265225072284,370325.1981929987,0.3378119001919386,0.5176578232062011,10,28,
5:0:4:6:5:4:4:1:9,4668.0,5.5463706135481115,822.5999999999998,288.7181793171332,362032.0099953197,0.4040307101727447,0.48248127685106057,15,27,
5:0:4:6:5:4:5:1:9,4816.0,5.793836326518933,932.4,288.77745223272944,355562.48472335364,0.42226487523992323,0.5380603156424207,14,28,
5:0:4:6:6:1:2:0:9,5032.0,6.067867589692591,960.7999999999998,329.91802845968,432161.30020210234,0.16410748560460653,0.28185646262327624,7,30,
5:0:4:6:6:1:3:1:9,5244.0,6.229937803358866,929.1999999999998,318.3951910999385,415313.77460593526,0.16794625719769674,0.3072589985470399,10,31,
5:0:4:6:6:2:2:1:9,4980.0,5.936873744334063,904.7999999999997,301.4224415960939,394421.2481734466,0.23896353166986564,0.2883361904534847,14,29,
5:0:4:6:6:2:3:1:9,4832.0,5.732731108409275,842.6,298.90581496246296,389936.9338421177,0.27927063339731284,0.30658514204225723,15,28,
5:0:4:6:6:2:4:1:9,4964.0,5.85532172705839,839.6,297.64523959484256,380082.3128685256,0.28790786948176583,0.41329010782595454,13,29,
5:0:4:6:6:3:2:1:9,4848.0,5.854107404244899,940.8000000000001,311.17991522318397,408421.8986892069,0.30998080614203455,0.26933851552589866,16,28,
5:0:4:6:6:3:3:1:9,4700.0,5.600800906516608,846.4000000000001,289.63454459030544,375827.0905995967,0.32245681381957775,0.3365352948373975,17,27,
5:0:4:6:6:3:4:1:9,4832.0,5.8507547470501855,960.3999999999999,304.08644642629423,388434.1252108203,0.3800383877159309,0.41189487668076086,15,28,
5:0:4:6:6:3:5:0:9,4900.0,5.952280190061715,999.5999999999999,302.6759580443073,376717.09615573887,0.3397312859884837,0.5066010911318438,9,29,
5:0:4:6:7:2:2:1:9,5260.0,6.2511394155127995,925.3999999999999,328.28727096433744,434356.5665974986,0.21209213051823417,0.2137703875978827,11,31,
5:0:4:7:6:1:3:0:9,5196.0,6.251236879452782,985.5999999999999,332.188828389799,430650.18961071013,0.1948176583493282,0.3414268831351242,7,31,
5:0:4:7:6:2:3:1:9,5276.0,6.194026457706038,846.8,331.3755689296921,431330.7597072939,0.24664107485604606,0.31939907005540513,12,31,
5:0:4:7:6:2:4:0:9,4704.0,5.799240937397657,1000.4,338.40905676835865,431340.9213875456,0.2648752399232246,0.42105899621345183,7,28,
5:0:4:7:6:3:4:0:9,4736.0,5.817247972926545,991.0,334.5723877894597,426295.67469583894,0.30710172744721687,0.42256928694714196,9,28,
5:0:4:7:7:0:0:0:9,4672.0,5.63389609230785,830.7999999999998,367.719728184779,494016.42352388735,0.09309021113243762,0.0829551589446019,5,28,
5:0:4:7:7:0:1:0:9,5328.0,6.306566009747634,878.6,364.8417821570337,488604.2846374531,0.09980806142034548,0.1132858964526094,5,32,
5:0:4:7:7:1:1:0:9,5344.0,6.396920562404323,982.9999999999998,338.59122602530454,452229.71705820615,0.1199616122840691,0.13766896839888565,6,32,
5:0:4:7:7:1:2:0:9,4720.0,5.723435428925068,901.4000000000002,342.41971693992025,453621.83559723105,0.15738963531669867,0.20441602347772947,8,28,
5:0:4:7:7:1:3:0:9,5212.0,6.171080579724272,884.6,333.66596407269134,435454.96131576574,0.16506717850287908,0.3042747798564675,8,31,
5:0:4:7:7:2:1:1:9,5408.0,6.461250368358877,976.2,348.4228838299502,462813.42277533823,0.2092130518234165,0.18362798621682977,10,32,
5:0:4:7:7:2:2:1:9,5408.0,6.394697049044694,920.0,335.27432510457106,441821.5902472206,0.20057581573896352,0.24248891986935278,10,32,
5:0:4:7:7:2:3:1:9,4948.0,5.898540947817452,866.1999999999999,332.0796676257855,433374.28143421037,0.2523992322456814,0.3044165991927975,12,29,
5:0:4:7:7:2:4:0:9,4868.0,5.8984446713178755,929.1999999999997,348.97934751322674,446796.62219150615,0.2495201535508637,0.4019659542190711,7,29,
5:0:4:7:8:0:0:0:9,5476.0,6.447907250975369,870.6,372.11935551633417,499377.8137973895,0.07869481765834933,0.09373420492746634,4,33,
5:0:4:7:8:0:1:0:9,5460.0,6.39803913442685,835.5999999999997,371.15677807277785,495486.97122007736,0.0671785028790787,0.1418842902044727,3,33,
5:0:4:7:8:1:1:0:9,5032.0,6.050464652618103,900.6,371.98416802806327,497486.3891940532,0.12859884836852206,0.12587478316803907,7,30,
5:0:4:8:7:1:2:0:9,5476.0,6.554959170857596,981.3999999999997,372.867456033615,493730.2491784171,0.11612284069097889,0.20788571601924835,4,33,
5:0:4:8:7:1:3:0:9,5492.0,6.4382559050698305,841.8,374.8626530827636,489215.2031563113,0.17946257197696738,0.30432299282555625,5,33,
5:0:4:8:8:0:0:0:9,4968.0,5.956717365538618,850.1999999999998,388.6994948912403,524528.5021407866,0.06525911708253358,0.036758253345547436,3,30,
5:0:4:8:8:0:1:0:9,5508.0,6.4875232628510675,872.9999999999998,378.99923989081225,507960.348493754,0.08445297504798464,0.1059747013487735,6,33,
5:0:4:8:8:0:2:0:9,5492.0,6.488270144488268,889.1999999999998,379.57749055677573,502144.58864148526,0.09884836852207293,0.21485972808321788,5,33,
5:0:4:8:8:1:0:0:9,5492.0,6.496959665132431,905.1999999999997,372.6319710679935,500611.9017917398,0.11228406909788867,0.08303277948433695,5,33,
5:0:4:8:8:1:1:0:9,4884.0,5.976798550824184,963.7999999999998,380.0240899588002,509092.41790832294,0.15547024952015356,0.11043351408837322,8,29,
5:0:4:8:8:1:2:0:9,5376.0,6.417435649255669,937.3999999999996,373.5679465244076,495118.417835245,0.15930902111324377,0.20084084339157995,8,32,
5:0:4:9:9:0:0:0:9,5248.0,6.244343939052051,841.5999999999997,417.0063844922378,564562.4897741068,0.0,0.0,0,32,
5:0:5:5:5:2:4:1:9,4668.0,5.794559956253027,1099.7999999999997,270.13147441565457,342925.47046602407,0.272552783109405,0.4374397801950955,15,27,
5:0:5:5:5:3:5:1:9,4964.0,6.02386726268916,1032.6,280.2696877221046,346382.99878860416,0.381957773512476,0.5275567476294587,13,29,
5:0:5:5:5:4:6:1:9,4832.0,5.854923101803135,1008.5999999999998,260.2298720788678,309187.68335298245,0.4712092130518234,0.6200379020543069,15,28,
5:0:5:6:5:2:4:1:9,4752.0,5.9291977267812825,1135.6000000000001,290.6240313060958,370701.4041121372,0.2927063339731286,0.4180325624965707,10,28,
5:0:5:6:5:3:5:1:9,5112.0,6.204683410684239,1059.3999999999996,293.88011393297677,365173.84206046246,0.3848368522072937,0.5116043799429772,12,30,
5:0:5:6:6:1:2:1:9,5112.0,6.176220607004357,1005.1999999999998,318.42187249854044,421033.50151584117,0.19577735124760076,0.21849058907031277,12,30,
5:0:5:6:6:1:3:0:9,5376.0,6.50080978973381,1072.6,325.24380090263,423306.3604201795,0.1871401151631478,0.31997203050681633,8,32,
5:0:5:6:6:2:2:1:9,4816.0,5.939680621111287,1049.0,324.1472071979604,428624.64361667546,0.24088291746641075,0.21813511526874702,14,28,
5:0:5:6:6:2:3:1:9,4816.0,5.9360286442743995,1070.8,298.54184733392435,388336.1311913725,0.2946257197696737,0.323109821861657,14,28,
5:0:5:6:6:2:4:1:9,4916.0,6.094885066868249,1126.8000000000002,308.0702396767155,393677.7611450083,0.22648752399232247,0.4102033986890178,10,29,
5:0:5:6:6:3:3:1:9,4816.0,6.024696733014125,1157.6,304.133995800718,393661.67855192407,0.362763915547025,0.3496447526573115,14,28,
5:0:5:6:6:3:4:1:9,5112.0,6.1640722710420475,1008.9999999999999,301.9633064258133,379517.2724294488,0.36084452975047987,0.47454491144018285,12,30,
5:0:5:6:6:3:5:1:9,4916.0,6.111641840360256,1152.2,300.1307976553861,370957.438955094,0.33493282149712095,0.5273387301380448,10,29,
5:0:5:7:6:1:3:0:9,5064.0,6.180729679279716,1044.9999999999998,331.32032580946486,430520.29004038614,0.1785028790786948,0.3289339896511869,9,30,
5:0:5:7:6:2:3:1:9,4948.0,6.12158366595407,1098.0,332.69017992414024,431496.7761865956,0.2591170825335892,0.33900307036884136,12,29,
5:0:5:7:6:2:4:0:9,5032.0,6.121299651414651,1014.1999999999998,332.1942367740662,421216.75369827583,0.28502879078694815,0.44205078716214224,7,30,
5:0:5:7:7:0:1:0:9,5460.0,6.563430899486061,1015.9999999999999,363.09499726447615,486651.54227038706,0.07197696737044146,0.10583622907648023,3,33,
5:0:5:7:7:1:1:0:9,5212.0,6.4498199515790775,1165.3999999999999,343.3123895453987,458345.2709273289,0.16602687140115163,0.14131186895103875,8,31,
5:0:5:7:7:1:2:0:9,5000.0,6.090731818637804,1013.1999999999998,333.3425550205917,441561.6838182518,0.11324376199616124,0.20501796722595206,5,30,
5:0:5:7:7:1:3:0:9,5032.0,6.128482616249287,1017.0000000000001,336.8788861317569,438893.0083149498,0.17562380038387715,0.3142364971658359,7,30,
5:0:5:7:7:2:2:0:9,4736.0,5.889743764968865,1069.1999999999998,331.9130030975576,436762.86073952506,0.20153550863723607,0.2522968125734878,9,28,
5:0:5:7:7:2:3:0:9,4736.0,5.855955760213326,1027.8,338.1059021422853,439615.12580935616,0.21785028790786948,0.32544948090579384,9,28,
5:0:5:7:7:2:4:0:9,5212.0,6.3122545509641395,1025.8,339.56924210463353,433887.2385459019,0.2965451055662188,0.41062611241015085,8,31,
5:0:5:7:8:0:1:0:9,5492.0,6.652710545329422,1068.7999999999997,371.3243882332589,497616.85873729084,0.09404990403071017,0.1070580048604699,5,33,
5:0:5:8:8:0:0:0:9,5428.0,6.68302264987491,1143.1999999999996,392.50960116965564,530599.648193694,0.01055662188099808,0.017291311024281327,1,33,
5:0:5:8:8:0:1:0:9,5312.0,6.528588063044305,1117.5999999999997,373.1887616921663,499678.3893162164,0.0873320537428023,0.11522388612005871,4,32,
5:0:5:8:8:1:1:0:9,5164.0,6.282608455729964,1007.7999999999997,374.678010870622,501999.612052707,0.10844529750479846,0.1091460722287202,5,31,
5:0:5:8:8:1:2:0:9,5132.0,6.392292016405195,1152.7999999999997,375.96828109421324,497711.86423144885,0.11516314779270634,0.20975616822761697,3,31,
5:0:5:8:8:2:2:0:9,5048.0,6.218590357882277,1056.0,375.771152913333,495613.1327576671,0.20825335892514396,0.23652520167932392,8,30,
5:0:5:9:9:0:0:0:9,5444.0,6.601438661457792,1015.9999999999997,418.69908523901927,564403.4534998683,0.03358925143953935,0.04834637933927002,2,33,
5:0:6:6:6:1:3:0:9,4720.0,6.0339170378604745,1243.5999999999997,323.74155345061524,420728.16057223885,0.18042226487523993,0.32820528449326836,8,28,
5:0:6:6:6:2:3:0:9,4736.0,6.028415610758311,1222.9999999999998,322.6090664101603,414422.51959399006,0.2802303262955854,0.38677354211434867,9,28,
5:0:6:6:6:2:4:0:9,4900.0,6.1589414950898425,1209.4,308.21703788361657,393677.7611450083,0.22648752399232247,0.41225092394100377,9,29,
5:0:6:6:6:3:4:1:9,4784.0,6.076052707896113,1235.8,311.44692162774976,396763.7749348526,0.30806142034548945,0.4232639094261749,12,28,
5:0:6:7:6:2:4:0:9,4720.0,6.007334076123366,1205.9999999999998,333.6421073205463,426415.4408070444,0.23416506717850288,0.4095978647964894,8,28,
5:0:6:7:7:1:1:0:9,5508.0,6.799169407365287,1220.8,355.9345224746297,476215.2425508802,0.12092130518234165,0.12218346513281755,6,33,
5:0:6:7:7:1:2:1:9,4768.0,6.067234053311752,1218.0000000000002,336.0578835508458,444107.68928188103,0.17754318618042225,0.2225068054750038,11,28,
5:0:6:7:7:1:3:0:9,5064.0,6.337350312406584,1200.1999999999998,339.3190255276604,442413.68583816715,0.17946257197696738,0.309792964616161,9,30,
5:0:6:7:7:2:2:1:9,4948.0,6.226458721680678,1188.3999999999999,351.5699879912666,459299.5920504906,0.2571976967370441,0.2980966073732982,12,29,
5:0:6:7:7:2:3:1:9,5080.0,6.3684045657474035,1215.7999999999997,340.0775575087948,442982.45410441206,0.236084452975048,0.3152398742190232,10,30,
5:0:6:8:8:0:0:0:9,5444.0,6.7411517408594195,1186.8,393.48011397551494,531257.4116035879,0.026871401151631478,0.031030820309223637,2,33,
5:0:6:8:8:0:1:0:9,4968.0,6.321776999321736,1245.7999999999997,373.49163329325023,499736.5475573372,0.07773512476007678,0.12161478782468188,3,30,
5:0:6:8:8:1:2:0:9,5444.0,6.750804475453577,1206.2,384.1382634226277,508097.19156918704,0.11132437619961612,0.21603264939633862,2,33,
5:0:7:8:8:0:1:0:9,4984.0,6.469302037756186,1376.8000000000002,380.212723341945,509267.09821867227,0.0508637236084453,0.11186465368844362,4,30,
6:0:0:5:5:3:3:2:9,6060.0,6.333572583865753,259.20000000000005,280.3826323881145,360852.2957826769,0.3493282149712092,0.3779924377333376,20,35,
6:0:0:5:5:3:4:2:9,5616.0,5.908564776877643,272.0,268.724497506504,343593.8979766293,0.3944337811900192,0.4077410469937677,23,32,
6:0:0:5:5:4:3:2:9,5616.0,5.909056340688231,267.20000000000005,274.0367069971375,351457.95389547374,0.45873320537428025,0.3941856330230751,23,32,
6:0:0:5:5:4:4:2:9,5616.0,5.909142311009104,273.2,268.12628807148644,342708.324383108,0.4289827255278311,0.40926752605057753,23,32,
6:0:0:6:6:2:2:1:9,6324.0,6.589739609545533,227.39999999999998,315.108673146446,412687.4137609967,0.28502879078694815,0.2829886163520992,16,37,
6:0:0:6:6:3:2:2:9,6060.0,6.32939321586358,213.20000000000007,322.02773092985086,422502.609885584,0.3416506717850288,0.2717246876419882,20,35,
6:0:0:6:6:3:3:2:9,5896.0,6.203424470322241,273.6000000000001,294.3682980757746,382039.2706103462,0.3829174664107486,0.3355534235785135,20,34,
6:0:0:6:6:4:3:2:9,5912.0,6.191295062629636,246.39999999999998,292.9294552600811,379426.2840342615,0.4069097888675624,0.3459761216700596,21,34,
6:0:1:4:4:4:4:2:9,5616.0,5.912396502668269,301.19999999999993,243.5171557803368,306277.60891658365,0.40307101727447214,0.4720638024877664,23,32,
6:0:1:5:5:3:3:1:9,5552.0,5.966082333857824,386.2000000000001,278.4577918798532,359743.75110215874,0.3723608445297505,0.35933172073126907,19,32,
6:0:1:5:5:3:4:2:9,5748.0,6.07423661012771,314.2,267.15454775307416,341936.1474264781,0.3550863723608445,0.40326452213904257,21,33,
6:0:1:5:5:4:3:2:9,5748.0,6.147265833756389,383.0000000000001,274.450998774158,352303.1919031198,0.40978886756238003,0.390119802549094,21,33,
6:0:1:5:5:4:4:2:9,5616.0,5.9106024969148585,290.40000000000003,252.4478017852822,319498.3035631571,0.42418426103646834,0.4492750544468241,23,32,
6:0:1:5:5:4:5:2:9,5584.0,5.908198348977156,321.99999999999994,250.3426796341966,311049.45724190533,0.46065259117082535,0.5118486861396135,21,32,
6:0:1:5:6:3:3:1:9,5716.0,6.044427228988138,294.00000000000006,288.29317260563954,372726.1976715939,0.3550863723608445,0.3555837461044086,19,33,
6:0:1:6:6:2:2:1:9,5800.0,6.211639921959011,360.2000000000001,312.3287986812906,409190.2344037109,0.23704414587332054,0.28080091540144564,14,34,
6:0:1:6:6:2:3:1:9,5964.0,6.31347607601644,318.6000000000001,296.04207120913037,385612.4543725223,0.2504798464491363,0.31538339910410557,14,35,
6:0:1:6:6:3:2:1:9,5996.0,6.457851918298434,418.60000000000014,314.4816988669679,412775.44224357954,0.32053742802303264,0.269026654503672,16,35,
6:0:1:6:6:3:3:1:9,5700.0,6.1751361092895545,432.6000000000001,301.8918258797157,394137.72372787155,0.3502879078694818,0.3020317077640997,18,33,
6:0:1:6:6:3:4:1:9,5700.0,6.020942815794057,280.2,293.62241405740747,374210.7081753149,0.35892514395393477,0.42155424532107033,18,33,
6:0:1:6:6:4:3:2:9,5568.0,5.910453980933805,296.0,294.69304813302483,378578.0696569115,0.4309021113243762,0.3865729347286181,20,32,
6:0:1:7:7:1:1:0:9,6032.0,6.475810555630749,366.40000000000003,349.3945989672406,466473.62633766,0.16506717850287908,0.14115816550102186,8,36,
6:0:1:7:7:1:2:0:9,6376.0,6.735986485156357,292.99999999999994,349.89791753292366,462585.7216340827,0.16794625719769674,0.21954885006801095,9,38,
6:0:1:7:7:2:1:1:9,6260.0,6.61544367195235,289.2000000000001,344.09230617434895,456295.3678707856,0.20153550863723607,0.1967503300711719,12,37,
6:0:1:7:7:2:2:1:9,5964.0,6.332605336306064,302.80000000000007,331.77476043091906,438060.79548051185,0.22840690978886757,0.22884996395991306,14,35,
6:0:1:7:7:2:3:1:9,6392.0,6.890552092623118,450.5999999999998,337.3552805132892,437363.8407052426,0.28502879078694815,0.34123473846928337,10,38,
6:0:1:8:8:0:0:0:9,6280.0,6.803064332607204,412.80000000000007,395.9930345767066,532760.2151725596,0.05182341650671785,0.06859347566946324,3,38,
6:0:1:8:8:0:1:0:9,6264.0,6.836546403892177,452.19999999999993,407.48135285564865,545665.8929815926,0.052783109404990404,0.11400553659402955,2,38,
6:0:1:8:8:1:1:0:9,6164.0,6.732810516880272,448.59999999999997,402.9885585892425,538302.6125417601,0.12667946257197696,0.13664489190960594,6,37,
6:0:2:5:5:2:3:1:9,5536.0,6.03839647304745,467.99999999999994,288.0091249154426,370416.029664122,0.29750479846449135,0.3812095351887845,18,32,
6:0:2:5:5:3:4:1:9,5684.0,6.3058242572809595,610.5999999999999,276.06887608675976,351041.9941219478,0.3742802303262956,0.43084884518183486,17,33,
6:0:2:5:5:4:4:1:9,5536.0,6.165172935024503,621.3999999999999,266.7101982955329,337187.65241979534,0.40978886756238003,0.45331115656070164,18,32,
6:0:2:6:6:1:2:0:9,5556.0,6.245763509343648,623.3999999999997,328.68557673608245,431738.99831091607,0.1871401151631478,0.2642136779949315,9,33,
6:0:2:6:6:2:2:1:9,5768.0,6.29656117879069,463.3999999999999,329.6167482999,431550.880320473,0.21209213051823417,0.28496115275532846,12,34,
6:0:2:6:6:2:3:1:9,5784.0,6.290817068361997,457.99999999999994,313.03138523320047,407177.78487401083,0.24856046065259116,0.32319192424500753,13,34,
6:0:2:7:7:0:1:0:9,6180.0,6.829303190485623,572.7999999999998,363.3339244860189,486118.9366511514,0.09404990403071017,0.12211182670225267,7,37,
6:0:2:7:7:0:2:0:9,5804.0,6.491632817848497,595.0,365.28139619813487,483460.26995367283,0.09884836852207293,0.21136264829680565,4,35,
6:0:2:7:7:1:1:0:9,5704.0,6.314321965168673,533.7999999999998,341.72348770575655,455764.8354598002,0.15451055662188098,0.15003547915909451,8,34,
6:0:2:7:7:1:2:0:9,5540.0,6.243812872092598,621.5999999999999,344.4530127204867,455760.1425586668,0.16986564299424184,0.21353163868183517,8,33,
6:0:2:7:7:1:3:0:9,6000.0,6.672157208343344,604.5999999999999,347.7878110937644,451287.0473161019,0.17562380038387715,0.33652554172303867,6,36,
6:0:2:7:7:2:1:1:9,5604.0,6.26961687040225,588.4000000000001,340.54077895914327,452101.0240875028,0.2629558541266795,0.1878691907685084,12,33,
6:0:2:7:7:2:2:1:9,5572.0,6.241136258998651,587.3999999999999,343.8639818765954,453703.58140749385,0.2072936660268714,0.2338380837921,10,33,
6:0:2:7:7:2:3:1:9,5572.0,6.2781915877467664,635.2,334.67563443213066,436465.44032553054,0.22744721689059502,0.30838535654446714,10,33,
6:0:2:7:8:1:1:0:9,6180.0,6.78123869432495,514.4,371.65071948659846,497222.50957714743,0.15067178502879078,0.12254832286611546,7,37,
6:0:2:8:7:1:2:0:9,5852.0,6.455376128067353,501.60000000000014,372.9019254461816,490342.8851141503,0.16410748560460653,0.2571661159536117,7,35,
6:0:2:8:8:0:0:0:9,6280.0,6.93599673572859,561.1999999999999,386.1085986291906,520761.4745483247,0.07005758157389635,0.04238768558316077,3,38,
6:0:2:8:8:0:1:0:9,6148.0,6.858013117658777,610.9999999999999,387.0496686004451,518831.7008152161,0.07677543186180422,0.10448609159011031,5,37,
6:0:2:8:8:1:0:0:9,6328.0,6.920826485289209,482.2,401.3011976713557,538579.325833378,0.1276391554702495,0.09301402074113078,6,38,
6:0:2:8:8:1:1:0:9,6164.0,6.87801479288283,624.1999999999999,378.69141418390876,507664.33586865396,0.11324376199616124,0.10380061542501602,6,37,
6:0:2:8:8:1:2:0:9,6312.0,6.939252090665697,545.3999999999999,373.3006784736562,494703.5559174478,0.13531669865642995,0.20177522340640466,5,38,
6:0:2:9:9:0:0:0:9,6232.0,6.970177564359578,606.3999999999999,424.5250220626814,574741.568331015,0.0,0.0,0,38,
6:0:3:6:5:3:4:1:9,5636.0,6.337807273422992,677.4,290.5951789067587,367157.18231384346,0.34836852207293667,0.4556164609515663,14,33,
6:0:3:6:6:1:2:0:9,5704.0,6.4129777098463565,654.1999999999997,324.1227736599043,423604.3400095702,0.1967370441458733,0.29579821874314516,8,34,
6:0:3:6:6:1:3:0:9,5540.0,6.354883213312776,756.4,325.38830827191276,424809.49517714506,0.16218809980806143,0.30209129397288537,8,33,
6:0:3:6:6:2:2:1:9,5620.0,6.340113151764893,669.2,317.1979041390185,416964.5672768194,0.2380038387715931,0.2592484235573832,13,33,
6:0:3:6:6:2:3:1:9,5752.0,6.5740461412022615,768.4000000000002,329.7560791327561,430538.4418182407,0.22168905950095968,0.3017257177890694,11,34,
6:0:3:6:6:2:4:0:9,5720.0,6.519985994972491,771.9999999999999,301.82540676133624,385702.6935761733,0.23704414587332054,0.4101463892752782,9,34,
6:0:3:6:6:3:3:1:9,5816.0,6.537456129807406,694.3999999999999,301.6292872593174,387951.96057197865,0.30998080614203455,0.38098231333278787,15,34,
6:0:3:6:6:3:4:1:9,5620.0,6.3569282972641,712.9999999999998,290.9192857491926,371086.215602981,0.30518234165067176,0.4179395650419545,13,33,
6:0:3:7:6:2:2:1:9,5604.0,6.407402256351802,741.8,330.7131511185777,432112.5345793314,0.2629558541266795,0.29725480500000595,12,33,
6:0:3:7:7:0:1:0:9,5984.0,6.832007988279681,777.1999999999998,357.7523237874283,479370.14542514406,0.08157389635316699,0.10820871526668568,5,36,
6:0:3:7:7:1:1:0:9,5836.0,6.550270607848233,643.2,346.1819733778594,462489.8180522741,0.1199616122840691,0.13534137922392753,6,35,
6:0:3:7:7:1:2:0:9,5720.0,6.5811673899011085,801.7999999999998,335.7764202769552,444857.8570842659,0.18618042226487524,0.20379024591590297,9,34,
6:0:3:7:7:1:3:0:9,5540.0,6.347156248655136,733.4,340.33681109865205,443074.16206212435,0.16218809980806143,0.31839101744446136,8,33,
6:0:3:7:7:2:1:0:9,5540.0,6.274940335526075,638.1999999999997,360.2878296181708,478003.65915573365,0.20825335892514396,0.19299769697140118,8,33,
6:0:3:7:7:2:2:1:9,5588.0,6.428945042812966,775.7999999999998,335.1607346111105,443416.2189674408,0.20153550863723607,0.21434777350789527,11,33,
6:0:3:7:7:2:3:1:9,5736.0,6.5619363112775355,757.8000000000001,343.73763635119184,448815.02642055356,0.21113243761996162,0.3014371384294502,10,34,
6:0:3:7:8:0:0:0:9,6296.0,7.032099174675889,661.3999999999999,370.04734001227774,496786.4410583064,0.09021113243761997,0.0900263039214365,4,38,
6:0:3:7:8:0:1:0:9,5804.0,6.587670617332127,687.7999999999998,372.55278326007607,496902.0123017314,0.09980806142034548,0.14970029945050656,4,35,
6:0:3:7:8:1:0:0:9,5656.0,6.498201634861575,743.4,371.7261035257615,498947.3919675249,0.13147792706333974,0.09183944491989907,5,34,
6:0:3:7:8:1:1:0:9,5984.0,6.716388406276835,642.1999999999998,372.2767193404612,496422.2783411757,0.1017274472168906,0.15162498112371214,5,36,
6:0:3:8:7:1:2:0:9,5672.0,6.465380159444269,691.1999999999999,373.72612614092884,493112.97596207866,0.14779270633397312,0.23371714389544532,6,34,
6:0:3:8:7:1:3:0:9,6312.0,7.124057465691092,737.1999999999996,374.0678792501188,487855.87274468876,0.16026871401151632,0.3081799073210027,5,38,
6:0:3:8:8:0:0:0:9,6132.0,6.9208703973937045,701.5999999999999,377.9469540842404,509296.9971278357,0.06333973128598848,0.0519448780050819,4,37,
6:0:3:8:8:0:1:0:9,6280.0,7.0179051052602945,657.1999999999998,375.45711968122674,503174.9961565016,0.0710172744721689,0.10668684695926939,3,38,
6:0:3:8:8:0:2:0:9,5624.0,6.531702890805905,803.5999999999998,378.4344122197537,500932.75348182523,0.07581573896353166,0.21040910096274712,3,34,
6:0:3:8:8:1:0:0:9,6000.0,6.881749488214651,786.1999999999998,384.5829667196669,517129.4926828038,0.10556621880998081,0.07408861185837722,6,36,
6:0:3:8:8:1:1:0:9,5672.0,6.583317457784641,810.1999999999999,377.61679101159626,506209.46141998464,0.11324376199616124,0.1040678977774295,6,34,
6:0:3:8:8:1:2:0:9,5820.0,6.729914846994053,817.5999999999997,374.9712705678028,496537.04334044666,0.1238003838771593,0.2075675346030265,5,35,
6:0:3:8:9:0:0:0:9,6068.0,6.96252522200429,775.1999999999999,411.7512813284701,557447.888567775,0.0,0.0,0,37,
6:0:3:9:9:0:0:0:9,5904.0,6.77007077205717,734.8,415.61374448357077,562677.0694546805,0.0,0.0,0,36,
6:0:3:9:9:0:1:0:9,6264.0,7.179147371125104,791.9999999999999,424.67156071235837,569368.6434708497,0.03742802303262956,0.10272489346148307,2,38,
6:0:3:9:9:1:1:0:9,5788.0,6.713206425619116,785.5999999999997,421.56109549512007,564721.315293767,0.10076775431861804,0.11068864937048274,3,35,
6:0:4:6:6:1:2:0:9,5704.0,6.626937669210644,884.5999999999998,316.6690513174919,416013.87624280906,0.18234165067178504,0.2632871237322384,8,34,
6:0:4:6:6:1:3:0:9,5540.0,6.451501942659333,856.1999999999997,326.26502425102535,424403.5475879014,0.17370441458733205,0.32303399046048686,8,33,
6:0:4:6:6:2:3:1:9,5916.0,6.800609671492984,842.5999999999999,327.63527769568833,426048.05316601775,0.2476007677543186,0.32483562071453215,11,35,
6:0:4:6:6:2:4:1:9,5736.0,6.73092158429502,948.5999999999997,329.020290835411,420248.1859536094,0.2763915547024952,0.41226152135200406,10,34,
6:0:4:6:6:3:4:0:9,5556.0,6.519148105673557,909.1999999999999,327.75232611184657,418411.60597183334,0.30518234165067176,0.414475367031044,9,33,
6:0:4:6:7:2:2:1:9,5572.0,6.452041581451925,820.5999999999998,330.4273278729066,435268.41601221025,0.2236084452975048,0.24510784785559525,10,33,
6:0:4:7:6:2:3:1:9,5572.0,6.467145032353434,835.0,331.76512371227824,431949.42760082503,0.22264875239923224,0.31793942699393773,10,33,
6:0:4:7:6:2:4:0:9,5556.0,6.601033821801112,984.1999999999998,338.0772423167585,432605.5383740321,0.2591170825335892,0.4043414173418912,9,33,
6:0:4:7:7:0:1:0:9,6000.0,6.989766804599956,928.3999999999997,354.93701039315414,474955.3482676498,0.0873320537428023,0.12074617294764532,6,36,
6:0:4:7:7:1:1:0:9,5672.0,6.701402405635163,958.9999999999998,351.8613066718395,470357.8205711697,0.1199616122840691,0.13002131253296936,6,34,
6:0:4:7:7:1:2:0:9,5556.0,6.598600578303591,974.3999999999999,345.3418025923418,457737.7782381176,0.1785028790786948,0.20034618378008492,9,33,
6:0:4:7:7:1:3:0:9,5540.0,6.482645969334065,870.8000000000001,344.1171000460953,448673.42971021653,0.1928982725527831,0.3097429196302642,8,33,
6:0:4:7:7:2:1:0:9,5704.0,6.704998999571774,921.8000000000001,360.80895755378765,478400.46335348603,0.20153550863723607,0.1977574129461642,8,34,
6:0:4:7:7:2:2:0:9,5884.0,6.756585857879006,820.3999999999999,335.9624639099244,443009.1923866341,0.20633397312859886,0.23809196847118497,9,35,
6:0:4:7:7:2:3:1:9,5752.0,6.747605180331326,944.8,334.2045979052416,435762.513263478,0.2380038387715931,0.30956495455984495,11,34,
6:0:4:7:8:0:1:0:9,5788.0,6.73220733178286,855.9999999999998,370.96003971773973,497420.37983401166,0.05470249520153551,0.10149507799371696,3,35,
6:0:4:7:8:1:1:0:9,6000.0,7.01784168448999,943.4000000000001,369.1910352385687,494957.79649346985,0.15738963531669867,0.10323591238228612,6,36,
6:0:4:8:7:1:2:0:9,5688.0,6.640167484509336,857.3999999999999,373.6545188587278,492567.2652235157,0.15355086372360843,0.24012078317323562,7,34,
6:0:4:8:8:0:0:0:9,6068.0,7.017071783838598,854.8000000000001,388.98879875981913,526630.9890902167,0.0,0.0,0,37,
6:0:4:8:8:0:1:0:9,5952.0,6.971947246842847,939.1999999999997,373.5690312102458,500821.43260223477,0.07677543186180422,0.10334491096786624,3,36,
6:0:4:8:8:0:2:0:9,5968.0,6.986500286134512,932.0000000000001,379.9332981521615,502977.58485897427,0.09404990403071017,0.20950683929230968,4,36,
6:0:4:8:8:1:0:0:9,6148.0,7.133861613332118,894.7999999999996,390.68380109206777,524180.4349872381,0.1017274472168906,0.09577410323349368,5,37,
6:0:4:8:8:1:1:0:9,5656.0,6.648854997418147,893.9999999999997,378.1069073097096,506616.3900529261,0.11516314779270634,0.10872569836128257,5,34,
6:0:4:8:8:1:2:0:9,5820.0,6.90386045166707,997.7999999999995,376.022590637088,497960.3689727096,0.1238003838771593,0.20709711120183602,5,35,
6:0:4:8:9:0:0:0:9,6232.0,7.173918060635218,831.9999999999998,411.2226191818971,556732.161353953,0.0,0.0,0,38,
6:0:4:9:9:0:0:0:9,6396.0,7.450132889403246,952.3999999999999,414.63847075818273,561356.6988726166,0.0,0.0,0,39,
6:0:4:9:9:0:1:0:9,5624.0,6.629438012444451,856.0,427.87440896711826,568140.0712167332,0.09980806142034548,0.1865490526374899,3,34,
6:0:4:9:9:1:1:0:9,5968.0,6.9949060238836305,903.5999999999996,417.09207688674405,557566.093727256,0.10844529750479846,0.1298652159884901,4,36,
6:0:5:7:6:2:4:1:9,5572.0,6.6386245804217765,1014.3999999999996,331.0468127994923,422513.030134554,0.27735124760076774,0.41552406696304095,10,33,
6:0:5:7:7:0:1:0:9,5672.0,6.78818171851024,1057.9999999999998,343.2853506876713,459180.7935894578,0.0873320537428023,0.12437831875841769,6,34,
6:0:5:7:7:0:2:0:9,6148.0,7.253870525684131,1040.2,370.33308776286464,490327.4445944488,0.09884836852207293,0.20860354230123443,5,37,
6:0:5:7:7:1:1:0:9,5672.0,6.7473439476250725,1005.1999999999997,353.53239342532567,469313.226467869,0.1401151631477927,0.18846284416637374,6,34,
6:0:5:7:7:1:2:0:9,5540.0,6.6251201844332845,1013.0,350.37523217948234,464209.0504480959,0.14299424184261036,0.2036308029978295,8,33,
6:0:5:7:7:1:3:0:9,5540.0,6.6274463027395045,1029.1999999999996,336.59904745456396,439279.5143261476,0.19001919385796545,0.30431896889176113,8,33,
6:0:5:7:7:2:2:1:9,5572.0,6.643356348018042,1012.0,338.3773146347994,444510.10556682636,0.20057581573896352,0.2636154248850557,10,33,
6:0:5:7:7:2:3:0:9,5688.0,6.8736526749115265,1122.8,351.54608725781026,456566.2544476014,0.21017274472168906,0.33175428528938294,7,34,
6:0:5:7:8:0:0:0:9,5656.0,6.912964535809705,1176.1999999999998,371.10904631371227,497717.7707829915,0.09309021113243762,0.0996213023831222,5,34,
6:0:5:8:7:1:2:0:9,6164.0,7.274666165518494,1042.9999999999998,373.2021444702702,489747.0776014046,0.16794625719769674,0.27037176057039297,6,37,
6:0:5:8:8:0:0:0:9,5788.0,6.893015511501847,1016.4000000000002,378.122162984924,509975.42171944404,0.0508637236084453,0.04269167826076945,3,35,
6:0:5:8:8:0:1:0:9,6100.0,7.236890295783397,1063.0,377.83968820629957,506380.75351533317,0.04798464491362764,0.10644987231526366,2,37,
6:0:5:8:8:1:1:0:9,5984.0,7.18030615955891,1114.3999999999999,383.47901826038475,513972.0423593056,0.1017274472168906,0.10583513288981154,5,36,
6:0:5:8:8:1:2:0:9,5656.0,6.754725249265065,1008.3999999999999,374.0237097341982,495254.1917503356,0.1238003838771593,0.20799336484743935,5,34,
6:0:5:8:9:0:0:0:9,6068.0,7.268584301436736,1092.1999999999998,413.6648420970785,560038.5554545064,0.0,0.0,0,37,
6:0:5:9:9:0:0:0:9,6068.0,7.32832239700868,1153.4,414.711937683045,561456.1617862763,0.0,0.0,0,37,
6:0:6:7:7:0:1:0:9,5656.0,6.940413046548602,1212.3999999999999,363.5103945036439,487430.36525551433,0.09309021113243762,0.10151041800824898,5,34,
6:0:6:8:8:0:0:0:9,5740.0,7.065971796027624,1221.8000000000002,400.94261146078435,542814.6124392155,0.0,0.0,0,35,
6:0:6:9:9:0:0:0:9,5576.0,6.929205325411498,1221.2,423.0319490787816,572720.1772143502,0.0,0.0,0,34,
7:0:0:6:6:2:2:1:9,6916.0,7.145008602557464,212.0000000000001,317.0989638648783,415789.94523267506,0.21497120921305182,0.27549496086073544,12,41,
7:0:0:7:7:1:1:1:9,7212.0,7.443109445042488,191.4,352.3200417342733,468139.67360407836,0.16218809980806143,0.18108000161300178,10,43,
7:0:0:7:7:1:2:1:9,7080.0,7.30537829955252,198.60000000000002,333.6041881337247,440846.8451092574,0.19577735124760076,0.22280636315390112,12,42,
7:0:0:7:7:2:2:1:9,7096.0,7.320688068433401,190.80000000000004,341.3569673076035,451117.10560741613,0.23704414587332054,0.2224013691057369,13,42,
7:0:0:8:8:0:0:0:9,7248.0,7.602225674247701,267.0,406.51915256610505,547975.5460850187,0.04030710172744722,0.048529731865824245,2,44,
7:0:0:8:8:1:1:0:9,7148.0,7.490046772121213,272.00000000000017,384.62873655030376,515714.40177334024,0.12092130518234165,0.10212957949625161,6,43,
7:0:1:6:6:1:2:1:9,7080.0,7.4077825287826755,310.20000000000005,328.70939499154815,432540.22334616346,0.19577735124760076,0.2524060724492725,12,42,
7:0:1:6:6:2:2:1:9,6424.0,6.8026046266015205,340.40000000000003,323.9140209187845,427198.61756408995,0.2399232245681382,0.23683581284652921,12,38,
7:0:1:6:6:2:3:1:9,6456.0,6.837276039132237,375.6,292.84163277579074,380061.4703007878,0.24280230326295585,0.3355031189857751,14,38,
7:0:1:7:7:1:1:0:9,6836.0,7.255562276279726,362.99999999999983,361.29589188347353,482938.89485703356,0.14299424184261036,0.13059292745095824,7,41,
7:0:1:7:7:1:2:1:9,6736.0,7.151478041937169,373.20000000000005,342.6401196985311,453149.60997586884,0.19961612284069097,0.2169777233256651,11,40,
7:0:1:7:7:2:1:1:9,6900.0,7.2268766017555635,278.40000000000003,352.0054190292978,467127.6408556218,0.21976967370441458,0.1911210806445372,11,41,
7:0:1:7:7:2:2:1:9,6440.0,6.7874280650115555,296.80000000000007,335.70004374203995,442989.58996308304,0.2591170825335892,0.23291856555795634,13,38,
7:0:1:7:7:2:3:0:9,6540.0,7.031893333850853,442.59999999999985,344.6328538725897,448137.36986517906,0.263915547024952,0.32500745561204,9,39,
7:0:1:8:8:0:0:0:9,6640.0,7.160104564233414,429.2,391.62895593121846,526045.5088774087,0.08829174664107485,0.08468570920954903,5,40,
7:0:1:8:8:0:1:0:9,6756.0,7.198095725795398,346.7999999999999,397.61574627880464,532309.3794621731,0.052783109404990404,0.11653277013884557,2,41,
7:0:1:8:8:1:0:0:9,6984.0,7.431966894821795,374.20000000000016,385.9095044043109,517918.114799261,0.1276391554702495,0.0930944058007296,6,42,
7:0:1:8:8:1:1:0:9,6968.0,7.420635985717712,369.2,395.10269711785577,529450.8149854849,0.11708253358925144,0.1076215471709885,5,42,
7:0:1:8:9:0:0:0:9,7216.0,7.738763903947889,436.2,411.59198791370005,557232.2297908557,0.0,0.0,0,44,
7:0:1:9:9:0:0:0:9,7216.0,7.702748666610334,391.59999999999997,418.6641106079675,566806.7959000177,0.0,0.0,0,44,
7:0:1:9:9:0:1:0:9,6592.0,7.161844948096927,454.3999999999999,416.2424359169978,557527.0515877269,0.052783109404990404,0.11185140244187174,2,40,
7:0:2:7:7:0:1:0:9,6476.0,7.138670616162827,600.6,361.8947820416654,481091.52400591725,0.09788867562380038,0.17724727732767556,5,39,
7:0:2:7:7:1:1:0:9,6492.0,7.132636751253086,582.3999999999999,357.8074948057164,478710.20088777185,0.11900191938579655,0.12239202045499958,6,39,
7:0:2:7:7:1:2:0:9,6476.0,7.154882901535334,613.8000000000001,365.5879833998181,484393.14930760884,0.10748560460652591,0.2031788059532426,5,39,
7:0:2:7:7:2:2:0:9,6688.0,7.220938041104924,488.3999999999998,347.8174388313307,455169.6098849847,0.22264875239923224,0.2878108859916101,8,40,
7:0:2:7:8:1:1:0:9,6968.0,7.490010549164587,465.19999999999993,371.3909922295003,494812.8004259938,0.11708253358925144,0.1589627286440141,5,42,
7:0:2:8:7:0:2:0:9,6460.0,7.116849285366983,581.7999999999998,373.9569553523963,494223.034671987,0.09500959692898273,0.22205337598753522,4,39,
7:0:2:8:7:1:2:0:9,6624.0,7.260721492761314,568.4,373.271795457289,492116.63004998345,0.11420345489443379,0.2393602817527386,4,40,
7:0:2:8:8:0:0:0:9,6412.0,7.043829799352632,542.0,385.67065092544294,521482.56578717654,0.016314779270633396,0.01450808059783322,1,39,
7:0:2:8:8:0:1:0:9,6640.0,7.291776686676035,582.8,375.2313075164284,502741.7520685747,0.07581573896353166,0.10913068835709076,5,40,
7:0:2:8:8:1:1:0:9,6820.0,7.466801869643632,580.8000000000001,379.6075481686648,507242.03293853847,0.14107485604606526,0.13365090492987244,6,41,
7:0:2:8:9:0:0:0:9,6888.0,7.467302257672019,480.99999999999994,411.9289524942434,557688.4279922066,0.0,0.0,0,42,
7:0:2:9:8:0:1:0:9,6772.0,7.469749984974778,595.8000000000001,415.67948434371914,554675.6972384824,0.09404990403071017,0.14577630258060623,3,41,
7:0:2:9:9:0:0:0:9,7216.0,7.844777376274117,543.5999999999999,414.6580260776308,561383.1737666387,0.0,0.0,0,44,
7:0:2:9:9:0:1:0:9,6592.0,7.209466087052957,501.2,419.06366270918124,561346.558629452,0.052783109404990404,0.11117495514166133,2,40,
7:0:3:7:7:0:1:0:9,6492.0,7.210201055408013,654.5999999999998,366.42949973515005,490518.95846872695,0.09309021113243762,0.11728016059456348,6,39,
7:0:3:7:7:1:1:0:9,6640.0,7.47133009596926,776.5999999999997,368.52595999996964,491938.40961385664,0.1276391554702495,0.14253156134133757,5,40,
7:0:3:7:7:1:2:0:9,6508.0,7.332491214729696,771.3999999999999,361.0558457483436,477721.6241341988,0.15738963531669867,0.21363112218835317,7,39,
7:0:3:7:8:1:1:0:9,6640.0,7.505746103715185,808.7999999999997,372.18744007122274,495500.5812092739,0.13531669865642995,0.16525174383261915,5,40,
7:0:3:8:7:1:3:0:9,6476.0,7.262559078588097,717.5999999999998,373.98655988879807,487932.34911511664,0.18042226487523993,0.30599844428368056,5,39,
7:0:3:8:8:0:0:0:9,6888.0,7.644979901663713,681.5999999999999,396.4690575335891,536758.1086608589,0.0,0.0,0,42,
7:0:3:8:8:0:1:0:9,6444.0,7.16427408309575,647.3999999999999,373.77359458577126,500895.7621811157,0.0710172744721689,0.10712030332005816,3,39,
7:0:3:8:8:1:0:0:9,6476.0,7.355040673316101,798.4,389.5523815953781,522798.43916966993,0.10940499040307101,0.09325549289922067,5,39,
7:0:3:8:8:1:1:0:9,6656.0,7.387179998369252,666.9999999999999,374.44155830076045,501412.82358104904,0.1218809980806142,0.11416963813440391,6,40,
7:0:3:8:8:1:2:0:9,6460.0,7.300471807577612,748.9999999999998,398.09162349587166,526382.7665220659,0.12476007677543186,0.21840868902005287,4,39,
7:0:3:8:9:0:0:0:9,6560.0,7.345683327607526,683.0000000000001,411.2020273670422,556704.283204611,0.0,0.0,0,40,
7:0:3:9:8:0:1:0:9,6412.0,7.260619861158084,737.9999999999999,415.56589532672336,555222.1037038123,0.053742802303262956,0.13474658508463377,1,39,
7:0:3:9:9:0:0:0:9,6888.0,7.698316201892578,719.0,414.6454823720669,561366.1915191062,0.0,0.0,0,42,
7:0:4:7:7:1:1:0:9,6476.0,7.371849830462827,844.9999999999998,360.4675233422652,478158.5160011328,0.11036468330134357,0.19435399522965302,5,39,
7:0:4:7:7:1:2:0:9,6460.0,7.352405021842911,837.8,363.4060327603124,477436.52679657214,0.1813819577735125,0.2629658302039687,4,39,
7:0:4:8:8:0:0:0:9,6560.0,7.533996541382776,897.1999999999997,393.2243961208528,532365.3362866931,0.0,0.0,0,40,
7:0:4:8:8:0:1:0:9,6492.0,7.393930708816095,819.9999999999997,392.47579858637033,525944.6330055023,0.0892514395393474,0.10737180734720374,6,39,
7:0:4:8:8:1:1:0:9,6492.0,7.421270660357953,847.9999999999995,392.96402809298746,524150.27078754554,0.1238003838771593,0.14930323019370986,6,39,
7:0:4:8:9:0:0:0:9,6724.0,7.6516415962116495,837.9999999999997,411.01054325253847,556445.0431726677,0.0,0.0,0,41,
7:0:4:9:9:0:0:0:9,6724.0,7.756035346768851,942.9999999999998,414.78883133314224,561560.2639587157,0.0,0.0,0,41,
7:0:4:9:9:0:1:0:9,6412.0,7.35739288833605,836.1999999999998,418.2033896461646,558792.8652439788,0.053742802303262956,0.13400091761763253,1,39,
7:0:5:8:8:0:1:0:9,6592.0,7.682094867566153,1015.7999999999997,396.9428520039317,531757.8467362715,0.053742802303262956,0.11042446255405168,2,40,
7:0:5:9:9:0:0:0:9,6560.0,7.677035376280598,1020.1999999999998,419.2708620843829,567628.244052703,0.0,0.0,0,40,
8:0:0:7:7:0:1:0:9,7968.0,8.148578330794297,154.00000000000006,368.8186206876579,492354.3717815379,0.07869481765834933,0.14208309390849924,6,48,
8:0:0:7:7:1:1:1:9,7376.0,7.588022222875834,186.60000000000002,344.1191562366184,456412.9287307375,0.15642994241842612,0.19536404100632998,10,44,
8:0:0:7:7:1:2:1:9,7392.0,7.604394998064077,188.4,343.3795879827688,454111.34032653924,0.17562380038387715,0.2172401531171941,11,44,
8:0:0:8:8:0:0:0:9,7772.0,8.038430790042543,210.00000000000009,394.04488322433065,530145.3882659357,0.07389635316698656,0.06847453907430388,4,47,
8:0:0:8:8:0:1:0:9,7608.0,7.90011739207407,216.60000000000008,407.3223225411799,545293.1478517582,0.08829174664107485,0.11671804771208785,4,46,
8:0:0:8:8:1:1:0:9,7804.0,8.09209431660957,253.00000000000017,374.96227790717285,501348.30200107564,0.1036468330134357,0.12805298547046712,6,47,
8:0:0:8:9:0:0:0:9,7904.0,8.165006292485941,191.0000000000001,412.93655677034894,557903.7926107296,0.03838771593090211,0.023524661928314827,2,48,
8:0:0:9:9:0:0:0:9,8052.0,8.306407084746224,185.80000000000013,417.4761823055665,564624.1354591266,0.02015355086372361,0.011762330964157413,1,49,
8:0:1:7:7:0:1:0:9,7492.0,7.851080713207872,328.00000000000017,360.82610316260207,480438.42322211666,0.09980806142034548,0.16415596833202678,7,45,
8:0:1:7:7:1:1:0:9,7344.0,7.709679920947586,333.2000000000001,356.28647762738444,473718.08037371974,0.118042226487524,0.17584770277516937,8,44,
8:0:1:7:7:1:2:1:9,7376.0,7.690293522979299,293.80000000000007,343.4858509444293,454414.9020651949,0.16026871401151632,0.2145983123964383,10,44,
8:0:1:8:8:0:0:0:9,7576.0,7.995601964175076,356.59999999999997,398.81724667042994,537512.7285451052,0.04702495201535509,0.05012779002503089,2,46,
8:0:1:8:8:0:1:0:9,7444.0,7.81094776984089,299.6000000000001,395.40757617420695,529888.1022905107,0.09596928982725528,0.10711071706129618,4,45,
8:0:1:8:8:1:1:0:9,7656.0,8.02478963818642,329.2,376.6308029902483,503078.1756468706,0.14299424184261036,0.1369323875733417,7,46,
8:0:1:9:9:0:0:0:9,7708.0,8.141220235937915,357.9999999999999,417.151485847307,564758.934685585,0.0,0.0,0,47,
8:0:2:8:8:0:0:0:9,7544.0,8.125133376668908,519.9999999999999,402.3889784890029,544772.7708774193,0.0,0.0,0,46,
8:0:2:8:8:0:1:0:9,7412.0,8.08529546340997,610.3999999999996,402.4778728731901,539744.1497804071,0.046065259117082535,0.1004070812738879,2,45,
8:0:2:8:8:1:1:0:9,7280.0,7.851392631651055,500.6000000000001,400.5511221803995,533367.828276671,0.10268714011516315,0.1635991281243828,4,44,
8:0:2:8:9:0:0:0:9,7380.0,7.991048830634965,534.8,411.8728815216334,557612.5165215963,0.0,0.0,0,45,
8:0:2:9:9:0:0:0:9,7380.0,7.936759471015355,474.59999999999997,415.5033687980005,562527.6377572933,0.0,0.0,0,45,
8:0:3:9:9:0:0:0:9,7380.0,8.10821933599833,650.1999999999996,418.5645481102591,566672.003595428,0.0,0.0,0,45,
9:0:0:8:8:0:0:0:9,8232.0,8.47239569448985,185.2000000000001,411.0363136584215,554822.362105029,0.03550863723608445,0.033774004826641786,2,50,
9:0:0:9:9:0:0:0:9,8364.0,8.603425386372498,180.4000000000001,420.36925260014317,569115.2958278864,0.0,0.0,0,51,
9:0:1:9:9:0:0:0:9,8692.0,9.021916902986812,280.4,428.43741291225894,580038.3436350581,0.0,0.0,0,53,
