FixedVehCost,CostperDel,StaffCost,VehRunCost,Emissions,DelsByCycle,DistByCycle,Cycles,Vans
228.0,2.417409597369464,468.0,408.7561859978449,498138.9008465899,0.6061269146608315,0.5647966202617856,4,1,
228.0,2.1431567709863972,527.2,224.22264434078338,225479.18605455008,0.7045951859956237,0.8020479116974742,4,1,
244.0,2.8652793995032337,599.4000000000001,466.03268557297775,574410.9901343203,0.5426695842450766,0.5351759866666417,5,1,
260.0,2.6241141068335607,631.0,308.2201468229372,356088.826909701,0.5207877461706784,0.6678451482062824,6,1,
260.0,2.604687147603263,648.8000000000001,281.54202645469127,317901.1845732708,0.6039387308533917,0.6995498677042113,6,1,
260.0,2.395405996558998,661.0,173.70054042746216,164758.36555758325,0.75054704595186,0.8333252159263448,6,1,
260.0,2.2492799542834083,653.4000000000001,114.52093910751752,67289.92702328521,0.8336980306345733,0.9384923716747322,6,1,
260.0,2.6243024451195187,777.2,162.10621741961998,120428.89827439327,0.8708971553610503,0.9058541161907552,6,1,
292.0,2.532953596608078,573.0,292.55979364989173,344698.16840711364,0.5951859956236324,0.6355781280246015,8,1,
276.0,2.522869046435329,585.6,291.35115422094503,336782.5440306002,0.6695842450765864,0.6670230698594238,7,1,
276.0,3.1033492848990574,876.0,266.2306231988691,283175.7721565209,0.649890590809628,0.7614583136613553,7,1,
292.0,2.4299444015511495,646.8,171.68459150887546,164758.36555758325,0.75054704595186,0.8277612032630859,8,1,
128.0,2.2621793537409607,833.8,72.01596465961927,0.0,1.0,1.0,8,0,
128.0,2.246923539812913,821.8000000000001,77.04405769450106,0.0,1.0,1.0,8,0,
292.0,2.723708785642538,851.0000000000001,101.73491503863963,47710.709452524956,0.9015317286652079,0.9566650958918002,8,1,
276.0,2.4054219101629237,717.8000000000001,105.47781294445608,57692.219858038545,0.8533916849015317,0.9452355846141187,7,1,
292.0,2.5614954899040367,753.6,125.00343888614472,82209.83457206542,0.8949671772428884,0.9252915811393938,8,1,
292.0,2.3711978298700784,642.2000000000002,149.43740825062582,126886.81212826987,0.8227571115973742,0.8742947738700788,8,1,
404.0,3.289925448929064,693.0000000000001,406.49593016058225,495717.5450249382,0.6039387308533917,0.5631358350407905,15,1,
308.0,2.567964537527115,573.0,292.55979364989173,344698.16840711364,0.5951859956236324,0.6355781280246015,9,1,
388.0,2.7480883217869563,632.6,235.2763630566389,261048.03776003304,0.5339168490153173,0.7203746574359411,14,1,
452.0,3.1650912710165526,718.5999999999999,275.84671085456455,312887.0172308203,0.5601750547045952,0.6937047072728549,18,1,
340.0,2.559511918328818,658.1999999999999,171.49694667626994,179667.6751534104,0.7986870897155361,0.7737375316117749,11,1,
356.0,2.4947982512193185,614.8000000000002,169.3228008072284,174585.56696449654,0.7636761487964989,0.7855234185328042,12,1,
420.0,3.222878810458981,806.2,246.65561637975432,276704.4109182916,0.7199124726477024,0.7075895719292294,16,1,
436.0,2.6997110759956,722.2000000000002,75.56796172998897,35505.15368004567,0.7855579868708972,0.9565468991491559,17,1,
340.0,2.667141423619521,784.2000000000002,94.683630594121,43832.525378383485,0.7943107221006565,0.957476380835859,11,1,
468.0,2.879739650072667,764.5999999999999,83.44102008320901,47186.80912358981,0.7943107221006565,0.9422301536691744,19,1,
500.0,3.114289985394668,845.4000000000002,77.83052332536312,35774.519618106,0.7921225382932167,0.9579147128567617,21,1,
324.0,2.5183684347227047,719.6000000000001,107.29437466827581,69077.7362522537,0.7680525164113785,0.9280748264565296,10,1,
420.0,2.4998563621083756,633.2,89.23435748352772,58485.592955997905,0.7855579868708972,0.9257492104673885,16,1,
564.0,3.0964170571494014,759.1999999999999,91.86259511727673,53717.89342039966,0.7855579868708972,0.9389792705978023,25,1,
340.0,2.6609476740818785,751.8000000000001,124.25308705541829,97304.67898180855,0.7177242888402626,0.8950337090344344,11,1,
420.0,2.5134796024318917,626.2000000000002,102.4601783113743,81846.78420873206,0.7921225382932167,0.8904632781954687,16,1,
516.0,3.102072251346444,791.4000000000001,110.2470188653246,81557.37717351332,0.7636761487964989,0.906647415811933,22,1,
340.0,2.578794644278164,671.8,166.70915243512115,167946.1572067657,0.7789934354485777,0.8009288948358072,11,1,
388.0,2.533299788866416,637.1999999999999,132.51800351195214,124283.04308764679,0.7899343544857768,0.8384374723204107,14,1,
468.0,3.1332479235031885,816.8000000000001,147.0943010409572,132675.8597796977,0.75054704595186,0.8542571302042536,19,1,
304.0,2.4449751730884466,766.1999999999999,47.15365410142004,0.0,1.0,1.0,19,0,
400.0,2.4983243070670107,694.5999999999999,47.134208329624016,0.0,1.0,1.0,25,0,
320.0,2.704582129446463,859.0000000000001,56.99403315703354,0.0,1.0,1.0,20,0,
420.0,2.680551096121492,740.0,65.01185092752182,23549.871846482336,0.8840262582056893,0.9697226176215364,16,1,
336.0,3.1527469100822105,1043.4,61.40533790757021,0.0,1.0,1.0,21,0,
484.0,3.1475949797926654,885.8,68.650905765248,24696.688503522088,0.9693654266958425,0.9699982809339868,20,1,
340.0,2.715789642351811,818.2,82.9158665547775,22535.70555718192,0.949671772428884,0.9789828914387301,11,1,
452.0,2.8625978597200246,780.2,76.00722189205109,24696.688503522088,0.9693654266958425,0.9737185346071587,18,1,
304.0,3.1193512918450823,1045.2,76.34354037320269,0.0,1.0,1.0,19,0,
628.0,3.2843226288890723,796.8,76.13544140230617,24696.688503522088,0.9693654266958425,0.9737752148995277,29,1,
468.0,2.823080249138026,749.6000000000001,72.54767385607755,38672.29914785236,0.9321663019693655,0.9474104962515703,19,1,
500.0,3.1580579780337006,868.3999999999999,74.83249596140135,34806.57537879876,0.9671772428884027,0.9571830802557352,21,1,
340.0,2.5159885448275734,729.2000000000002,80.60676498620089,34887.16431345915,0.936542669584245,0.9613874377300622,11,1,
420.0,2.7264385730938017,745.0,80.98242790386733,49324.46037690563,0.8424507658643327,0.9346687177025382,16,1,
532.0,3.1163516641053244,813.8,78.37271049613342,40983.59320699939,0.9431072210065645,0.9489554993092613,23,1,
340.0,2.461184925660643,682.0000000000001,102.7615110269138,63334.255135932915,0.8315098468271335,0.9333369806366799,11,1,
420.0,2.729938158695438,737.2,90.381738523815,67652.54649797111,0.8336980306345733,0.9044137599611445,16,1,
516.0,3.1138934419349704,820.2,86.8493029642814,56271.019525878,0.8949671772428884,0.9272601795945677,22,1,
340.0,2.55182121711406,720.6,105.58229622112545,76313.84573385867,0.811816192560175,0.9108342927500727,11,1,
468.0,2.6417100241047975,627.0000000000001,112.2614810158924,95713.02817861029,0.862144420131291,0.8730752082306902,19,1,
516.0,3.168316359137979,824.4,107.52057612605638,76335.06482738385,0.8577680525164114,0.9138761629071103,22,1,
340.0,2.4181321846026504,628.2,136.8864083634112,118942.71042169812,0.8271334792122538,0.8671912168466762,11,1,
388.0,2.515275094679905,627.8000000000001,133.68071826871653,125785.24828073113,0.8293216630196937,0.8369813638064435,14,1,
436.0,3.097647351383501,844.7999999999998,134.82483958225993,113334.79987033622,0.9168490153172867,0.8772028310035016,17,1,
492.0,3.04267580634479,217.2,681.302843499569,922379.2342763396,0.0,0.0,0,3,
508.0,2.8434752727119252,247.80000000000004,543.6681996293498,733118.5113066692,0.0087527352297593,0.04459283863288522,1,3,
492.0,3.1402063383568906,286.6,656.4742966290992,888765.201590165,0.0,0.0,0,3,
508.0,3.0375726988943077,371.40000000000003,508.7707233946985,684401.2653919149,0.0437636761487965,0.06989810641852948,1,3,
508.0,3.1437448304621065,369.6,559.0913875211826,750197.4589701463,0.0787746170678337,0.09494246010979904,1,3,
360.0,2.8877338659529617,292.40000000000003,667.2943767405034,886670.7031170812,0.2778993435448578,0.18095490524800392,2,2,
344.0,2.778868779261202,330.40000000000003,595.5430321223691,792792.2177525759,0.2363238512035011,0.16594271365369603,1,2,
524.0,3.15138484659497,380.2,535.9828748939012,715337.045407965,0.2013129102844639,0.144192768931788,2,3,
508.0,2.815327114382753,279.0,499.6044912729181,661922.3020307907,0.09846827133479212,0.20362250639277804,1,3,
344.0,2.5282221026483023,342.0,469.3975009102743,611701.5914303649,0.0962800875273523,0.3127329775472404,1,2,
508.0,2.685132987719181,310.40000000000003,408.7057753876656,541124.9268692925,0.15973741794310722,0.20872292680712043,1,3,
524.0,3.1511505305277203,469.40000000000003,446.67579245116815,582727.1940019758,0.1925601750547046,0.3064122151587973,2,3,
524.0,2.917103319681979,424.20000000000005,384.9162170946646,505155.67909177643,0.3150984682713348,0.26990824350918063,2,3,
344.0,3.1337144361122053,347.4,740.7074973032776,980494.4157004901,0.23851203501094093,0.2102445610954737,1,2,
524.0,3.1068298463247754,395.20000000000005,500.6212397704224,659847.0846766926,0.2647702407002188,0.24109854083436844,2,3,
360.0,2.646544662540228,374.00000000000006,475.47091078088414,616119.4726370425,0.4814004376367615,0.34384235865162693,2,2,
524.0,3.225378303582239,440.40000000000003,509.5978847370831,660873.835634463,0.41575492341356673,0.33957555212712687,2,3,
524.0,3.0341012677857604,477.4000000000001,385.18427937809236,493036.83934900264,0.17067833698030635,0.4029764705866761,2,3,
508.0,2.811004840965704,296.6,480.02921232132644,608270.6008095082,0.26258205689277897,0.4445865906882008,1,3,
524.0,2.9190947083880414,464.79999999999995,345.22628173333493,440957.3909427742,0.3150984682713348,0.4121667130493048,2,3,
524.0,3.1758140930066547,460.0,467.34704050404105,593778.0868373078,0.3238512035010941,0.43414762876070984,2,3,
524.0,2.5665971590963625,382.6,266.3349017070375,331124.6511733596,0.4442013129102845,0.5099611902381168,2,3,
540.0,2.832772197845717,293.6,460.97689441549267,609976.3162603427,0.19693654266958424,0.21306317164963443,3,3,
540.0,3.082837456958118,461.0,407.8567178298599,527660.0191798132,0.1838074398249453,0.3521575686297275,3,3,
540.0,3.3087242750100514,474.6,497.48699367959335,652836.0614971794,0.19037199124726478,0.2704504311451038,3,3,
556.0,2.9011874495378964,437.20000000000005,332.6426644388187,429335.34641098254,0.35667396061269147,0.3641092907185824,4,3,
540.0,3.1254242061474256,487.4000000000001,400.91886220937334,514735.7061405354,0.22319474835886213,0.38931515275719275,3,3,
376.0,2.7013704100203184,433.8,424.72627737928553,545257.893037575,0.43544857768052514,0.3896854971552886,3,2,
540.0,3.0367615030458786,473.80000000000007,374.0000068919665,472933.00937760505,0.17286652078774617,0.4524824586720082,3,3,
540.0,2.8985338754780776,471.20000000000005,313.4299810934814,394074.2411396202,0.3347921225382932,0.47325891674493265,3,3,
540.0,3.150702694799235,531.8000000000001,368.0711315232503,464974.93550514686,0.28665207877461707,0.45617915172551565,3,3,
556.0,2.9145020084273052,444.4,331.5274178512785,417996.30262550764,0.45951859956236324,0.4633049181179502,4,3,
540.0,3.124718666604391,552.1999999999999,335.7964306382067,418011.5492129014,0.40043763676148797,0.5060669294427941,3,3,
556.0,2.894443576917381,512.6,254.16071465124298,302873.341944425,0.36323851203501095,0.6142531826157087,4,3,
392.0,3.1148050513172074,669.8000000000001,361.6659084519637,431909.8420641363,0.37636761487964987,0.6099618035466945,4,2,
540.0,3.003304171855874,583.4000000000001,249.1100065381342,294590.313573937,0.4310722100656455,0.6288794983430542,3,3,
556.0,3.2030145738728617,639.6,268.17766025989795,313806.8690663887,0.4551422319474836,0.6474874818778152,4,3,
392.0,2.6045134253600173,571.8000000000001,226.46263538952786,245997.23716349705,0.6477024070021882,0.7424106514803147,4,2,
556.0,3.2473437735766564,646.8,281.23610452453204,323829.0358622347,0.6345733041575492,0.6728369144729793,4,3,
588.0,2.9487987241536766,425.6,334.0010169382302,429214.2177511751,0.35667396061269147,0.3850658022878804,6,3,
588.0,3.2735788405419886,505.6,402.425530127689,516569.88886292995,0.25820568927789933,0.3902064504445031,6,3,
424.0,2.5029535421618454,392.20000000000005,327.64976876796334,414216.0225192804,0.387308533916849,0.45344056603775756,6,2,
588.0,3.1719641007605377,506.0,355.58759404756574,450451.9831910354,0.3851203501094092,0.4457143988494493,6,3,
572.0,2.9131047285831633,444.2,315.0888609625057,401171.66028241155,0.4179431072210066,0.42564289800131244,5,3,
588.0,3.1078007317096943,491.8,340.4649343913303,431904.13454213605,0.42669584245076586,0.44024163769441943,6,3,
572.0,3.216329178762922,602.1999999999999,295.66243469465536,354889.85164621245,0.6192560175054704,0.5994342589612535,5,3,
588.0,2.7291215643591826,410.20000000000005,249.00855491214637,296584.9355204732,0.37199124726477023,0.6152428450529586,6,3,
588.0,3.2227743284664507,601.6,283.20786810916775,330170.37988421734,0.350109409190372,0.6536151971960386,6,3,
588.0,2.9162840992207344,524.4000000000001,220.3418333438756,263535.0548488854,0.5711159737417943,0.6068926588161258,6,3,
572.0,3.1000600999568535,592.6,252.12746568028206,291613.5376242461,0.45076586433260396,0.6661299313024416,5,3,
424.0,2.4049291558902364,470.40000000000003,204.65262424183788,228468.20921968605,0.6258205689277899,0.7133713130813838,6,2,
572.0,3.2729422210238317,683.4,240.33459500789124,270015.3344466487,0.6017505470459519,0.7057810067367122,5,3,
424.0,2.687466840331689,637.0000000000002,167.1723460315816,160389.45841797724,0.7242888402625821,0.8278792667823336,6,2,
588.0,3.1996718396524684,697.2000000000002,177.0500307211778,164826.41251148292,0.7461706783369803,0.8416394294334596,6,3,
424.0,2.893532582884377,730.4,167.94439037816042,152338.864897582,0.8074398249452954,0.8521288101243978,6,2,
604.0,2.9515558426705577,378.00000000000006,366.8610201004449,475463.0815164492,0.2647702407002188,0.3429414261684829,7,3,
620.0,2.9657284207610624,460.6,274.7378882878057,347832.73064296995,0.3676148796498906,0.4479177956665677,8,3,
620.0,3.120599066718306,469.20000000000005,336.9137734902657,425190.8711342705,0.3085339168490153,0.4598500052795248,8,3,
620.0,2.874304553053642,388.4,305.1571807455145,387615.2886269558,0.49452954048140046,0.4351328883138321,8,3,
604.0,3.1781871333080853,507.0,341.43151992179503,429392.9862728114,0.43326039387308535,0.47234130511888295,7,3,
456.0,2.862827792218994,556.0000000000001,296.3123010440803,344432.2026118607,0.38949671772428884,0.6583563884081844,8,2,
604.0,3.2468814841842604,587.2,292.624838272207,350490.0709006407,0.387308533916849,0.603936341239623,7,3,
620.0,2.8519323137810884,510.40000000000003,172.93306739795736,202552.07731587134,0.5120350109409191,0.645858605461481,8,3,
620.0,3.1947277303366137,634.6000000000001,205.39057276383218,230962.5884065161,0.5995623632385121,0.704684267468673,8,3,
604.0,3.0213256858798467,556.8,219.94583844708995,254956.83348707383,0.6586433260393874,0.6627126644769813,7,3,
604.0,3.0952622121340116,610.6000000000001,199.9348309452432,225407.67485551775,0.6914660831509847,0.7014885408189953,7,3,
620.0,3.3287899724637837,707.6,193.657017415949,194001.38751869183,0.5951859956236324,0.8043773525081878,8,3,
440.0,2.6771473470538063,635.6,147.85633760358948,139683.04366053565,0.6914660831509847,0.8351697670951056,7,2,
620.0,3.1077861157496454,656.8000000000001,143.45825489758772,138183.96912544186,0.7943107221006565,0.8259231818665229,8,3,
456.0,2.9633443022491224,769.4000000000001,128.84834612784874,98045.73185682017,0.8796498905908097,0.901150470405443,8,2,
456.0,2.8185678117292543,654.9999999999999,177.08548996026929,177940.17772810557,0.8074398249452954,0.8025244025167241,8,2,
620.0,3.4805413059904544,809.1999999999999,161.40737683763783,143836.77967122672,0.8183807439824945,0.8586564230226995,8,3,
636.0,3.0558142238901795,462.0,298.507100317812,371519.26153091394,0.33698030634573306,0.5066776630345525,9,3,
636.0,3.4017412145478514,579.2,339.3957350483682,429645.02817568975,0.37199124726477023,0.4483431803957728,9,3,
732.0,3.5530813493888935,520.6,371.1581766707245,463470.2114001981,0.34573304157549234,0.496235837504995,15,3,
636.0,3.0811506185787607,464.4000000000001,307.6858326904934,378830.54856554954,0.5229759299781181,0.5381561171618721,9,3,
652.0,3.2261980909096986,482.20000000000005,340.17252754573235,424809.35659766244,0.4048140043763676,0.49599821402448885,10,3,
716.0,3.3570101856526398,547.8000000000001,270.35365484325615,325431.9414489374,0.5733041575492341,0.5933524604250489,14,3,
684.0,3.5701295250484693,629.6,317.94919294715055,383877.26436729135,0.6192560175054704,0.5867081280219134,12,3,
700.0,3.6099394597643872,630.6000000000001,319.1423331123248,383877.26436729135,0.6192560175054704,0.5949498863287852,13,3,
472.0,2.846210659365826,553.2,275.51827133018236,326997.1512290124,0.3785557986870897,0.6221170994947192,9,2,
652.0,3.440855412364944,648.4000000000001,272.07092345077916,309866.63887210866,0.3785557986870897,0.688272469823034,10,3,
748.0,3.445451573166088,534.0000000000001,292.57136893690216,350416.06886774814,0.37636761487964987,0.6039952940142866,16,3,
636.0,2.8931492669688765,468.4,217.76921500477653,260144.9302947623,0.5032822757111597,0.6093413232682008,9,3,
700.0,2.915835366162002,472.6000000000001,159.93676233603477,175543.59841703903,0.5339168490153173,0.7320279771012758,13,3,
652.0,3.1500308869458262,626.6,160.96411533424256,176657.88228104473,0.5404814004376368,0.7321060909257984,10,3,
716.0,3.137907297041136,541.0,177.02363474779912,191475.63942230804,0.5601750547045952,0.7464788767373615,14,3,
504.0,2.726084013275778,579.4000000000001,162.42039406703046,175615.1520712789,0.6761487964989059,0.7468270721312471,11,2,
716.0,3.0359593153325655,510.80000000000007,160.6334071069826,171979.66111772336,0.7199124726477024,0.7557977038396532,14,3,
668.0,3.0987619540725526,601.0,147.13421301115648,152620.95316747672,0.6170678336980306,0.7812079627293688,11,3,
700.0,3.3301176970938444,681.6,140.2637875718869,145427.902550456,0.7592997811816192,0.7815413279648642,13,3,
568.0,3.0743348129362995,641.1999999999999,195.77100951188885,197619.6083606658,0.8030634573304157,0.7996725618941433,15,2,
616.0,3.1231910187809104,645.9999999999999,165.29829558287616,167374.90659646667,0.8074398249452954,0.797713106804474,18,2,
716.0,3.2426392160441138,602.8,163.0861217321602,168260.5048622181,0.8227571115973742,0.7850795761024731,14,3,
568.0,2.964490913772629,668.3999999999997,118.37234759409193,88180.42563668336,0.5995623632385121,0.905333746170564,15,2,
632.0,3.404500320552172,805.8,118.05664649234274,86028.0237645428,0.5995623632385121,0.9093981622721491,19,2,
552.0,2.5756376481369037,510.80000000000007,114.26640519856488,104697.35584041511,0.5929978118161926,0.8482026959694212,14,2,
684.0,3.1492191096129596,623.2,131.9931330931224,132860.49889686605,0.5776805251641138,0.8014529760457552,12,3,
716.0,3.1883064801142242,602.1999999999998,138.85606141220055,138970.126957768,0.5032822757111597,0.8049541131494623,14,3,
616.0,3.179590617378746,756.0,81.072912142087,43832.525378383485,0.7943107221006565,0.946230091511875,18,2,
632.0,3.041209842014142,668.4,89.43289780046275,61847.93176732926,0.7899343544857768,0.9180653051226205,19,2,
616.0,3.1486303330219023,723.9999999999998,98.92406219100974,71960.19122693353,0.7286652078774617,0.9097092631960898,18,2,
796.0,3.5311438974775853,721.5999999999999,96.13276114725667,69216.24638547239,0.787746170678337,0.9115027859677821,19,3,
568.0,2.838083453157436,617.1999999999999,111.80413809294846,95267.99805992462,0.7899343544857768,0.8732480913015631,15,2,
616.0,3.2049468020160314,741.2000000000002,107.4606885213264,91009.57298835096,0.787746170678337,0.8750511912385028,18,2,
732.0,3.340684217089396,684.5999999999999,110.09268720985376,96318.83499217995,0.7527352297592997,0.8649590753067489,15,3,
536.0,2.8041531522619247,627.8,117.69799058369978,107686.29161199722,0.7286652078774617,0.8487749293906685,13,2,
700.0,3.0341035802190115,533.0,153.58533616008827,149444.33307236206,0.7702407002188184,0.8207537048468512,13,3,
684.0,3.119500787504095,608.1999999999999,133.41185988937164,132406.8249597576,0.7155361050328227,0.8098943753796242,12,3,
716.0,3.1853690357449693,621.0,118.71364933545111,110836.15804757197,0.7614879649890591,0.8404034865429817,14,3,
648.0,3.2557609647254315,771.4,68.48276087952213,23400.886137067544,0.986870897155361,0.9719540765172683,20,2,
600.0,3.0296622761900633,708.1999999999999,76.35566021885887,22535.70555718192,0.949671772428884,0.9767275253262074,17,2,
632.0,3.3353496793865767,816.1999999999999,76.05480347966567,22535.70555718192,0.949671772428884,0.9766124263405295,19,2,
696.0,3.412465460203334,787.4000000000002,76.0967153129235,23400.886137067544,0.986870897155361,0.9754960049955839,23,2,
632.0,3.173571845344109,745.8000000000001,72.5223333222577,30800.145828226203,0.975929978118162,0.9624018077217609,19,2,
632.0,3.047951881947257,678.5999999999999,82.31401004989652,46498.997078533124,0.9431072210065645,0.9423314495742089,19,2,
616.0,3.1953654915872947,763.0000000000001,81.28202965539342,47402.40860075204,0.8796498905908097,0.9392511690932865,18,2,
712.0,3.259851879747881,693.0,84.75230904478151,46498.997078533124,0.9431072210065645,0.9449675180404224,24,2,
648.0,3.0514989760141296,660.2000000000002,86.33503203845721,62199.73814108938,0.8971553610503282,0.9113976098762699,20,2,
568.0,3.2017209635221957,803.2,91.98648032964354,64773.21392764122,0.8818380743982495,0.9152174695822687,15,2,
780.0,3.4541525341158112,698.9999999999999,99.54770809092574,73514.69334378953,0.8555798687089715,0.9069703314320339,18,3,
600.0,2.9505248340857055,635.0000000000001,113.38984917716724,97430.71991052142,0.8905908096280087,0.870710636554576,17,2,
600.0,3.167169794143013,746.9999999999999,100.39659592335693,77912.32518834207,0.9343544857768052,0.8970258457314034,17,2,
764.0,3.34946793757441,658.0,108.70684747150545,94807.16933145633,0.8030634573304157,0.8659930986720608,17,3,
616.0,2.881559876244955,587.4,113.47286344394453,102061.97533579243,0.8074398249452954,0.855302464861222,18,2,
700.0,2.9762672861335027,494.4000000000001,165.75414976301073,149415.5488360197,0.8730853391684902,0.8544841819149793,13,3,
552.0,3.1079771052098333,737.4,130.94553708089364,121764.72059658723,0.8402625820568927,0.8421294671328107,14,2,
780.0,3.473907193355303,681.2,126.37558736337334,115537.46203319654,0.8599562363238512,0.8490768680373972,18,3,
656.0,3.0266379550847278,219.2,507.9735454737205,687718.0307951907,0.0,0.0,0,4,
820.0,3.439178334235347,215.4,536.3044987455535,726073.782917057,0.0,0.0,0,5,
656.0,3.09309908910988,260.20000000000005,497.34628372321515,673330.3533483527,0.0,0.0,0,4,
656.0,3.150287035361574,251.20000000000002,532.4811751602394,720897.5909861702,0.0,0.0,0,4,
836.0,3.3556701228850687,288.6,408.94124615847653,550859.6752761632,0.15098468271334792,0.055826908100483005,1,5,
672.0,3.0759997624368545,314.4,419.3318914336426,559028.3599522066,0.08533916849015317,0.15377420648670742,1,4,
656.0,3.2591288890739194,355.0,478.4219023067813,647709.6523537962,0.0,0.0,0,4,
836.0,3.3102242416922696,323.40000000000003,353.3724784533672,470995.1122249699,0.0350109409190372,0.15557824700530384,1,5,
852.0,3.570721636674975,358.0,421.81978796046354,561394.5262190318,0.2210065645514223,0.16793954493481975,2,5,
672.0,3.230180450045921,294.40000000000003,509.7924656709855,675715.2519850973,0.09846827133479212,0.20029861314908753,1,4,
672.0,3.066350363367535,307.8,421.52211605896343,558476.280393511,0.15973741794310722,0.20355813448787058,1,4,
672.0,3.11094118658679,372.40000000000003,377.30012227016306,498779.80736704695,0.0962800875273523,0.22003501387038096,1,4,
852.0,3.407955602605448,377.99999999999994,327.4357103906898,430999.4094480235,0.08096280087527352,0.25028974196929155,2,5,
852.0,3.5215952554818735,299.8,457.5690317552161,602964.8839932316,0.26258205689277897,0.24266741195765876,2,5,
688.0,3.0353044722624394,347.20000000000005,351.93414382393496,457952.73734935874,0.2735229759299781,0.3210913998748884,2,4,
688.0,3.266012323739388,458.8,345.7676319489004,447886.2628052777,0.3435448577680525,0.3457467382913388,2,4,
852.0,3.5951829090805245,413.40000000000003,377.5985894497996,497944.50473399484,0.23194748358862144,0.23763248092988917,2,5,
688.0,3.211291932369244,358.6,420.9604130927446,540872.3355621278,0.41575492341356673,0.3858461885606997,2,4,
852.0,3.376351870908064,412.8,278.1928050049853,351721.00732159254,0.19474835886214442,0.4531354315203523,2,5,
688.0,2.970108392214464,384.20000000000005,285.1395352420102,354873.3589983139,0.3435448577680525,0.5067540289962805,2,4,
688.0,3.1556072495745813,471.20000000000005,282.91251305558353,351858.31357669004,0.3435448577680525,0.5088866075134241,2,4,
688.0,2.883855106905207,388.6,241.32178385567974,297260.7377745983,0.4442013129102845,0.536866788023786,2,4,
688.0,3.424798901538922,503.79999999999995,373.33309800328743,475232.93305393093,0.4201312910284464,0.4264654806262294,2,4,
884.0,3.7688732904829525,295.4,542.9750937507093,723451.0213811296,0.09190371991247265,0.1585817692781467,4,5,
884.0,3.6976944677804844,347.2,458.6463717756812,610161.2229300368,0.09409190371991247,0.17123946452786867,4,5,
884.0,3.620655228489225,362.0,408.6394394195759,537792.964784468,0.11597374179431072,0.2514684564972396,4,5,
868.0,3.358167422744323,404.20000000000005,262.48251219415556,337185.7783766304,0.20568927789934355,0.3867511571988487,3,5,
884.0,3.4506635721217194,385.6000000000001,307.3532524596255,394449.86117131345,0.4551422319474836,0.39115142040173867,4,5,
704.0,2.99536291009142,387.6000000000001,277.28084991177894,342869.2877483793,0.2603938730853392,0.5260487190956257,3,4,
884.0,3.409888630732846,380.59999999999997,293.71910424491074,374671.6558365517,0.3610503282275711,0.4177812829436019,4,5,
704.0,2.918753542465111,336.00000000000006,293.87036890655565,373166.17371040926,0.5142231947483589,0.43632921252896734,3,4,
720.0,3.238944426833836,424.20000000000005,335.99760306306297,426376.3882696754,0.5273522975929978,0.43895974353642614,4,4,
884.0,3.663362223788945,553.8,236.35653627154778,272666.61492320406,0.3282275711159737,0.6700368536411481,4,5,
720.0,3.107596802295804,452.6,247.57173864918255,282209.3446302193,0.47045951859956237,0.6870933740911804,4,4,
720.0,3.2324370099841704,554.2,203.0237135627658,223268.45775040658,0.6214442013129103,0.7300009504800168,4,4,
900.0,3.7817770039527288,294.4,533.872090806397,708339.8406844762,0.11159737417943107,0.19258889791319445,5,5,
736.0,3.6037374222594774,316.6,594.3080019725811,793924.6043738871,0.19474835886214442,0.13595417530581683,5,4,
736.0,3.1867565013315926,413.6,306.7477211085378,399811.16736204165,0.09409190371991247,0.3117436201407299,5,4,
900.0,3.334544813537672,328.2,295.68697978671617,387706.1222385122,0.20787746170678337,0.27562199932405074,5,5,
752.0,3.2571164023982835,395.6,340.90219589601566,436707.00720538845,0.4179431072210066,0.3994065350662141,6,4,
752.0,3.318639416783663,463.0,301.6182134701339,385611.46162227326,0.1575492341356674,0.4081991078965175,6,4,
752.0,3.1442372673331636,406.4,278.5164311712555,354096.6247128094,0.35667396061269147,0.431504680530011,6,4,
736.0,3.049318904303563,416.00000000000006,241.53873926672827,294454.85346338793,0.5382932166301969,0.5639687058229971,5,4,
900.0,3.616342923369661,466.2,286.46871597993515,358591.83568571374,0.40919037199124725,0.4882609497430997,5,5,
736.0,3.3761141304254547,556.2,250.6841576044328,301905.0075166367,0.6083150984682714,0.5922701192019892,5,4,
736.0,3.4254431641034233,573.4000000000001,256.0275259952643,305713.44234508864,0.24726477024070023,0.6102295010291373,5,4,
752.0,3.2300466379919817,510.4000000000001,213.73131356233563,254585.42806772352,0.5711159737417943,0.6151042326492161,6,4,
916.0,3.645261533863472,502.6,247.28452097560677,295656.56211629935,0.6542669584245077,0.6076023475457267,6,5,
752.0,3.5496102894826467,661.0000000000001,209.17190229356947,207931.465571151,0.7658643326039387,0.8089596094933107,6,4,
932.0,3.7826696555031663,410.6,386.08003256494715,498804.8953754171,0.18161925601750548,0.35910589111318963,7,5,
948.0,3.8640812189940434,412.0,405.885117080278,522528.2751995954,0.38293216630196936,0.3765826707258797,8,5,
784.0,3.5193047560625965,520.2,304.12227352060654,376846.3440861609,0.175054704595186,0.5199659924982772,8,4,
768.0,3.087440659687599,421.40000000000003,221.56038147723294,266511.17036421143,0.2800875273522976,0.5948735756263559,7,4,
768.0,3.1292184647672157,412.4,249.65283839861766,312545.4516824211,0.3676148796498906,0.48785258437811846,7,4,
784.0,3.2242887761607637,456.6,232.89997070546903,282721.3780750343,0.5426695842450766,0.5742255586163827,8,4,
784.0,3.2793709018028565,431.4,283.2725021239055,343696.60555144516,0.6542669584245077,0.575412071782557,8,4,
948.0,3.9214409985461067,645.9999999999999,198.0985363355707,226882.17760950176,0.37636761487964987,0.6805562998288411,8,5,
784.0,3.3094337411459422,550.4,178.01121970369576,209427.1142836403,0.5120350109409191,0.6381874062832981,8,4,
784.0,3.2613460667961416,528.4,178.03515252583674,199203.960796374,0.6323851203501094,0.7107093079322007,8,4,
784.0,3.7632709919623,738.2000000000002,197.61484332677088,194552.72455390915,0.5382932166301969,0.8144474933904692,8,4,
948.0,3.977544880566101,701.4000000000001,168.3380104187082,164294.64134145807,0.7308533916849015,0.8191626116453672,8,5,
784.0,3.6821246856273553,737.0,161.73098133170134,146292.8089845639,0.8074398249452954,0.8531912593197475,8,4,
816.0,3.445990130244554,413.40000000000003,345.4174895217611,444910.14180130843,0.175054704595186,0.37413688166101594,10,4,
980.0,3.964407638074381,435.20000000000005,396.5342905999921,508075.59657406464,0.22975929978118162,0.3985094859200532,10,5,
980.0,3.8608028180937257,397.4,386.98688786883275,497603.6401391935,0.4288840262582057,0.38225277402270563,10,5,
800.0,3.02575061668601,341.0,241.76803182550645,300298.85613296385,0.3741794310722101,0.512824423700391,9,4,
980.0,3.6202159153113818,445.79999999999995,228.63867329730135,274493.0627512052,0.2844638949671772,0.5990231148184575,10,5,
964.0,3.6796940711363715,476.40000000000003,241.22019050932155,294981.4516081581,0.4223194748358862,0.5561694473100238,9,5,
1060.0,4.335481994624914,598.2,323.11527154358527,398051.7286773784,0.5317286652078774,0.5366062300000399,15,5,
964.0,3.534074019192507,427.4,223.6718267709759,268631.95796471013,0.6411378555798687,0.5982171043753975,9,5,
1028.0,3.9718449602219663,595.5999999999999,191.53314682143878,219844.48497149104,0.3851203501094092,0.6774340997338336,13,5,
1044.0,4.064001579814082,531.0000000000001,282.2487219750353,338567.0552334164,0.387308533916849,0.6008180733931235,14,5,
800.0,3.427845026847213,586.0,180.52517726917625,209065.11340705323,0.5207877461706784,0.6641643481282278,9,4,
1044.0,4.060081156754926,628.3999999999999,183.05708863700096,204037.6386001615,0.43544857768052514,0.7151989100290557,14,5,
1028.0,4.648168036134923,727.3999999999999,368.8127925136599,442344.63378663576,0.5251641137855579,0.601098547412991,13,5,
880.0,3.2715436339725716,449.6,165.49544072546553,187680.7994060204,0.6455142231947484,0.6939637157320773,14,4,
1044.0,3.95534570969574,587.1999999999999,176.3929893309533,199899.23520838635,0.6673960612691466,0.694877005113786,14,5,
1108.0,4.671898526177766,725.4000000000001,301.65762646323907,338634.0347161625,0.6892778993435449,0.7067780243321249,18,5,
912.0,3.566179521092603,570.5999999999999,147.14404113931957,153452.45673613486,0.8030634573304157,0.7772242611570899,16,4,
1108.0,4.24300816821916,658.0000000000001,173.0547328761564,186314.91295409357,0.8183807439824945,0.7507884207659794,18,5,
880.0,3.653930003422166,639.2,150.64601156392982,151415.96417615074,0.5929978118161926,0.8023501884996238,14,4,
1076.0,4.04044275742327,611.8,158.68234014243455,157236.20179909773,0.5908096280087527,0.8108097342080117,16,5,
1108.0,4.6461639306942315,803.9999999999999,211.29691632726366,209766.33100392745,0.5776805251641138,0.8097259881524536,18,5,
912.0,3.923020499070278,763.1999999999999,117.62036807511733,98911.22698177746,0.7964989059080962,0.8770917329844129,16,4,
864.0,3.6907569135357208,703.1999999999999,119.47590948582432,109598.58519290404,0.7658643326039387,0.8477360821012988,13,4,
1076.0,3.959261901361985,601.0,132.38268892242718,127475.66746946143,0.6652078774617067,0.8260791412321856,16,5,
1204.0,4.651265059339075,764.8000000000001,156.82813211795735,150674.17352932584,0.6805251641137856,0.8271974104583655,24,5,
976.0,3.984857939944036,736.4,108.68007855442447,70377.06837412236,0.9299781181619255,0.9273307856560216,20,4,
928.0,3.9370274160339673,752.6000000000001,118.62152912752298,98372.41287429442,0.849015317286652,0.88095986273295,17,4,
1088.0,4.350610543650686,772.1999999999999,128.02901844836384,98702.86165360105,0.9606126914660832,0.8984391168369356,27,4,
944.0,3.5352841666709076,532.4,139.22486416860454,138057.8549001955,0.8008752735229759,0.810386864724532,18,4,
1092.0,4.153405500116879,666.1999999999999,139.90631355341378,133661.2947952776,0.849015317286652,0.8299345129637425,17,5,
1188.0,4.672108671310244,795.1999999999999,151.9536627887816,136139.15953979097,0.8927789934354485,0.8567343803913615,23,5,
1000.0,4.166411271398649,240.40000000000003,663.649951029183,893848.1594933174,0.0437636761487965,0.057161894997585255,1,6,
1180.0,3.7974568282054006,249.8,305.63777048986816,409732.01704906323,0.03282275711159737,0.10376384275682189,2,7,
1016.0,3.7901022135174203,346.4,369.6767115774609,490889.19813660963,0.13129102844638948,0.18614400810159984,2,6,
1180.0,4.334260034398544,426.8,373.9568357201346,497110.96100776823,0.06783369803063458,0.17749832458782241,2,7,
1016.0,3.580424016862203,324.40000000000003,295.85377570602657,385519.3086145398,0.087527352297593,0.3131269648845347,2,6,
1180.0,4.405551545420149,322.20000000000005,511.137056257008,676229.879319674,0.16411378555798686,0.21437248033580023,2,7,
1000.0,3.8209799534167974,289.20000000000005,456.98783871147623,600861.6558382242,0.2363238512035011,0.2577076334921255,1,6,
1180.0,4.14146629270028,295.6,417.05009576402847,544708.9218050705,0.25601750547045954,0.29957915736008656,2,7,
1016.0,3.868040273578443,404.20000000000005,347.49440502534856,447295.8107034321,0.26258205689277897,0.37723887709522125,2,6,
1016.0,3.8966165367513805,371.00000000000006,393.7537572953809,503610.9893872546,0.4288840262582057,0.406414459474835,2,6,
1032.0,3.998714612584384,291.4,504.0125779510637,675415.1910672133,0.0437636761487965,0.10732184512543863,3,6,
1032.0,4.200376039759626,404.80000000000007,482.7718501701487,640902.5160518434,0.08315098468271334,0.18816495313728948,3,6,
1196.0,4.168301907541326,376.2000000000001,332.71397174638605,441549.5177491625,0.07221006564551423,0.1907224123361315,3,7,
1196.0,4.446191991895753,302.6,533.3097402963591,709099.2894294701,0.24288840262582057,0.17571887165359798,3,7,
1048.0,4.1572545843967745,389.40000000000003,462.46534506932585,615541.8316929212,0.21663019693654267,0.1672340598344077,4,6,
1032.0,3.8312439415253663,323.80000000000007,395.0784812770922,522080.4605463679,0.1137855579868709,0.22284268854410927,3,6,
1212.0,4.246392955898025,420.8,307.80158084539744,397511.5335650697,0.18818380743982493,0.3611230898122714,4,7,
1212.0,4.748979465320418,480.40000000000003,477.88361565143094,630794.6269943183,0.18818380743982493,0.2309014241004323,4,7,
1196.0,4.020000852838528,302.40000000000003,338.74038974720725,438424.54376613477,0.26695842450765866,0.35000564440110454,3,7,
1032.0,3.8680258210787883,449.80000000000007,285.88780023300643,368872.93756769004,0.20568927789934355,0.36567708147435407,3,6,
1048.0,3.8032631993980597,380.8,309.2912821249132,398908.92336550844,0.31947483588621445,0.36766280912491167,4,6,
1196.0,4.750889884511846,440.2,534.9566772219134,701179.2185592948,0.2778993435448578,0.2779507631623748,3,7,
1032.0,3.7377822719566125,381.0,295.16649828417195,379500.46695336315,0.4201312910284464,0.382707595076517,3,6,
1048.0,4.073442720253488,440.80000000000007,372.76332315584415,478084.8440617829,0.45295404814004375,0.3941108397627292,4,6,
1212.0,4.605464751221832,554.6,338.0973913083771,432039.4346779258,0.19037199124726478,0.41029836508367834,4,7,
1196.0,3.951791728534367,301.6,308.3688199402058,393579.9015588919,0.23194748358862144,0.41540926074468726,3,7,
1032.0,3.8975644373725933,421.0000000000001,328.18694787927507,416679.8636474107,0.2100656455142232,0.4369242114791409,3,6,
1212.0,4.526721685987979,569.6,287.11181049650634,360428.8306153513,0.2538293216630197,0.47859346726605667,4,7,
1032.0,4.0169137820487215,416.0,387.72959839626554,484544.41779412166,0.5142231947483589,0.49369011421083553,3,6,
1212.0,4.178508207821866,464.6,232.97825097459253,281619.03765265225,0.42669584245076586,0.5840509681094723,4,7,
1048.0,3.9116970808746085,510.4000000000001,229.24556595969594,271782.8583495722,0.5492341356673961,0.6241801193785164,4,6,
1048.0,4.149712601733981,611.4000000000001,237.01865899242918,260288.4691181942,0.6477024070021882,0.731464521383903,4,6,
1228.0,4.217662476936043,288.20000000000005,411.2717519597716,547062.1234253149,0.2100656455142232,0.17234672183423838,5,7,
1228.0,4.171867432487561,261.20000000000005,417.34341664681534,551497.7038889723,0.12691466083150985,0.22290807019738162,5,7,
1244.0,4.263447568168859,443.00000000000006,261.3955386531686,335222.2659413641,0.18599562363238512,0.39449807641566226,6,7,
1244.0,4.724334758277752,436.20000000000005,478.82098453293275,625947.9603606539,0.19912472647702406,0.2942144372323571,6,7,
1080.0,3.780005740169606,276.8,370.66262325751,481381.6238104611,0.3041575492341357,0.33189004778255293,6,6,
1244.0,4.410482848433278,472.40000000000003,299.1906617340082,384466.98395515035,0.20787746170678337,0.3852299045460392,6,7,
1228.0,4.753099187518538,504.80000000000007,439.3663286959719,578198.9705672124,0.24507658643326038,0.2518455142550735,5,7,
1080.0,4.009697078369773,431.6,320.83156481498617,413418.5867140778,0.4617067833698031,0.3720794140000476,6,6,
1064.0,4.041643677525615,519.2000000000002,263.8311606292062,335807.01084898756,0.19474835886214442,0.4269021500682104,5,6,
1244.0,4.317225517579312,479.2000000000001,249.77206153374564,316752.1520976281,0.3238512035010941,0.44149353780489753,6,7,
1244.0,4.690976212615899,562.2,337.57612916546566,422002.41541860934,0.2800875273522976,0.4926514287234893,6,7,
1244.0,4.232327997491369,433.20000000000005,256.9738948535557,325540.53264357144,0.4617067833698031,0.44558911584601885,6,7,
1244.0,4.664896574776274,607.2,280.6577346727575,338070.47414282826,0.5251641137855579,0.5918326850350047,6,7,
1244.0,4.690462550003662,555.0,344.54138535167357,420203.12923632754,0.6061269146608315,0.5629085583663925,6,7,
1080.0,4.009010272492921,513.8000000000001,238.31769452926446,280236.55956744455,0.38074398249452956,0.6390662724864226,6,6,
1080.0,4.126789681357265,585.4000000000001,220.54288438027018,262611.6302046204,0.5929978118161926,0.6157586240343156,6,6,
1244.0,4.741508900745303,665.8000000000001,257.0695676406032,291770.60347165767,0.5142231947483589,0.692884846815646,6,7,
1080.0,4.078428327408113,535.0,248.8417456255077,296670.78963099106,0.6105032822757112,0.6133453068759347,6,6,
1260.0,4.369439351973623,414.8,322.033783851946,414232.95678547677,0.10284463894967177,0.38056075928900424,7,7,
1260.0,4.778644073497966,450.6,473.24034158857063,617174.0023257493,0.12472647702407003,0.3083840426619766,7,7,
1276.0,4.183056095620273,296.40000000000003,339.2566356984646,440805.25822580373,0.3085339168490153,0.3292767426846209,8,7,
1276.0,4.1952439443703105,353.59999999999997,287.62648257723197,368532.6935125886,0.2188183807439825,0.3985139709394181,8,7,
1260.0,4.663946497384975,521.2,350.2235493049335,451475.61444879207,0.2275711159737418,0.37010898020728994,7,7,
1260.0,4.137725827945441,340.99999999999994,289.94070337106655,372257.1899444916,0.4485776805251641,0.3892505170510152,7,7,
1096.0,3.9478674557484164,468.4,239.77542727702644,300683.6444999191,0.24288840262582057,0.48222961077556814,7,6,
1260.0,4.652949256579365,622.0,244.39781025676965,297825.4612367647,0.3041575492341357,0.5649190702222783,7,7,
1112.0,4.081275260574416,526.4,226.74279408250845,280433.6675844553,0.4179431072210066,0.5254653394162221,8,6,
1260.0,4.653836682181648,538.4000000000001,328.4033637570132,416749.1457038872,0.5010940919037199,0.43886786544021134,7,7,
1112.0,4.124667008354019,518.0,254.97282281778686,306397.9340694516,0.6061269146608315,0.5970100594851832,8,6,
1112.0,4.233996493882029,622.8000000000001,200.13639770408705,233843.54356987224,0.3851203501094092,0.6499529584747816,8,6,
1276.0,4.801616572851462,676.0,242.33877379311843,288550.5028836095,0.3544857768052516,0.6158579825792758,8,7,
1112.0,4.014907669518465,521.1999999999999,201.61280496993857,234857.70955479168,0.5973741794310722,0.6549099463153587,8,6,
1260.0,4.653552743066971,611.0,255.67360358160536,302041.7222264103,0.562363238512035,0.6307664271092396,7,7,
1276.0,4.442471731722749,532.2,222.00958139729644,260303.13223484665,0.6258205689277899,0.6440971937112145,8,7,
1276.0,4.656274532499847,613.5999999999999,238.31746135242997,275297.9303384537,0.6061269146608315,0.6680200577256642,8,7,
1112.0,4.237263240777999,639.2,185.2293010355457,186080.6492192865,0.7461706783369803,0.8026651848020815,8,6,
1276.0,4.753791555535026,675.5999999999999,220.8827408795068,217004.76048168517,0.7571115973741794,0.815602550076748,8,7,
1112.0,4.363548473809874,668.8000000000001,213.34165253111237,210741.19918291515,0.8052516411378556,0.8125746868580561,8,6,
1144.0,4.4066274509517145,422.4,447.4287450849335,582362.7398906649,0.19037199124726478,0.3196617527371689,10,6,
1292.0,4.722945084556117,394.00000000000006,472.38590364214525,616718.7744069896,0.15317286652078774,0.3021189328916345,9,7,
1292.0,4.57662605903394,426.6,372.91810897851053,479853.8898079835,0.212253829321663,0.37889924242735734,9,7,
1292.0,4.655159965389265,463.20000000000005,372.208104182894,477271.21055907983,0.33698030634573306,0.3950739084702237,9,7,
1292.0,4.208711188171386,368.0,263.3810129943236,331115.66531043354,0.3041575492341357,0.4735987497120057,9,7,
1324.0,4.682316576224066,588.5999999999999,227.21867533439814,272763.06941377895,0.36980306345733044,0.5992190772770454,11,7,
1292.0,4.2832196234283995,434.2000000000001,231.23136790677827,283887.2341362155,0.562363238512035,0.5458614163741239,9,7,
1324.0,4.743457979471087,600.5999999999999,243.16029661828702,295343.96477267885,0.4048140043763676,0.5728805886655117,11,7,
1404.0,4.786611665707181,492.20000000000005,291.2815312281813,353983.85197550396,0.5295404814004376,0.5715893195067867,16,7,
1176.0,3.9405244686049725,401.80000000000007,223.01968215247265,268634.2880977446,0.6170678336980306,0.5918930854174705,12,6,
1356.0,4.6515732399170835,514.6,255.168970642107,307986.5421788142,0.6170678336980306,0.5873819853610981,13,7,
1176.0,4.4855420782950475,657.1999999999999,216.69272978083677,258248.16587146008,0.3741794310722101,0.6140696630970492,12,6,
1324.0,4.669873194736731,574.8,235.33204999468637,281030.84236931463,0.28665207877461707,0.6100204327847663,11,7,
1404.0,4.79505224849143,574.8,212.53887756058364,241600.1857606795,0.38949671772428884,0.6908482503849828,16,7,
1144.0,3.9362144972587854,448.2000000000001,206.6500252472649,247925.7245153296,0.5667396061269147,0.6004620791830318,10,6,
1356.0,4.652651818881334,542.1999999999998,228.0618812287699,272989.98472295573,0.4814004376367615,0.6052247601777666,13,7,
1404.0,4.894072325221879,617.4,215.19105262639886,247233.3802265332,0.5382932166301969,0.6760692450679122,16,7,
1192.0,4.28719611939574,573.1999999999999,194.04862656385308,225521.97330565433,0.6170678336980306,0.658633715851671,13,6,
1356.0,4.738239276925568,596.4000000000001,212.97534955498418,248193.0738796418,0.6542669584245077,0.654261536837961,13,7,
1404.0,4.760976576798898,556.2,215.5662955970966,251298.96722499037,0.6323851203501094,0.6537013228688732,16,7,
1256.0,4.510676885742079,609.0000000000001,196.37933678413,219663.69006180222,0.8008752735229759,0.7110628136694419,17,6,
1272.0,4.7097747160068035,703.5999999999999,176.76704521510908,186837.209888673,0.8358862144420132,0.7666960800876053,18,6,
1452.0,5.050012870188382,660.8000000000001,195.05588167609068,215533.49621529906,0.8030634573304157,0.7249012245773108,19,7,
1192.0,4.38224531158028,640.0,170.6861073921879,166837.32787394384,0.5929978118161926,0.8183606118955737,13,6,
1224.0,4.7429078366466655,762.4,181.10888134752614,174952.65370627365,0.5579868708971554,0.8244806444735538,15,6,
1208.0,4.463118732683004,676.8,154.84526083613287,154328.71027637247,0.75054704595186,0.8074337411728352,14,6,
1272.0,4.706353702241671,716.4000000000001,162.4036419244432,158102.3100870348,0.75054704595186,0.8204971786965269,18,6,
1420.0,4.9867587845255,691.8000000000001,167.14876452815318,167824.9140847664,0.75054704595186,0.8030015567970796,17,7,
1256.0,4.57702372127253,672.4000000000001,163.29984062154594,164247.43204531143,0.8205689277899344,0.8019258516514771,17,6,
1272.0,4.664089459254886,719.8000000000002,139.68888287948275,123348.31657263488,0.8599562363238512,0.8618479938036147,18,6,
1404.0,5.060698404968468,729.0,179.73917107058963,180896.75815455173,0.8971553610503282,0.801533641813614,16,7,
2492.0,6.677986916080766,137.20000000000002,422.64002064891037,568498.1863995331,0.08971553610503283,0.07060657283903789,2,15,
1984.0,5.786640978762268,217.40000000000003,443.0949272943563,597095.2479341596,0.019693654266958426,0.05178500034335038,1,12,
2460.0,6.811378468764903,225.20000000000002,427.5999602255604,578904.5615361433,0.0,0.0,0,15,
1328.0,4.190634577953703,229.0,358.12000212484224,483112.39764928666,0.028446389496717725,0.04014514478418685,1,8,
2148.0,6.140657005810956,250.00000000000006,408.28025165560695,550108.6483952833,0.0262582056892779,0.05316381787281022,1,13,
2624.0,7.346312612344183,299.4,433.8648638412914,587386.2772005176,0.0,0.0,0,16,
1344.0,4.620122913723084,322.40000000000003,444.99617157144934,590771.0203911035,0.10284463894967177,0.18793182648604026,2,8,
1344.0,4.6481368401049235,359.2,420.99853592795034,563249.4524286012,0.06564551422319474,0.1224561832797665,2,8,
2000.0,6.113507545441161,394.0,399.8729482666104,531878.3406375961,0.08971553610503283,0.17267501999044158,2,12,
2968.0,8.18219943224885,336.20000000000005,435.0651405377249,587011.1914513244,0.01312910284463895,0.03833621089136942,1,18,
2328.0,6.7813654740692835,223.20000000000005,547.8840216496628,731606.7493651123,0.2210065645514223,0.13958042524878006,2,14,
3312.0,8.888311065962208,301.4,448.5581571447288,597592.1703106266,0.2100656455142232,0.1594159983608477,2,20,
2328.0,6.720339094690712,312.2,430.9949662736558,571994.7068882895,0.20568927789934355,0.19051652286741114,2,14,
2820.0,7.690682978491405,199.8,494.8421211705717,655222.5316214962,0.10940919037199125,0.20811192924449684,2,17,
2000.0,5.7822874187755255,284.40000000000003,358.10535038041525,471565.39379852114,0.07658643326039387,0.2474688514116835,2,12,
2328.0,6.541823647528149,269.6000000000001,392.01340692036405,517471.68572952866,0.07658643326039387,0.23057723554805296,2,14,
1328.0,4.466098886167874,312.4000000000001,400.60719097871834,528643.8780672528,0.13347921225382933,0.23288044642725828,1,8,
1344.0,4.757438821858245,464.0,366.14954158921825,479306.1757992505,0.09190371991247265,0.2859313826796742,2,8,
1836.0,5.553884244647388,329.8,372.3250998038562,489384.87759727205,0.11597374179431072,0.25986623256518443,2,11,
2476.0,7.144951789269985,372.80000000000007,416.44296769638333,551590.5840106851,0.08971553610503283,0.20570145521816535,1,15,
1492.0,4.80435203108602,299.6,403.98887820631137,529642.5150376008,0.2188183807439825,0.2764534684627303,1,9,
2164.0,6.308824564095623,299.6,419.53282579169974,552826.3341463499,0.28227571115973743,0.2428677163782405,2,13,
1328.0,4.563796032282224,393.80000000000007,363.85478675297605,475807.6311011353,0.3413566739606127,0.29228800772053526,1,8,
1344.0,4.66039011574781,426.8,358.99828289674934,470388.0008954374,0.33260393873085337,0.2800711024246844,2,8,
1492.0,4.82983600066221,321.6,393.63505230262973,515625.02766030876,0.2188183807439825,0.28185072367933744,1,9,
2164.0,6.4278990725040615,406.0,367.54987613435594,481899.84217899863,0.21444201312910285,0.2760589607545983,2,13,
1344.0,4.727786875504172,462.0000000000001,354.59860210540654,455664.6996301072,0.40700218818380746,0.38525833659558734,2,8,
1344.0,4.652549962491603,395.59999999999997,386.6153328586628,494365.3871821,0.28227571115973743,0.4074327218546753,2,8,
1524.0,4.820645594473859,217.8,461.23503667455356,617358.6700388218,0.09190371991247265,0.11834269904688356,3,9,
2508.0,6.967781560370838,226.60000000000002,449.67617308947314,603305.6630151374,0.08315098468271334,0.09617127440399181,3,15,
1376.0,4.87835525601638,300.0,553.4083519994854,736299.6770657267,0.10065645514223195,0.17044297476904208,4,8,
1688.0,5.124543317209247,270.2000000000001,383.7162959646258,511814.6562131855,0.18161925601750548,0.14931397643135466,3,10,
2524.0,6.9122660498067,240.20000000000002,394.70558476166195,525292.7030374545,0.10065645514223195,0.16818855659479182,4,15,
1360.0,4.440984806097559,313.8,355.73005638658447,472709.7554158926,0.07221006564551423,0.18041854999466658,3,8,
1852.0,5.603692824181905,345.40000000000003,363.48762065113044,482055.731059787,0.07221006564551423,0.1961016102053915,3,11,
2344.0,6.71490541532549,343.2,381.5117748037494,510699.1358068254,0.12035010940919037,0.11745402731261612,3,14,
2032.0,5.945859905480746,237.6,447.65797680470075,595221.1927813346,0.2188183807439825,0.175634551581278,4,12,
2180.0,6.36082343492712,293.00000000000006,433.89630976169383,578243.9769661153,0.2013129102844639,0.15671856522531058,3,13,
1376.0,4.945819440791164,401.4,482.83948444156186,642829.4539928308,0.2013129102844639,0.16505058606438586,4,8,
1868.0,5.921213978527954,410.80000000000007,427.194788187275,567399.5442613969,0.25601750547045954,0.18429062783744904,4,11,
2196.0,6.328711671609626,328.8,367.4212339255987,488234.9744036231,0.22538293216630198,0.18059124010434408,4,13,
1376.0,4.544704836795886,280.2,420.73011041571993,547784.971566615,0.1487964989059081,0.31788278933738395,4,8,
2016.0,5.779765162330459,283.00000000000006,342.35267918501967,447101.44949572295,0.11816192560175055,0.30018031620547087,3,12,
2180.0,6.194207164636071,285.6,365.1526742386846,477969.13510683854,0.11816192560175055,0.286345466189404,3,13,
1360.0,4.427682089396821,346.20000000000005,317.2507148543474,417961.12816896965,0.13129102844638948,0.2442851628901684,3,8,
1376.0,4.6518195113023575,450.00000000000006,299.88151666517746,391913.7676090244,0.12253829321663019,0.2959370397334734,4,8,
1524.0,4.954130271368239,424.80000000000007,315.2375340152853,415235.5910330087,0.13129102844638948,0.24549497175142318,3,9,
2196.0,6.32304955446039,328.40000000000003,365.2336463883982,480981.8763381083,0.1772428884026258,0.24704801195114665,4,13,
2032.0,5.899078211520035,278.20000000000005,385.67874266465594,504843.6710212602,0.24507658643326038,0.28626249321176245,4,12,
2688.0,7.320461592464704,260.20000000000005,397.2509477563693,520105.8032978568,0.25820568927789933,0.2849038700459966,4,16,
1360.0,4.509308299966762,419.20000000000005,281.5538930848104,362292.7639036102,0.23194748358862144,0.3788710650129049,3,8,
1376.0,4.931079178452934,500.4000000000001,377.10318455299057,488163.7852600544,0.2647702407002188,0.34908192196367993,4,8,
1704.0,5.365743529783743,423.0000000000001,325.14479311117077,429613.14333547826,0.22538293216630198,0.22373037142186072,4,10,
2360.0,6.678595037222748,347.3999999999999,344.7179320107956,455259.1792009044,0.22975929978118162,0.22714140012049844,4,14,
1376.0,4.805603922450554,422.80000000000007,397.360992559903,517409.3364404001,0.424507658643326,0.3173282799382378,4,8,
1868.0,5.897721607041994,428.59999999999997,398.6587744181914,519267.96433866146,0.4551422319474836,0.315480705072601,4,11,
2688.0,7.521216448362112,321.8,427.3959169014846,563647.8302490183,0.40700218818380746,0.23719999310472845,4,16,
1360.0,4.706348933528383,462.0,328.8014626224709,420333.85364093154,0.19474835886214442,0.4085161006447232,3,8,
1540.0,4.764152117933084,323.20000000000005,314.017517895419,397923.7588325861,0.1838074398249453,0.4444370743450927,4,9,
2196.0,6.437491474470352,391.8,354.1336038329508,452494.44765833364,0.19693654266958424,0.41065006714664176,4,13,
1376.0,4.510638216204123,407.2,278.16166480528443,355531.10404505156,0.25820568927789933,0.4093166461652633,4,8,
1376.0,4.8045946730779105,511.6000000000001,308.0997655966052,392738.42981057125,0.2603938730853392,0.42073899992340025,4,8,
1704.0,5.377635766171466,441.40000000000003,312.17954514036,397364.39334159694,0.29321663019693656,0.42670600365886907,4,10,
2032.0,6.230970525397241,466.2,349.3535301065395,442408.0121675335,0.2910284463894967,0.44698596624150827,4,12,
2196.0,6.245019847836719,286.19999999999993,371.77407046138063,476071.99137317075,0.4310722100656455,0.40111530398394485,4,13,
1360.0,4.6906096406739985,462.2,321.4086057880175,403742.36726201104,0.4485776805251641,0.4763861929298573,3,8,
1868.0,5.84390953510724,468.2000000000001,334.46665754400874,423797.66922828066,0.40919037199124725,0.4447945176359107,4,11,
2212.0,6.189903087709082,216.60000000000002,400.1857110830506,531309.6247410786,0.0962800875273523,0.18751135720954357,5,13,
1556.0,4.8933456047407695,289.59999999999997,390.6589413665317,517988.79640726076,0.087527352297593,0.19761014528749032,5,9,
3524.0,9.240953177958831,241.8,457.31560232718635,606785.4358695722,0.14660831509846828,0.1923257736527015,5,21,
2048.0,5.893543289021246,307.6,337.74928308270955,447700.24403250095,0.1422319474835886,0.19990096125614398,5,12,
2540.0,7.259483325023973,375.20000000000005,402.3838795359561,533737.4070603286,0.15973741794310722,0.19468731549154353,5,15,
3524.0,9.219791534988472,219.60000000000005,469.8447314897318,622879.8049528408,0.212253829321663,0.19889586044521732,5,21,
2868.0,7.9279428681383886,283.40000000000003,471.66989073924344,625452.2700635637,0.2188183807439825,0.19701783126058084,5,17,
1720.0,5.485921209282818,360.40000000000003,426.66599264224755,567588.5823722195,0.2888402625820569,0.17163509917916633,5,10,
2868.0,8.021659930235026,309.6,488.29858811740695,649147.9919090793,0.25601750547045954,0.1770082746797893,5,17,
1884.0,5.494274656668918,275.80000000000007,351.08351809769573,464493.9547997,0.15098468271334792,0.21415741909843286,5,11,
2212.0,6.2870794539030825,297.80000000000007,363.39531043370835,481162.2275007632,0.15098468271334792,0.20828385522532405,5,13,
1392.0,4.4255720887015855,336.0,294.4864445366247,383632.3830119568,0.16192560175054704,0.31469593271189467,5,8,
1884.0,5.567190454780788,318.8,341.4060378348199,451392.1353668835,0.15098468271334792,0.21901203737053013,5,11,
2228.0,6.36832784824515,324.2000000000001,358.1258266480335,471281.5839899715,0.15317286652078774,0.2519341663299915,6,13,
1392.0,4.468576244398496,300.6,349.53934369011273,448552.52046205435,0.22975929978118162,0.39153845148918054,5,8,
1556.0,4.8180659578116245,271.59999999999997,374.25614271991236,489247.0192541761,0.20350109409190373,0.2942950667715452,5,9,
2376.0,6.657890873960907,240.4,426.2561294001343,564382.4484931991,0.27571115973741794,0.20844519335145834,5,14,
1408.0,4.356143136349305,308.00000000000006,274.7574133116322,354172.6498596965,0.2800875273522976,0.3703710090990622,6,8,
2048.0,5.975184742586797,348.8,333.8594273621663,439545.8965033056,0.25164113785557984,0.24888631660029148,5,12,
2228.0,6.759428295304565,511.4,349.65873095418596,460426.0766237632,0.2910284463894967,0.24771317464362436,6,13,
2048.0,5.962157167514463,283.6,393.1058255541097,517215.49003728,0.4201312910284464,0.2532160560807928,5,12,
1408.0,4.702466781564944,405.79999999999995,335.22731917517973,433308.376120576,0.4442013129102845,0.3567285313411873,6,8,
2540.0,7.152902063182602,324.4,404.47624287444944,529831.0025480634,0.42669584245076586,0.28179149671968823,5,15,
1556.0,4.914727677869221,392.79999999999995,297.23054878623435,380144.5372019092,0.19474835886214442,0.40656691518299776,5,9,
2064.0,6.24100966320769,461.4,326.7414160859139,414843.0276767999,0.1772428884026258,0.4369387844871864,6,12,
1392.0,4.585114631075903,430.8,272.5973864016874,344744.92091772624,0.3238512035010941,0.45206565124144654,5,8,
1392.0,4.71911735808849,495.00000000000006,269.63663264643964,341960.43529786606,0.3522975929978118,0.44130283422913924,5,8,
2064.0,6.236253387653406,461.6,324.3677981576067,414174.0628051967,0.31072210065645517,0.41361983332767244,6,12,
2228.0,6.281850232494459,294.80000000000007,348.0055562499675,445605.87880583614,0.4660831509846827,0.40140939074921894,6,13,
1392.0,4.4993277027565695,378.0,286.1927601597522,361297.3103091271,0.43326039387308535,0.4586593351064926,5,8,
1572.0,4.8784019578183,386.00000000000006,271.4296947229631,341459.4076180273,0.4310722100656455,0.47128650575860026,6,9,
2064.0,6.565054431281609,603.0,333.2298750956952,422449.92321740015,0.4113785557986871,0.44278629446892515,6,12,
1736.0,5.718679220037269,586.5999999999999,290.83640355703204,354686.75008795684,0.6280087527352297,0.5630324350088018,6,10,
2064.0,6.404370594325179,517.4,345.3973616066068,420907.0732920249,0.6039387308533917,0.5649037971680264,6,12,
1572.0,5.166811252673068,520.2,269.0327424715919,320555.1599940486,0.3522975929978118,0.6145034926992314,6,9,
1392.0,4.6275481420335485,453.2,269.58950090933166,322753.97745523654,0.45295404814004375,0.60487013960962,5,8,
1408.0,4.878297905324376,575.8000000000001,245.58214273324,292928.1462139965,0.437636761487965,0.6123699461945757,6,8,
1572.0,5.21684031885911,564.5999999999999,247.49602571861354,282286.9495780021,0.6280087527352297,0.6863013669824498,6,9,
4376.0,11.372323128535529,231.60000000000005,589.5516697407365,783906.9711349701,0.03938730853391685,0.17543700854878555,7,26,
1424.0,4.4489956657115535,291.00000000000006,318.1910192301801,412148.9708721138,0.1925601750547046,0.34595283315750935,7,8,
1424.0,4.686609780043817,300.0,417.7806694800242,539738.42968859,0.175054704595186,0.3593187904929723,7,8,
2244.0,6.398013490174965,279.0,400.89216500995923,522206.94117460307,0.19693654266958424,0.31515426621841675,7,13,
1916.0,5.705062646040462,345.20000000000005,346.01362924049073,453587.0010776918,0.19912472647702406,0.27712336158673745,7,11,
2408.0,6.826501846331744,321.79999999999995,389.91134377360675,513335.99375859764,0.16630196936542668,0.2489603817602583,7,14,
1932.0,5.63893167800881,281.20000000000005,363.79177685002634,471677.8239195609,0.20568927789934355,0.34078005369395686,8,11,
2260.0,6.4036969771175745,296.6000000000001,369.88951854273176,481051.4311268261,0.3435448577680525,0.3241758071633578,8,13,
1424.0,4.541232234966842,336.8,314.5431313798467,402923.27794945857,0.23413566739606126,0.3995934909798262,7,8,
1752.0,5.298234835174903,362.0,307.29331967493096,401702.3184839299,0.2100656455142232,0.29440665423548223,7,10,
2424.0,6.8727251347223595,356.8,360.03538656811793,470359.94463094976,0.26914660831509846,0.29808454530848305,8,14,
3064.0,8.1713457027781,271.6,398.7049861695916,520286.28510375967,0.40700218818380746,0.3048239065268366,7,18,
1752.0,5.474634954360198,401.80000000000007,348.1081741426102,453750.4307242843,0.4048140043763676,0.3113556444096248,7,10,
2080.0,6.240566184738841,385.99999999999994,385.93874642565055,504842.3703545313,0.4179431072210066,0.2904099476390792,7,12,
1440.0,4.741531220587221,411.40000000000003,315.4797678083598,403297.65009336936,0.19474835886214442,0.4085804717933986,8,8,
2260.0,6.732006039900165,483.2000000000001,333.32676023437534,426525.1658105743,0.19474835886214442,0.4043581914538751,8,13,
1768.0,5.289273315915547,300.4000000000001,348.79790537340466,445806.0170687504,0.23194748358862144,0.40939894320800346,8,10,
1424.0,4.544646828901694,354.8,298.10360080807436,378440.71542818286,0.26258205689277897,0.43738450346389374,7,8,
1424.0,4.783623703398843,498.2000000000001,263.91603245327104,332612.8877057414,0.34573304157549234,0.46479832085107126,7,8,
2244.0,6.3946036049038435,400.40000000000003,277.9338474410565,347589.5395851453,0.30196936542669583,0.4912808167516668,7,13,
1440.0,4.636709595777486,393.00000000000006,285.97628527031094,364613.3392000316,0.48577680525164113,0.41986890369699426,8,8,
1588.0,4.907174003908579,387.2000000000001,267.37851978622047,337618.44049815036,0.43544857768052514,0.4578661343347359,7,9,
2080.0,6.278159705418605,454.00000000000006,335.11898537630265,428175.6984861911,0.4048140043763676,0.41087933753769396,7,12,
1604.0,5.260832132925512,495.00000000000006,305.2002847469588,380912.31049336406,0.6017505470459519,0.49788176432219444,8,9,
2424.0,7.094215462774669,463.20000000000005,354.8564664880242,444356.9616363983,0.6083150984682714,0.4870675261930102,8,14,
1768.0,5.431942124485409,477.0,237.39755088983216,284019.3276387277,0.36323851203501095,0.6062780958343049,8,10,
1768.0,6.201412280258185,760.2,305.8454120779905,356969.7126211091,0.34573304157549234,0.6517420988692102,8,10,
1440.0,4.904845262732922,573.8000000000001,227.71428506894506,270756.8927797418,0.5886214442013129,0.6185961397089544,8,8,
2096.0,6.455340262631842,570.6,283.49050002275163,337355.36947180494,0.5076586433260394,0.6169841927672391,8,12,
1604.0,5.030270934745443,461.20000000000005,233.63381717866716,277922.8083653246,0.6017505470459519,0.6177052161921851,8,9,
2096.0,6.258872312452024,450.4000000000001,313.90464679057465,374456.8283792357,0.6017505470459519,0.6121875071829969,8,12,
4080.0,10.735392008059097,277.6,548.4741476830067,723096.8824065175,0.0962800875273523,0.23940091054056073,9,24,
1784.0,5.410619899431275,362.4000000000001,326.25329404009227,419238.1651476917,0.1925601750547046,0.38528471735185593,9,10,
2440.0,7.076470078938979,393.20000000000005,400.74682607511346,523375.2129916445,0.1925601750547046,0.30003376851289526,9,14,
2440.0,6.809271683283919,275.20000000000005,396.63715926075116,517237.49218673276,0.34573304157549234,0.30877534193145934,9,14,
1784.0,5.563130835501614,460.00000000000006,298.3507918242374,384780.03020522546,0.3282275711159737,0.3678972753353808,9,10,
2128.0,6.249015976263468,399.79999999999995,328.00030115240486,421392.0188362573,0.22319474835886213,0.38628968250796036,10,12,
1784.0,5.386905802499854,326.00000000000006,351.8159517424331,456124.3143474298,0.4442013129102845,0.341084117613345,9,10,
2112.0,6.26739673012689,417.80000000000007,334.40030566798833,428463.2904093671,0.4660831509846827,0.3985160114895496,9,12,
1948.0,6.018702945814158,496.6,305.94724623707054,385997.32878509763,0.18599562363238512,0.460922402937716,9,11,
1456.0,4.72940645630301,448.6,256.73875053047544,318483.05741909036,0.30196936542669583,0.5166979345439453,9,8,
2112.0,6.33485575265787,442.80000000000007,340.22907896464676,435166.6122110909,0.30196936542669583,0.40627727656831375,9,12,
1456.0,4.638308868874646,335.2000000000001,328.5071530757134,418203.65630272275,0.4814004376367615,0.426154676618402,9,8,
1456.0,4.730308377486654,429.8,275.950928511401,347617.26842236624,0.5361050328227571,0.4664829488187745,9,8,
2276.0,6.425294099505043,319.8000000000001,340.5594034738047,435621.80169404694,0.424507658643326,0.40594948369756495,9,13,
1620.0,5.228401068741879,473.00000000000006,296.37928841503833,370787.14326321357,0.6017505470459519,0.4901345655261952,9,9,
2012.0,6.2632632415758325,554.2,296.11130140015547,363646.53504816716,0.6280087527352297,0.5450921714978557,13,11,
1472.0,4.804423387243107,489.00000000000006,234.62148797009954,279712.7779031275,0.34573304157549234,0.6133774422818914,10,8,
2028.0,6.400583121622588,624.2000000000002,272.86648658152234,326888.6760424377,0.3435448577680525,0.603529244979948,14,11,
1472.0,4.603446028076045,414.8,216.97483483075283,254876.6315500931,0.47921225382932164,0.6408678041710991,10,8,
1456.0,4.788142303320837,499.4000000000001,232.7810326176222,277895.4164046996,0.43982494529540483,0.6106656452876558,9,8,
1996.0,6.36943047120638,657.6000000000001,257.2297253413157,304733.96807861497,0.5185995623632386,0.6255720276823736,12,11,
1504.0,5.02472022918585,598.9999999999999,193.29714473793362,222550.4685271804,0.6214442013129103,0.6729780346901979,12,8,
1996.0,6.222495398287299,568.8000000000001,278.8803970172954,333705.43885052175,0.7177242888402626,0.6059298250189523,12,11,
1552.0,5.08177732877595,524.8000000000001,245.57223925060924,289259.39018411055,0.8030634573304157,0.6360550223011409,15,8,
2008.0,6.29094649675884,615.8,251.1625490187904,282562.5793177008,0.849015317286652,0.7041214595648649,23,10,
1536.0,5.370361173945785,714.0000000000001,204.25505649322335,203108.6172442888,0.5317286652078774,0.8087737768403049,14,8,
1568.0,5.41374185462566,706.2,199.88002756392666,199228.5885085491,0.7855579868708972,0.8073883422211477,16,8,
1616.0,5.509886031916132,711.6,190.41791658567226,191859.3790570476,0.8533916849015317,0.8008361767525939,19,8,
