Key,FixedVehCost,CostperDel,StaffCost,VehRunCost,Emissions,DelsByCycle,DistByCycle,Cycles,Vans
0:0:2:0:0:9:9:2:0,352.0,0.027577005657707356,251.0,17.482627298415547,0.0,1.0,1.0,22,0,
0:0:3:0:0:8:9:1:0,404.0,0.03420405004580143,287.6000000000001,77.99112603053209,14507.22638135905,0.8888888888888888,0.9865692746486812,15,1,
0:0:3:0:0:9:9:2:0,336.0,0.030894308604149965,333.20000000000005,25.92194359337414,0.0,1.0,1.0,21,0,
0:0:3:1:0:8:8:1:0,404.0,0.04121854708761767,327.40000000000003,196.0173094713975,193521.21624812012,0.8888888888888888,0.81288506910832,15,1,
0:0:3:1:0:9:8:1:0,404.0,0.04012460578655971,319.80000000000007,179.00363019759328,166071.04065272835,0.9111111111111111,0.8431008694576066,15,1,
0:0:3:1:1:7:7:1:0,388.0,0.04483809306057417,325.79999999999995,295.05709386291886,324334.44271998084,0.7911111111111111,0.7304683114755985,14,1,
0:0:3:1:1:8:6:1:0,404.0,0.04469969813894203,290.8,310.9432081261957,363371.27821830905,0.84,0.6496841998630782,15,1,
0:0:3:2:2:7:4:1:0,404.0,0.05185678223834236,315.80000000000007,446.9776003627029,559037.2320828299,0.7688888888888888,0.49105645565494405,15,1,
0:0:3:2:2:7:5:1:0,404.0,0.04890860643068276,272.40000000000003,424.04364469036216,514767.3802994441,0.7066666666666667,0.5741643014356343,15,1,
0:0:3:3:3:7:4:1:0,388.0,0.055407189860836106,329.6,529.0617718688123,671263.0024675479,0.7466666666666667,0.43959812799597764,14,1,
0:0:4:0:0:8:8:1:0,404.0,0.041019771896599375,344.00000000000006,174.94486767348596,163863.4374286822,0.8311111111111111,0.8390004109388098,15,1,
0:0:4:0:0:8:9:1:0,404.0,0.038994149598921925,399.0,74.36836597574336,14507.22638135905,0.8888888888888888,0.9858157156567449,15,1,
0:0:4:0:0:9:9:2:0,320.0,0.0318981513534148,371.40000000000003,26.30840545183294,0.0,1.0,1.0,20,0,
0:0:4:1:0:8:8:1:0,404.0,0.04159026324684082,356.6000000000001,175.18092305391835,163863.4374286822,0.8311111111111111,0.8395897211703242,15,1,
0:0:4:1:0:9:8:1:0,404.0,0.04187904482771945,339.2000000000001,199.07850862368764,199172.86566116466,0.9288888888888889,0.8051630197462444,15,1,
0:0:4:1:1:7:7:1:0,388.0,0.04716976405193014,379.2,294.1196911684282,324334.44271998084,0.7911111111111111,0.7271008681924157,14,1,
0:0:4:1:1:8:6:1:0,404.0,0.047180501232012666,362.79999999999995,294.761277720285,338397.0817336611,0.84,0.6771543495171486,15,1,
0:0:4:1:1:8:7:1:0,388.0,0.04751944936963269,363.40000000000003,317.78761081673554,357458.9766988501,0.8444444444444444,0.7043214835871588,14,1,
0:0:4:1:1:9:7:1:0,372.0,0.04698277109506753,357.2,327.9123496390194,357814.4912619553,0.9022222222222223,0.737964004775046,13,1,
0:0:4:2:1:7:7:1:0,388.0,0.0498826929809182,396.20000000000005,338.1605920706595,372605.40330255794,0.7911111111111111,0.7279430328932747,14,1,
0:0:4:2:1:8:6:1:0,404.0,0.05039126923826793,395.00000000000006,334.8035578610284,396506.32742799324,0.8222222222222222,0.6261739435404616,15,1,
0:0:4:2:1:8:7:1:0,372.0,0.04902497254089483,395.00000000000006,336.0618821701336,368061.3515328788,0.8177777777777778,0.7342447764749347,13,1,
0:0:4:2:2:7:5:1:0,388.0,0.05163312379538309,367.40000000000003,406.3452853961195,488310.75080006855,0.7911111111111111,0.5969651009891285,14,1,
0:0:4:2:2:7:6:1:0,388.0,0.05328874036873868,395.8,415.1966582966203,488310.75080006855,0.7911111111111111,0.6387673095898413,14,1,
0:0:4:2:2:8:5:1:0,404.0,0.052283077122545374,376.00000000000006,396.3692352572709,490094.0747391153,0.8133333333333334,0.5262420867325533,15,1,
0:0:4:3:3:7:4:1:0,388.0,0.058138315355644093,390.8,529.3120955019921,671263.0024675479,0.7466666666666667,0.4414470909726472,14,1,
0:0:5:0:0:8:8:1:0,404.0,0.04414972351433379,414.6,174.76877907251037,160504.0387787827,0.8577777777777778,0.8472763522380043,15,1,
0:0:5:0:0:8:9:1:0,404.0,0.04240181868041119,475.2,74.84092030925177,14507.22638135905,0.8888888888888888,0.9859187710035776,15,1,
0:0:5:0:0:9:9:2:0,304.0,0.03330439410676585,410.0,35.348867402231576,0.0,1.0,1.0,19,0,
0:0:5:1:0:8:7:1:0,404.0,0.04843064461650431,476.4,209.28950387134682,211556.67613160066,0.8577777777777778,0.7988028268278513,15,1,
0:0:5:1:0:8:8:1:0,404.0,0.04506548143514271,422.20000000000005,187.773332290711,182798.42738505057,0.8933333333333333,0.8205018983888287,15,1,
0:0:5:1:0:8:9:1:0,324.0,0.045225092471600226,461.8,231.7645806110051,169324.57807398296,0.8666666666666667,0.9089348262319166,10,1,
0:0:5:1:0:9:8:1:0,404.0,0.04613738058041636,449.00000000000006,185.09106305936794,178421.0718818232,0.9466666666666667,0.8255454949185819,15,1,
0:0:5:1:1:7:6:1:0,404.0,0.05147381993959765,469.80000000000007,284.360948640947,324334.44271998084,0.7911111111111111,0.6862996507153744,15,1,
0:0:5:1:1:7:7:1:0,388.0,0.05091937897178707,464.8,292.8860268652091,324334.44271998084,0.7911111111111111,0.7225387813511157,14,1,
0:0:5:1:1:8:6:1:0,404.0,0.05102162179356228,439.80000000000007,304.18649035515125,353169.91603388195,0.8577777777777778,0.6602161754633948,15,1,
0:0:5:1:1:8:7:1:0,404.0,0.05086275614027584,447.0,293.41201315620646,323406.14160805393,0.8355555555555556,0.7275892979569806,15,1,
0:0:5:1:1:9:6:1:0,404.0,0.05038899458257707,431.0000000000001,298.7523781079839,342212.98021738743,0.9066666666666666,0.6803417184357852,15,1,
0:0:5:1:1:9:7:1:0,404.0,0.051558391244389996,464.2,291.863802998775,322532.6913765772,0.9066666666666666,0.7248068212654033,15,1,
0:0:5:1:1:9:8:1:0,388.0,0.048236562511012715,473.79999999999995,223.5226564977861,216221.33922096904,0.92,0.8237848769525186,14,1,
0:0:5:2:1:8:6:1:0,388.0,0.05086451097179232,409.8,346.6514968653274,396506.32742799324,0.8222222222222222,0.6823736401989428,14,1,
0:0:5:2:1:8:7:1:0,356.0,0.05231096546187218,473.20000000000005,347.79672289212414,371532.30676383985,0.8622222222222222,0.75775494628027,12,1,
0:0:5:2:1:8:8:1:0,308.0,0.050275947627401535,441.00000000000006,382.2088216165346,380310.5372053755,0.8888888888888888,0.8083947574123381,9,1,
0:0:5:2:1:9:7:1:0,372.0,0.05052578761485026,422.6,342.2302213341309,379286.2449504808,0.9377777777777778,0.7216378262066423,13,1,
0:0:5:2:2:7:5:1:0,388.0,0.0556882259571521,464.0,400.98508403592217,481389.7580703107,0.7911111111111111,0.5990868662161876,14,1,
0:0:5:2:2:7:6:1:0,372.0,0.05623202302985303,467.59999999999997,425.62051817169316,505124.1379616245,0.7422222222222222,0.6221960646662035,13,1,
0:0:5:2:2:7:7:1:0,324.0,0.05432362678009605,423.6,474.6816025521612,531095.8737722206,0.7911111111111111,0.710768443403785,10,1,
0:0:5:2:2:8:5:1:0,404.0,0.05630075568603619,409.4000000000001,453.36700293581407,555802.3327408461,0.8088888888888889,0.5496835580485735,15,1,
0:0:5:2:2:8:6:1:0,388.0,0.05540728375604589,441.20000000000005,417.4638845110324,490094.0747391153,0.8133333333333334,0.6419067395359971,14,1,
0:0:6:0:0:8:9:1:0,404.0,0.04468460896314904,525.0,76.40370167085355,14507.22638135905,0.8888888888888888,0.9862491698267922,15,1,
0:0:6:0:0:9:9:2:0,320.0,0.0378647397463205,495.6,36.35664429221123,0.0,1.0,1.0,20,0,
0:0:6:1:0:8:8:1:0,404.0,0.04791159091241375,494.20000000000005,179.81079552930942,169677.02068705542,0.8622222222222222,0.8356891864285972,15,1,
0:0:6:1:0:8:9:1:0,340.0,0.04896638356166124,545.0000000000001,216.74363013737783,163863.4374286822,0.8311111111111111,0.9024552907781259,11,1,
0:0:6:1:0:9:8:1:0,404.0,0.04866238640310594,502.40000000000003,188.50369406988352,183095.8196141681,0.9422222222222222,0.8216784273944989,15,1,
0:0:6:1:1:7:7:1:0,388.0,0.05446793593989898,547.8,289.7285586477271,318033.259929868,0.7911111111111111,0.7319216608505544,14,1,
0:0:6:1:1:7:8:1:0,340.0,0.0528838902437561,526.1999999999999,323.68753048451254,324334.44271998084,0.7911111111111111,0.8042442122462358,11,1,
0:0:6:1:1:8:6:1:0,404.0,0.05479061989867574,540.1999999999999,288.58894772020415,329323.20694681763,0.8088888888888889,0.6856074876213669,15,1,
0:0:6:1:1:8:7:1:0,388.0,0.05311683238823877,513.5999999999999,293.5287287353724,323221.8256683221,0.8844444444444445,0.7286179821865075,14,1,
0:0:6:1:1:9:6:1:0,404.0,0.0544188950087597,523.0000000000001,297.4251376970932,342212.98021738743,0.9066666666666666,0.6739385682726794,15,1,
0:0:6:1:1:9:7:1:0,388.0,0.053898795592649915,532.4,292.32290083462317,322532.6913765772,0.9066666666666666,0.7265037970621517,14,1,
0:0:6:2:1:7:7:1:0,372.0,0.054048313020952206,504.4,339.68704297142455,374430.94874442654,0.7466666666666667,0.7275343208055732,13,1,
0:0:6:2:1:8:6:1:0,404.0,0.05482868610249984,496.2,333.4454373062466,393134.0387382729,0.8711111111111111,0.6343760595242595,15,1,
0:0:6:2:1:8:7:1:0,372.0,0.0549763734200362,527.6000000000001,337.3684019508144,372766.48924083513,0.8133333333333334,0.7249593268186344,13,1,
0:0:6:2:1:9:7:1:0,356.0,0.05485953388195738,520.4,357.93951234404085,372458.8718050546,0.9022222222222223,0.7788842404078392,12,1,
0:0:6:2:2:8:6:1:0,372.0,0.05959547108637287,510.4,458.4980994433898,548552.4039078576,0.8266666666666667,0.6062359274959718,13,1,
0:0:7:0:0:8:9:1:0,404.0,0.04680260062797307,573.4,75.65851412939422,14507.22638135905,0.8888888888888888,0.9860935802038253,15,1,
0:0:7:0:0:9:9:2:0,288.0,0.039448310012204266,553.8000000000001,45.78697527459582,0.0,1.0,1.0,18,0,
0:0:7:1:0:8:7:1:0,404.0,0.052657332473648115,571.4,209.38998065708253,211556.67613160066,0.8577777777777778,0.7991069020735202,15,1,
0:0:7:1:0:8:8:1:0,404.0,0.051406396126905396,566.2,186.44391285537137,179176.8826832697,0.8533333333333334,0.827062517493,15,1,
0:0:7:1:0:8:9:1:0,340.0,0.05007012569011849,565.6,220.9778280276661,167004.03294227167,0.8488888888888889,0.902527529352767,11,1,
0:0:7:1:0:9:8:1:0,404.0,0.05090294812919258,556.4000000000001,184.91633290683285,176565.0187255642,0.92,0.8301980262731693,15,1,
0:0:7:1:0:9:9:1:0,324.0,0.051328742150887195,587.6,243.29669839496194,171143.94331551195,0.9022222222222223,0.9153833297798767,10,1,
0:0:7:1:1:7:7:1:0,388.0,0.055320160919348944,562.9999999999999,293.70362068535155,324334.44271998084,0.7911111111111111,0.7255791005309807,14,1,
0:0:7:1:1:7:8:1:0,356.0,0.05652139213961588,602.0,313.73132314135717,310310.05022821727,0.7644444444444445,0.8118405483922672,12,1,
0:0:7:1:1:8:6:1:0,404.0,0.05742611796133597,571.0,317.0876541300593,371532.30676383985,0.8622222222222222,0.645238259513301,15,1,
0:0:7:1:1:8:7:1:0,404.0,0.05566220473839511,561.2,287.19960661389,313952.1351744562,0.8177777777777778,0.7361644604339352,15,1,
0:0:7:1:1:9:7:1:0,372.0,0.05580170195992072,566.2,317.33829409821624,342212.98021738743,0.9066666666666666,0.7492871161859531,13,1,
0:0:7:1:1:9:8:1:0,388.0,0.05210726058325899,551.8,232.61336312332742,216221.33922096904,0.92,0.8422924674335295,14,1,
0:0:7:2:1:7:7:1:0,356.0,0.057141529682827694,579.8000000000001,349.88441786362307,374430.94874442654,0.7466666666666667,0.7561914428800428,12,1,
0:0:7:2:1:8:6:1:0,388.0,0.058076465151394384,574.0,344.7204659063737,396506.32742799324,0.8222222222222222,0.6743955082185723,14,1,
0:0:7:2:1:8:7:1:0,372.0,0.05740856285244754,565.6,354.0926641800695,396506.32742799324,0.8222222222222222,0.709776462448836,13,1,
0:0:7:2:1:9:7:1:0,356.0,0.05551008395817701,551.2,341.7768890589827,364702.95900838694,0.9022222222222223,0.7587024581082192,12,1,
0:0:7:2:2:6:6:1:0,340.0,0.06032571346237944,558.4,458.9285529035376,521628.4542421954,0.68,0.690979102770231,11,1,
0:0:7:2:2:7:6:1:0,388.0,0.06068306349434099,562.4,414.96892862267237,488310.75080006855,0.7911111111111111,0.6378007846464196,14,1,
0:0:8:0:0:8:9:1:0,388.0,0.049791107520464305,646.6,85.69991921044686,14507.22638135905,0.8888888888888888,0.9879333641264637,14,1,
0:0:8:0:0:9:9:2:0,272.0,0.042301161690482314,623.8,55.976138035852095,0.0,1.0,1.0,17,0,
0:0:8:1:0:8:8:1:0,404.0,0.056265793565348235,667.8000000000002,194.1803552203352,187776.3139672325,0.8488888888888889,0.8239503971277132,15,1,
0:0:8:1:0:8:9:1:0,356.0,0.05482676032341511,660.2,217.40210727683996,164644.60609688284,0.8888888888888888,0.9021110014480037,12,1,
0:0:8:1:0:9:8:1:0,388.0,0.05365462989303461,624.2000000000002,195.0291725932787,175328.67010009996,0.9022222222222223,0.8554878665841302,14,1,
0:0:8:1:1:7:7:1:0,372.0,0.05766683145676592,621.8,303.70370777723326,310310.05022821727,0.7644444444444445,0.7917870177474764,13,1,
0:0:8:1:1:8:7:1:0,372.0,0.05962250956813271,639.1999999999999,330.3064652829861,345818.9602517146,0.8577777777777778,0.774238888084821,13,1,
0:0:8:1:1:8:8:1:0,356.0,0.05797228609148152,622.0,326.37643705833426,325115.61138818145,0.8488888888888889,0.8077451353179832,12,1,
0:0:8:2:1:8:7:1:0,372.0,0.05985808995824835,641.6,333.2070240605881,350735.9804487234,0.8755555555555555,0.7700279332808031,13,1,
0:0:8:2:1:8:8:1:0,308.0,0.058357718527433745,660.1999999999999,344.8486668672594,325173.69508069335,0.8222222222222222,0.8360229836679619,9,1,
0:0:9:0:0:9:9:2:0,256.0,0.04652806520071968,724.0,66.88146701619294,0.0,1.0,1.0,16,0,
0:0:9:1:0:8:8:1:0,388.0,0.057197810511239844,695.2000000000002,203.75073650289627,187776.3139672325,0.8488888888888889,0.8458582114573522,14,1,
0:0:9:1:0:8:9:1:0,340.0,0.05910511213492405,773.2,216.66502303579125,164644.60609688284,0.8888888888888888,0.9014267467762556,11,1,
0:0:9:1:0:9:8:1:0,372.0,0.057638051626471114,703.6,221.25616159560008,199494.8491047691,0.9022222222222223,0.8543942384542342,13,1,
0:0:9:1:1:8:7:1:0,356.0,0.06098296599485707,694.8000000000001,321.3167348842839,333648.816371887,0.8444444444444444,0.7804385503730246,12,1,
1:0:2:0:0:7:6:2:1,600.0,0.044256768693145696,226.80000000000007,168.977295595778,194355.00642760258,0.7822222222222223,0.6744482034122289,17,2,
1:0:2:0:0:7:7:2:1,616.0,0.045572705047302244,254.40000000000006,154.98586356430056,174360.94853941698,0.7866666666666666,0.7041289204019493,18,2,
1:0:2:0:0:8:5:2:0,468.0,0.03744222009515241,235.4,139.04995214092924,167004.03294227167,0.8488888888888889,0.5981694360874685,19,1,
1:0:2:0:0:8:5:2:1,632.0,0.045166399462512434,229.2000000000001,155.0439879065297,189807.10793161247,0.8977777777777778,0.5533537527820873,19,2,
1:0:2:0:0:8:6:2:0,468.0,0.038289836622937216,256.40000000000003,137.1213240160873,163863.4374286822,0.8311111111111111,0.6086030038764622,19,1,
1:0:2:0:0:8:6:2:1,616.0,0.04450878419130868,220.4,165.0476443044453,190231.51578013253,0.8,0.671378613530496,18,2,
1:0:2:0:0:8:7:2:0,452.0,0.03784576465362949,250.4,149.1297047066636,167004.03294227167,0.8488888888888889,0.7096952123280723,18,1,
1:0:2:0:0:8:7:2:1,600.0,0.0449956703606216,256.8,155.60258311398584,174504.11473971044,0.8888888888888888,0.7079677764565899,17,2,
1:0:2:0:0:8:9:2:0,500.0,0.03411032586612639,240.20000000000007,27.282331987843694,14507.22638135905,0.8888888888888888,0.9476131226894353,21,1,
1:0:2:0:0:8:9:2:1,648.0,0.04067401497140075,238.60000000000002,28.56533685651697,16406.55321498379,0.8888888888888888,0.9407544855392207,20,2,
1:0:2:0:0:9:5:2:0,484.0,0.038628896331214024,237.60000000000005,147.55016745231543,178713.45223116816,0.9511111111111111,0.5794588852006074,20,1,
1:0:2:0:0:9:5:2:1,632.0,0.045110962093018535,219.60000000000005,163.396647092917,202172.16601688115,0.9022222222222223,0.5242568087814093,19,2,
1:0:2:0:0:9:6:2:0,468.0,0.038819739239160954,248.20000000000005,157.24413288112132,178713.45223116816,0.9511111111111111,0.6910814219927391,19,1,
1:0:2:0:0:9:7:2:0,452.0,0.03931718798117182,266.20000000000005,166.43672957636596,178713.45223116816,0.9511111111111111,0.753200436152588,18,1,
1:0:2:0:0:9:8:2:1,648.0,0.04058104578628122,222.20000000000002,42.87353019132737,37588.02820782461,0.9511111111111111,0.864266306301006,20,2,
1:0:2:0:0:9:9:2:0,500.0,0.034131219558489974,248.20000000000002,19.752440066024366,3360.171424198474,0.9866666666666667,0.9878661238534102,21,1,
1:0:2:0:0:9:9:2:1,648.0,0.04065947483173174,234.99999999999997,31.8381837139642,21251.590058158003,0.9111111111111111,0.9232586290607782,20,2,
1:0:2:0:1:8:5:2:1,632.0,0.04552885011448105,218.99999999999997,173.39912757582374,215353.47192345888,0.8355555555555556,0.513171496688999,19,2,
1:0:2:1:0:8:6:2:0,468.0,0.03991946430715088,254.40000000000003,175.78794691089487,203199.7712637451,0.8711111111111111,0.667018555012462,19,1,
1:0:2:1:0:8:6:2:1,616.0,0.04587635651281386,236.6,179.618021538312,210599.89995701998,0.8444444444444444,0.6440949237855753,18,2,
1:0:2:1:0:8:7:2:0,452.0,0.03942991782961715,257.6,177.57315116638586,192504.30623890925,0.8666666666666667,0.744337505480991,18,1,
1:0:2:1:0:8:7:2:1,584.0,0.04594188639769723,262.20000000000005,187.49244394818754,210599.89995701998,0.8444444444444444,0.7060554761611769,16,2,
1:0:2:1:0:8:8:1:1,552.0,0.045081682831271785,254.60000000000002,207.73786370361523,208442.99878252775,0.8355555555555556,0.8033978890798154,14,2,
1:0:2:1:0:9:7:1:1,732.0,0.05074563494174162,228.40000000000003,181.37678618918633,198410.23075071812,0.92,0.7354596653473532,15,3,
1:0:2:1:1:7:5:2:1,600.0,0.04930608248762767,234.40000000000003,274.98685597162233,340064.9509997415,0.7288888888888889,0.5257754041808685,17,2,
1:0:2:1:1:7:6:1:1,732.0,0.052432604645586474,238.20000000000002,209.53360452569572,237576.36783202103,0.7288888888888889,0.6942173269122738,15,3,
1:0:2:1:1:8:3:2:1,616.0,0.05112726613378142,230.20000000000005,304.1634880100819,393952.7390619408,0.8222222222222222,0.3463050743429656,18,2,
1:0:2:1:1:8:4:2:0,452.0,0.043298167283341175,263.8,258.4087638751764,328408.6965527701,0.8088888888888889,0.43301734249065105,18,1,
1:0:2:1:1:8:5:2:0,420.0,0.04436616248118933,252.80000000000004,325.43865582675994,396506.32742799324,0.8222222222222222,0.5653918378548654,16,1,
1:0:2:1:1:8:6:2:1,616.0,0.0473019164006042,264.40000000000003,183.89311901359454,216993.23115156972,0.8622222222222222,0.6328616680090805,18,2,
1:0:2:1:1:8:7:2:1,600.0,0.04655356482088696,254.80000000000007,192.65520846995648,214378.13302023936,0.8755555555555555,0.7171092598709158,17,2,
1:0:2:2:1:6:6:1:1,700.0,0.0577729570766332,256.8,343.0915342242471,389942.61961625365,0.6711111111111111,0.691057199985475,13,3,
1:0:2:2:1:7:5:1:1,732.0,0.058898636974088814,259.80000000000007,333.419331916998,406158.3965825974,0.7822222222222223,0.5658230229999208,15,3,
1:0:2:2:1:7:6:1:1,684.0,0.05734764106197977,252.00000000000006,354.32192389454497,410073.37831853883,0.7155555555555555,0.6651571471532797,12,3,
1:0:2:4:4:5:1:1:1,700.0,0.07247143091023912,265.6,665.0071954803803,886956.5383544548,0.6,0.14983765154116765,13,3,
1:0:3:0:0:7:6:2:1,600.0,0.04910960131014995,336.6,168.36602947837386,194355.00642760258,0.7822222222222223,0.6690812071065119,17,2,
1:0:3:0:0:7:7:2:1,584.0,0.04712769875491421,304.19999999999993,172.17322198556963,187322.15121439518,0.7822222222222223,0.7408657374489283,16,2,
1:0:3:0:0:7:9:1:1,716.0,0.04906294867506169,302.20000000000005,85.71634518888791,43567.82392861623,0.7733333333333333,0.9511336567046126,14,3,
1:0:3:0:0:8:5:2:0,468.0,0.04107705740608314,305.4,150.83379163687076,182315.35378909236,0.8933333333333333,0.584165962399908,19,1,
1:0:3:0:0:8:5:2:1,632.0,0.0489849989181697,311.2,158.96247565881816,195376.2261409252,0.8088888888888889,0.5429154301170325,19,2,
1:0:3:0:0:8:6:2:0,468.0,0.04110190575129906,289.6000000000001,167.1928794042287,192746.29258538515,0.8533333333333334,0.6710532769771244,19,1,
1:0:3:0:0:8:6:2:1,600.0,0.045818815395199504,275.40000000000003,155.52334639198884,176039.43443555472,0.8088888888888889,0.6964145677521572,17,2,
1:0:3:0:0:8:7:2:0,452.0,0.04081565213308978,317.8,148.55217299452002,167004.03294227167,0.8488888888888889,0.7050041175559699,18,1,
1:0:3:0:0:8:7:2:1,600.0,0.04686779725260864,303.40000000000003,151.12543818369434,169132.6845798859,0.8177777777777778,0.7104423982487212,17,2,
1:0:3:0:0:8:8:2:0,420.0,0.03944102364291343,295.4,172.0230319655522,173292.14900532196,0.88,0.8009552026209559,16,1,
1:0:3:0:0:8:8:2:1,584.0,0.047703964875301284,318.80000000000007,170.53920969427884,167179.9584895449,0.8622222222222222,0.8167922037734391,16,2,
1:0:3:0:0:8:9:2:0,468.0,0.036520411368742275,317.0,36.70925579670113,14507.22638135905,0.8888888888888888,0.9659652348826847,19,1,
1:0:3:0:0:8:9:2:1,632.0,0.04255299986471554,285.0,40.44249695609971,20618.869771032012,0.8755555555555555,0.9509059620143567,19,2,
1:0:3:0:0:9:5:2:0,468.0,0.039716464464981706,279.20000000000005,146.42045046208835,176565.0187255642,0.92,0.5894354609863269,19,1,
1:0:3:0:0:9:6:2:0,468.0,0.04114925550031599,301.00000000000006,156.85824875710975,178713.45223116816,0.9511111111111111,0.6877826223177179,19,1,
1:0:3:0:0:9:6:2:1,600.0,0.04650533010220178,279.2,167.16992729953998,192893.05897103559,0.9111111111111111,0.669712668417765,17,2,
1:0:3:0:0:9:7:2:0,468.0,0.04026766516090922,289.6,148.4224661204574,164875.18009987506,0.9111111111111111,0.7190493305292679,19,1,
1:0:3:0:0:9:7:2:1,600.0,0.046993538935526866,283.20000000000005,174.15462604935442,187344.72906973172,0.92,0.7515390026583734,17,2,
1:0:3:0:0:9:8:2:0,420.0,0.04009052732422403,313.40000000000003,168.63686479504062,166071.04065272835,0.9111111111111111,0.8142896856698737,16,1,
1:0:3:0:0:9:9:2:0,468.0,0.035222220096421994,288.6,35.899952169494846,13813.533537802703,0.96,0.9671770956190204,19,1,
1:0:3:0:0:9:9:2:1,632.0,0.042061481673140104,269.20000000000005,45.18333764565233,27552.677000731375,0.9111111111111111,0.9345371730895174,19,2,
1:0:3:1:0:6:7:1:1,732.0,0.05451924058152475,303.0,191.68291308430682,198924.72732901335,0.68,0.7808626483575525,15,3,
1:0:3:1:0:7:7:1:1,732.0,0.054657965423700244,320.6,177.2042220332554,194446.8601637766,0.7733333333333333,0.732289826472471,15,3,
1:0:3:1:0:7:8:1:1,700.0,0.05440209928690237,323.00000000000006,201.04723395530345,201292.13815026678,0.76,0.8047152707685559,13,3,
1:0:3:1:0:8:6:2:1,616.0,0.0498263154846839,325.20000000000005,179.89209840538788,210988.4037507435,0.8977777777777778,0.6435494407764136,18,2,
1:0:3:1:0:8:7:2:0,436.0,0.03975224121381453,274.80000000000007,183.62542731082675,203199.7712637451,0.8711111111111111,0.7233077953568209,17,1,
1:0:3:1:0:8:7:2:1,584.0,0.048818511433076014,329.40000000000003,185.01650724421032,205164.519473642,0.8622222222222222,0.7210168506631167,16,2,
1:0:3:1:0:8:8:2:0,420.0,0.0410667370316629,324.4000000000001,179.6015832124152,181095.28192771637,0.8977777777777778,0.8003732823259168,16,1,
1:0:3:1:0:8:8:1:1,552.0,0.04743260263562877,327.8,187.4335593016473,180332.8465486357,0.8844444444444445,0.8265006210312948,14,2,
1:0:3:1:0:9:7:2:0,436.0,0.03971079605930566,276.80000000000007,180.69291133437713,199172.86566116466,0.9288888888888889,0.7275434099043001,17,1,
1:0:3:1:0:9:7:2:1,600.0,0.04959878084861182,333.40000000000003,182.57256909376582,202172.16601688115,0.9022222222222223,0.7225605383601317,17,2,
1:0:3:1:0:9:8:2:0,420.0,0.04060884595950235,314.8,178.89903408880278,179760.07976649504,0.9511111111111111,0.8025325925549628,16,1,
1:0:3:1:0:9:8:1:1,568.0,0.046370006256995354,294.19999999999993,181.12514078239568,182673.39612003262,0.9244444444444444,0.8002296350643529,15,2,
1:0:3:1:1:6:5:1:1,716.0,0.05859096551664995,298.59999999999997,303.69672412462376,364938.0329184003,0.6622222222222223,0.5970737399861767,14,3,
1:0:3:1:1:7:4:1:1,732.0,0.060359921746333665,331.6,294.4982392925075,367623.74315852474,0.7911111111111111,0.4972859655275576,15,3,
1:0:3:1:1:7:5:2:0,436.0,0.04562138658559509,326.2,264.2811981758897,324334.44271998084,0.7911111111111111,0.5469149289454628,17,1,
1:0:3:1:1:7:5:1:1,732.0,0.05948258023561825,311.0,295.3580553014106,367388.83189410064,0.7644444444444445,0.5084514606544674,15,3,
1:0:3:1:1:7:6:2:0,436.0,0.04448770382490111,291.00000000000006,273.97333606027496,324334.44271998084,0.7911111111111111,0.6269269621177164,17,1,
1:0:3:1:1:7:6:2:1,584.0,0.053370357037151595,332.4,284.4330333359107,340064.9509997415,0.7288888888888889,0.6076434434214957,16,2,
1:0:3:1:1:7:7:1:1,732.0,0.05600793904568757,326.20000000000005,201.97862852797024,217712.74364480493,0.7644444444444445,0.7497022770491408,15,3,
1:0:3:1:1:8:3:2:1,600.0,0.05306025465165379,311.6,282.2557296622102,362943.59966041165,0.8355555555555556,0.382154505082741,17,2,
1:0:3:1:1:8:4:2:1,616.0,0.05282485374956087,303.40000000000003,269.15920936511947,343930.1181083877,0.8133333333333334,0.41050280841029335,18,2,
1:0:3:1:1:8:5:2:0,436.0,0.043382032393177755,270.00000000000006,270.09572884649936,332596.8148930468,0.8266666666666667,0.5377585115623068,17,1,
1:0:3:1:1:8:5:2:1,600.0,0.05314070282429388,310.20000000000005,285.46581354661214,354327.87650984176,0.8666666666666667,0.5149317895971227,17,2,
1:0:3:1:1:8:6:2:0,436.0,0.04437260637819366,272.40000000000003,289.9836435093574,346124.6526362662,0.8933333333333333,0.6110115990596985,17,1,
1:0:3:1:1:8:6:2:1,616.0,0.049593124664004985,316.99999999999994,182.84530494011213,215353.47192345888,0.8355555555555556,0.636219550319556,18,2,
1:0:3:1:1:8:7:1:1,732.0,0.054221569725418216,293.20000000000005,194.78531882190975,219353.7344718394,0.8177777777777778,0.7028993239879797,15,3,
1:0:3:1:1:8:8:1:1,684.0,0.05564734541747127,336.80000000000007,231.26527189310346,229808.5983202536,0.8088888888888889,0.8091750188954355,12,3,
1:0:3:1:1:9:5:2:0,452.0,0.04575816260652104,299.80000000000007,277.7586586467235,342212.98021738743,0.9066666666666666,0.5363082506024185,18,1,
1:0:3:1:1:9:7:2:1,584.0,0.04726538627620362,284.0,195.4711912145815,216641.11683702804,0.9066666666666666,0.7216138761149506,16,2,
1:0:3:1:1:9:8:1:1,716.0,0.056107774132713166,334.4,212.0249179860463,213395.80895972747,0.92,0.8015180355459858,14,3,
1:0:3:2:1:6:7:1:1,668.0,0.059436611779133265,336.6000000000001,332.7237650304983,364938.0329184003,0.6622222222222223,0.7327454908168636,11,3,
1:0:3:2:1:7:5:1:1,732.0,0.05988381249660758,278.6,336.7857811736708,410086.2822128048,0.7555555555555555,0.5668545959222082,15,3,
1:0:3:2:1:7:6:1:1,716.0,0.06026504733214423,294.20000000000005,345.76356497324514,410086.2822128048,0.7555555555555555,0.6234187709097835,14,3,
1:0:3:2:1:7:7:1:1,684.0,0.06118133302575215,330.4,362.17999307942307,404656.95603795326,0.7377777777777778,0.7124181092814919,12,3,
1:0:3:2:1:8:7:1:1,684.0,0.05946610563786435,318.00000000000006,335.9873768519478,369565.2476519917,0.88,0.729789108352327,12,3,
1:0:3:2:2:6:4:1:1,732.0,0.06441936286254109,314.20000000000005,403.2356644071744,512804.5249940499,0.6755555555555556,0.4303719476922281,15,3,
1:0:3:2:2:6:5:1:1,552.0,0.05645392571688432,303.00000000000006,415.21332862989726,504182.2227662244,0.6844444444444444,0.5735326430349165,14,2,
1:0:3:2:2:7:2:2:0,436.0,0.0519713213119614,306.80000000000007,426.5547295191316,559037.2320828299,0.7688888888888888,0.2785951106666141,17,1,
1:0:3:2:2:7:4:2:0,436.0,0.05067703181711323,307.2,397.03321588504775,505124.1379616245,0.7422222222222222,0.42870754985629217,17,1,
1:0:3:2:2:7:4:2:1,584.0,0.05724139380990074,289.8,414.13136072276666,529255.6702748056,0.7244444444444444,0.40984314099930647,16,2,
1:0:3:2:2:7:5:1:1,684.0,0.06353109860154663,297.4,448.04971853479896,548694.1593601555,0.7777777777777778,0.5524809612311944,12,3,
1:0:3:2:2:7:6:1:1,536.0,0.05856697005850975,331.8,449.9568263164694,536529.1829002848,0.7466666666666667,0.613020531151138,13,2,
1:0:3:2:2:8:5:1:1,684.0,0.06577253478992051,329.0,466.8820327732114,560321.1410017543,0.8088888888888889,0.5997635209248963,12,3,
1:0:3:3:3:5:3:1:1,716.0,0.0697272542370302,321.2,531.6632203331795,689896.5697077521,0.5822222222222222,0.336415941177059,14,3,
1:0:3:3:3:6:1:1:1,732.0,0.07026955151011403,301.2,547.8649089775657,726239.6728065081,0.6888888888888889,0.19966151623745929,15,3,
1:0:3:3:3:7:4:1:1,552.0,0.062469001729559305,295.0,558.5525389150843,712046.8751635435,0.7288888888888889,0.42042659580972674,14,2,
1:0:3:3:3:7:5:1:1,668.0,0.07002414557205476,316.0,591.5432753712322,730168.3725337884,0.7155555555555555,0.5311149560337055,11,3,
1:0:3:4:4:6:4:1:1,652.0,0.07505052278108071,326.8,709.836762574316,891603.9264430165,0.6355555555555555,0.476651472146664,10,3,
1:0:4:0:0:7:7:2:1,600.0,0.04870416532898489,341.20000000000005,154.64371990216014,174360.94853941698,0.7866666666666666,0.7013827220474084,17,2,
1:0:4:0:0:7:8:1:1,568.0,0.05003196710692566,384.8,172.9192599058274,170216.63059636886,0.7377777777777778,0.8145228935397214,15,2,
1:0:4:0:0:7:9:1:1,732.0,0.051150202968276645,345.00000000000006,73.87956678622447,41474.71503481691,0.7688888888888888,0.9429094797950752,15,3,
1:0:4:0:0:8:6:2:0,468.0,0.044423473393630175,390.0000000000001,141.52815135667876,169677.02068705542,0.8622222222222222,0.6019417592093927,19,1,
1:0:4:0:0:8:6:2:1,600.0,0.04873186396392823,340.2,156.26693918838512,177501.54405300645,0.8044444444444444,0.6918385576613084,17,2,
1:0:4:0:0:8:7:2:0,452.0,0.04240567485426044,355.8,146.32768422085982,163863.4374286822,0.8311111111111111,0.7097150825738685,18,1,
1:0:4:0:0:8:7:2:1,600.0,0.048614279702205505,342.4,151.42129329962398,169813.05898498953,0.8044444444444444,0.7079809101529696,17,2,
1:0:4:0:0:8:8:2:0,436.0,0.04196156942280093,341.2,166.935312013021,165536.45336895535,0.8311111111111111,0.8103853906910028,17,1,
1:0:4:0:0:8:8:2:1,584.0,0.05094730766191711,389.4,172.91442239313506,173647.42135709943,0.8355555555555556,0.8028832787798952,16,2,
1:0:4:0:0:8:9:2:0,452.0,0.03817888954630369,361.19999999999993,45.8250147918331,14507.22638135905,0.8888888888888888,0.9745773110975307,18,1,
1:0:4:0:0:8:9:2:1,600.0,0.04616816128240476,375.6000000000001,63.183628854107035,40296.190471601425,0.8755555555555555,0.9292626656741036,17,2,
1:0:4:0:0:9:6:2:0,484.0,0.04288967847782238,343.40000000000003,137.61776575100333,164216.0605089153,0.9066666666666666,0.6115560571212899,20,1,
1:0:4:0:0:9:6:2:1,616.0,0.0513917971040114,378.40000000000003,161.91543484025647,183370.77522057734,0.9066666666666666,0.6957376280419836,18,2,
1:0:4:0:0:9:7:2:0,452.0,0.04447324874370613,401.6,147.04809673338792,164216.0605089153,0.9066666666666666,0.7129742206703038,18,1,
1:0:4:0:0:9:8:2:0,436.0,0.04377009661017285,382.00000000000006,166.82717372888916,164875.18009987506,0.9111111111111111,0.8122958689772861,17,1,
1:0:4:0:0:9:9:2:0,468.0,0.03964764223476886,394.00000000000006,30.071950282299404,4680.177227413509,0.9066666666666666,0.9890204159279266,19,1,
1:0:4:0:0:9:9:2:1,632.0,0.04568060794757637,356.2,39.61367882046834,19696.77851954997,0.9688888888888889,0.9527343648906249,19,2,
1:0:4:1:0:7:7:1:1,732.0,0.05730999496336143,374.6,182.87488667563215,204512.25098051675,0.7822222222222223,0.7113272696883236,15,3,
1:0:4:1:0:7:8:1:1,552.0,0.04967332505121888,383.2,182.44981365242492,173294.9952996601,0.7866666666666666,0.8326862372369206,14,2,
1:0:4:1:0:8:6:2:1,600.0,0.05162287536981774,385.8,175.71469582089912,205164.519473642,0.8622222222222222,0.6511166007819361,17,2,
1:0:4:1:0:8:7:2:0,436.0,0.045255547211981856,405.20000000000005,177.0498122695917,193521.21624812012,0.8888888888888888,0.7362723865172615,17,1,
1:0:4:1:0:8:7:2:1,584.0,0.04993917345376444,362.40000000000003,177.2314027096997,194853.0509045853,0.8933333333333333,0.7302764994827557,16,2,
1:0:4:1:0:8:8:2:0,420.0,0.041678570892487804,341.59999999999997,176.1678450809756,177409.32921063036,0.8666666666666667,0.8011594010848954,16,1,
1:0:4:1:0:8:8:1:1,568.0,0.050253789813645096,387.2000000000001,175.5102708070145,176039.43443555472,0.8088888888888889,0.8036283951318456,15,2,
1:0:4:1:0:9:7:2:0,452.0,0.04344657713043193,344.6000000000001,180.9479854347184,199172.86566116466,0.9288888888888889,0.7290409976249093,18,1,
1:0:4:1:0:9:7:2:1,600.0,0.05070798568957405,357.7999999999999,183.12967801541626,203037.7910390122,0.9022222222222223,0.7212052333072744,17,2,
1:0:4:1:0:9:8:2:0,436.0,0.0434953072807137,365.20000000000005,177.4444138160581,178713.45223116816,0.9511111111111111,0.8010948010627094,17,1,
1:0:4:1:0:9:8:1:1,568.0,0.05021372107013775,384.79999999999995,177.0087240780995,178038.55931147648,0.9022222222222223,0.8019165007786472,15,2,
1:0:4:1:1:6:5:1:1,716.0,0.062340823424438654,389.8,296.8685270498698,357446.43537786,0.6311111111111111,0.5927560190165122,14,3,
1:0:4:1:1:6:6:1:1,700.0,0.05975176192787667,360.20000000000005,284.21464337722506,324807.3641612619,0.64,0.6835843443505052,13,3,
1:0:4:1:1:7:4:1:1,732.0,0.06180974046791317,348.8,309.9191605280464,387767.78769148025,0.7511111111111111,0.489782029204991,15,3,
1:0:4:1:1:7:5:1:1,732.0,0.06237843731448612,393.00000000000006,278.5148395759377,344716.3071575619,0.72,0.5233527822156534,15,3,
1:0:4:1:1:7:6:2:0,420.0,0.04649421691446066,362.40000000000003,263.7198805753646,310310.05022821727,0.7644444444444445,0.6379135291619796,16,1,
1:0:4:1:1:7:6:1:1,732.0,0.058046687340765596,371.99999999999994,202.0504651672258,229167.00546126158,0.7955555555555556,0.6937876407399514,15,3,
1:0:4:1:1:7:7:1:1,732.0,0.05833474668476673,388.6,191.93180040725133,214992.59212829318,0.7866666666666666,0.7093826708215145,15,3,
1:0:4:1:1:7:8:1:1,700.0,0.05839189388540597,386.80000000000007,227.01761242163414,225471.22477923744,0.7555555555555555,0.809474387746118,13,3,
1:0:4:1:1:8:3:2:1,600.0,0.05561767944930857,358.00000000000006,293.3977876094429,377316.46735727834,0.8,0.3815850281292972,17,2,
1:0:4:1:1:8:4:2:0,436.0,0.04929345941231661,356.8000000000001,316.3028367771236,396546.85140520334,0.8222222222222222,0.4831148567774206,17,1,
1:0:4:1:1:8:4:1:1,732.0,0.061917864097307374,354.6000000000001,306.5519421894158,382795.95492742065,0.8444444444444444,0.496232320601874,15,3,
1:0:4:1:1:8:5:2:0,452.0,0.04699970012514803,350.6,254.8932528158306,310424.91402092366,0.8444444444444444,0.5664229695095089,18,1,
1:0:4:1:1:8:5:1:1,732.0,0.06219892961656423,365.4000000000001,302.0759163726951,364094.948644876,0.8488888888888889,0.5904750408547401,15,3,
1:0:4:1:1:8:6:2:0,436.0,0.046723598375535434,341.00000000000006,274.28096344954724,323221.8256683221,0.8844444444444445,0.6352461836962794,17,1,
1:0:4:1:1:8:6:2:1,616.0,0.051128089835755876,349.40000000000003,184.98202130450716,218433.14543603236,0.8933333333333333,0.6315731030920115,18,2,
1:0:4:1:1:8:7:2:1,584.0,0.050263142625742635,355.2,191.72070907920929,215353.47192345888,0.8355555555555556,0.7060317366668435,16,2,
1:0:4:1:1:8:8:1:1,568.0,0.049744569927482635,338.4,212.85282336835925,214378.13302023936,0.8755555555555555,0.8010859797507068,15,2,
1:0:4:1:1:9:5:2:0,452.0,0.05009664535904943,388.0,287.17452057861215,354338.95009560336,0.9244444444444444,0.5321749436379439,18,1,
1:0:4:1:1:9:6:2:0,420.0,0.04775591101229291,363.80000000000007,290.70799777659016,344467.6903075581,0.9066666666666666,0.6251754159980946,16,1,
1:0:4:1:1:9:7:2:1,584.0,0.05042416555346341,347.0,203.5437249529266,216221.33922096904,0.92,0.7625413762737525,16,2,
1:0:4:1:1:9:8:1:1,552.0,0.05211132922178595,398.8,221.70490749018379,213982.8564623835,0.9244444444444444,0.8249183828266399,14,2,
1:0:4:2:1:6:7:1:1,668.0,0.06147229050098887,359.8,355.3265362722495,395682.5388025845,0.6577777777777778,0.716268975756278,11,3,
1:0:4:2:1:7:6:1:1,716.0,0.06217353317418174,349.40000000000003,333.504496419089,394232.086449421,0.7733333333333333,0.6296300697395079,14,3,
1:0:4:2:1:7:7:1:1,536.0,0.05642707532796098,387.0,346.6091948791221,386559.45020496,0.7822222222222223,0.7145274037555884,13,2,
1:0:4:2:1:8:6:1:1,700.0,0.06403318928641417,393.6,347.146758944319,415092.2731217878,0.84,0.6074099442968928,13,3,
1:0:4:2:1:8:7:1:1,520.0,0.054071218321344025,342.80000000000007,353.80241223024063,395705.0344689932,0.8088888888888889,0.7112034891498487,12,2,
1:0:4:2:1:8:8:1:1,620.0,0.061537890711309697,375.80000000000007,388.8025410044679,391407.1500673813,0.8666666666666667,0.8013742170018643,8,3,
1:0:4:2:2:6:4:1:1,700.0,0.06702864161331319,379.80000000000007,428.34443629954654,535675.8366453855,0.6844444444444444,0.4914040586937795,13,3,
1:0:4:2:2:6:5:1:1,552.0,0.05812130142956554,350.40000000000003,405.32928216522475,504182.2227662244,0.6844444444444444,0.5084343244252333,14,2,
1:0:4:2:2:6:6:1:1,536.0,0.05897114512247386,362.80000000000007,428.0507652556619,507289.8813242495,0.6355555555555555,0.6248750412473875,13,2,
1:0:4:2:2:7:3:2:0,420.0,0.05553237925855393,393.4000000000001,436.0785333174633,559037.2320828299,0.7688888888888888,0.39614826427925215,16,1,
1:0:4:2:2:7:4:2:0,420.0,0.05137524257600792,349.0,386.94295796017843,491044.1798881583,0.7244444444444444,0.4388090433752937,16,1,
1:0:4:2:2:7:4:1:1,716.0,0.06733471955901132,350.6,448.43119007775454,565203.1931008034,0.7555555555555555,0.4645039253676531,14,3,
1:0:4:2:2:7:5:2:0,420.0,0.05211750988817305,356.40000000000003,396.2439724838934,488310.75080006855,0.7911111111111111,0.5356406670419004,16,1,
1:0:4:2:2:7:5:1:1,552.0,0.05866371445948296,367.4000000000001,400.53357533836663,494467.1016831012,0.7733333333333333,0.5307120038853039,14,2,
1:0:4:2:2:7:6:1:1,536.0,0.05943257561343499,356.59999999999997,444.6329513022875,531174.2088158409,0.7733333333333333,0.6092646416621511,13,2,
1:0:4:2:2:8:4:2:0,436.0,0.05179082430314508,342.6,386.69354682076414,490094.0747391153,0.8133333333333334,0.4438454305268086,17,1,
1:0:4:2:2:8:4:1:1,568.0,0.062081788176025846,386.20000000000005,442.64023396058155,556876.2235284665,0.8355555555555556,0.47107518601465215,15,2,
1:0:4:2:2:8:5:2:0,420.0,0.052611972996942265,366.8,396.96939243120096,490094.0747391153,0.8133333333333334,0.5305560943699977,16,1,
1:0:4:2:2:8:6:1:1,536.0,0.060232817731609094,379.19999999999993,440.03839896120473,523330.91708176746,0.8088888888888889,0.618164778426934,13,2,
1:0:4:3:2:7:6:1:1,668.0,0.06839938643426643,368.20000000000005,502.7861947709949,598068.9453437111,0.7422222222222222,0.6177974033645969,11,3,
1:0:4:3:3:6:4:1:1,700.0,0.07317903979513792,383.40000000000003,563.128395390603,717224.9032739364,0.6711111111111111,0.42421511054122313,13,3,
1:0:4:3:3:7:3:1:1,552.0,0.06421666721789006,383.8,509.07501240252645,655577.3699919472,0.7555555555555555,0.3750873067978761,14,2,
1:0:4:3:3:7:5:1:1,668.0,0.07067100073627128,343.40000000000003,578.6975165661038,712046.8751635435,0.7288888888888889,0.5399224574771994,11,3,
1:0:4:3:3:7:6:1:1,456.0,0.06567920327777543,396.0,625.7820737499471,724735.0634057241,0.76,0.6641204143667271,8,2,
1:0:4:4:4:6:4:1:1,504.0,0.06916450166328537,356.2,696.001287423921,872542.0314778275,0.6311111111111111,0.48323223974071117,11,2,
1:0:4:9:9:2:2:0:2,688.0,0.11275772577963031,389.4,1459.6488300416818,1915005.3503363293,0.24888888888888888,0.27193865645463744,2,4,
1:0:5:0:0:7:7:1:1,732.0,0.05843891072840271,409.40000000000015,173.47549138906072,187133.090135999,0.7555555555555555,0.7489924447745888,15,3,
1:0:5:0:0:7:9:1:1,716.0,0.05605425803110391,460.6,84.62080569983803,41983.51234241899,0.7777777777777778,0.9528894450282295,14,3,
1:0:5:0:0:8:6:2:1,600.0,0.05283815839396467,419.0000000000001,169.85856386420494,197657.9134041419,0.84,0.6566173501700051,17,2,
1:0:5:0:0:8:7:2:0,452.0,0.045753038784679644,426.80000000000007,150.6433726552918,169677.02068705542,0.8622222222222222,0.7026584736751105,18,1,
1:0:5:0:0:8:7:2:1,584.0,0.053595580324951354,449.8000000000001,172.10055731140525,184803.48189128636,0.8177777777777778,0.75315946064289,16,2,
1:0:5:0:0:8:8:2:0,436.0,0.04682488812094624,448.6,168.9599827212905,169677.02068705542,0.8622222222222222,0.802880381199218,17,1,
1:0:5:0:0:8:8:2:1,584.0,0.05361066456686355,453.20000000000005,169.0399527544299,167004.03294227167,0.8488888888888889,0.8124918998995291,16,2,
1:0:5:0:0:8:9:2:0,468.0,0.04174319892701262,425.0,46.221975857784024,14507.22638135905,0.8888888888888888,0.9748543893071627,19,1,
1:0:5:0:0:8:9:1:1,732.0,0.056160641039912744,454.5999999999999,77.01442339803671,46529.099908987046,0.8533333333333334,0.9355594668772639,15,3,
1:0:5:0:0:9:7:2:0,468.0,0.04618340077013018,417.40000000000003,153.72651732792903,172660.93197124478,0.96,0.7061370939289762,19,1,
1:0:5:0:0:9:8:2:0,420.0,0.045862205175299396,444.2,167.6996164442364,168015.77561346453,0.9288888888888889,0.8043126940566672,16,1,
1:0:5:0:0:9:9:2:0,452.0,0.040040602143906624,409.40000000000003,39.51354823789898,4680.177227413509,0.9066666666666666,0.991872105889979,18,1,
1:0:5:0:0:9:9:2:1,616.0,0.048649501122046766,426.40000000000003,52.213775246052116,23458.71378571298,0.9511111111111111,0.9592771642485911,18,2,
1:0:5:1:0:6:8:1:1,700.0,0.06113856495993237,475.0,200.61771159847817,184030.16413417156,0.6977777777777778,0.8477405633058511,13,3,
1:0:5:1:0:7:7:1:1,732.0,0.059222981686313694,416.59999999999997,183.91708794205815,204512.25098051675,0.7822222222222223,0.7179007465957734,15,3,
1:0:5:1:0:7:8:2:1,584.0,0.05287059501010883,430.0,175.58838772744866,174360.94853941698,0.7866666666666666,0.8095785050176851,16,2,
1:0:5:1:0:8:7:2:0,436.0,0.04795358298920582,465.4000000000001,177.5556172571311,192377.14365990437,0.8933333333333333,0.744873308831022,17,1,
1:0:5:1:0:8:7:2:1,584.0,0.05327100620023357,432.6,181.99763950525528,200919.69654554923,0.8266666666666667,0.7258946963067644,16,2,
1:0:5:1:0:8:8:2:0,420.0,0.045491793880391936,422.4000000000001,181.1653623088184,182743.89937705986,0.8755555555555555,0.8001268990475161,16,1,
1:0:5:1:0:8:8:1:1,568.0,0.05339264892036252,456.4,176.9346007081568,178313.69500825272,0.8222222222222222,0.8006972408696822,15,2,
1:0:5:1:0:9:7:2:0,436.0,0.046147111603294405,420.4000000000001,181.91001107412401,199172.86566116466,0.9288888888888889,0.7345441003346768,17,1,
1:0:5:1:0:9:7:2:1,600.0,0.054252011595337706,438.59999999999997,182.07026089509836,198792.52581131068,0.9244444444444444,0.7373640690611284,17,2,
1:0:5:1:0:9:8:2:0,420.0,0.04713121037449355,463.2,177.25223342610494,178713.45223116816,0.9511111111111111,0.8004186041340906,16,1,
1:0:5:1:0:9:8:1:1,568.0,0.053596272754127164,433.80000000000007,204.11613696786102,205374.06302842728,0.9244444444444444,0.8017045176094243,15,2,
1:0:5:1:1:6:6:1:1,716.0,0.06434755990344541,449.6,282.2200978275219,320809.1902691563,0.6977777777777778,0.6908483060443666,14,3,
1:0:5:1:1:6:7:1:1,684.0,0.06552714738442861,473.20000000000005,317.1608161496435,357446.43537786,0.6311111111111111,0.7019169449216163,12,3,
1:0:5:1:1:7:4:2:1,584.0,0.05993112893824016,466.99999999999994,297.45040111040373,371110.5903132783,0.7511111111111111,0.4989941400353637,16,2,
1:0:5:1:1:7:5:1:1,716.0,0.06560092912635994,448.0,312.02090534309843,379569.5324323742,0.7422222222222222,0.5691689597800375,14,3,
1:0:5:1:1:7:6:2:0,436.0,0.050273329464957876,427.40000000000003,267.7499129615522,314662.0904132862,0.7511111111111111,0.6400876624083912,17,1,
1:0:5:1:1:7:6:1:1,568.0,0.056292712843656154,410.59999999999997,287.9860389822635,344772.9611654583,0.7511111111111111,0.6049027846800439,15,2,
1:0:5:1:1:7:7:1:1,732.0,0.060340286267319486,429.4000000000001,196.25644101468842,221231.853803794,0.7911111111111111,0.7016513394416588,15,3,
1:0:5:1:1:7:8:1:1,700.0,0.06037234077651202,432.6000000000001,225.7776674715203,223964.3250757202,0.7733333333333333,0.8101836342675837,13,3,
1:0:5:1:1:8:4:2:1,584.0,0.0584294934044242,428.8,301.8636015995446,377316.46735727834,0.8,0.49301315406156754,16,2,
1:0:5:1:1:8:5:2:0,452.0,0.050782944656203026,420.20000000000005,270.41625476456795,332876.24748616974,0.8177777777777778,0.5387082647912188,18,1,
1:0:5:1:1:8:5:1:1,732.0,0.0648364154190944,434.8000000000001,292.01934692962385,363175.3176304965,0.8177777777777778,0.5089641239821938,15,3,
1:0:5:1:1:8:6:2:0,420.0,0.05202771622269776,451.40000000000003,299.22361501069946,358451.65639103873,0.8977777777777778,0.6036007844398674,16,1,
1:0:5:1:1:8:6:1:1,732.0,0.061039541423252096,443.8,197.5896820231721,223113.32266344587,0.8,0.6995139184577558,15,3,
1:0:5:1:1:8:7:1:1,732.0,0.059793502914596765,421.4,191.95381557842714,215658.55906882422,0.8088888888888889,0.7057871585317446,15,3,
1:0:5:1:1:8:8:1:1,552.0,0.05306570303344783,429.20000000000005,212.77831825257604,214378.13302023936,0.8755555555555555,0.8008679240711043,14,2,
1:0:5:1:1:9:6:2:0,420.0,0.05256106528574729,474.8000000000001,287.8239689293139,342212.98021738743,0.9066666666666666,0.6186841380082434,16,1,
1:0:5:1:1:9:7:2:0,420.0,0.04739603681783204,443.4,203.01082840122106,216221.33922096904,0.92,0.7603194983924068,16,1,
1:0:5:1:1:9:7:1:1,568.0,0.05333055659406922,421.00000000000006,210.9375233665573,213715.84036529923,0.9066666666666666,0.797327938268609,15,2,
1:0:5:2:1:6:6:1:1,700.0,0.06614320630393623,450.40000000000015,337.822141838565,398199.56930345326,0.6977777777777778,0.634802367553309,13,3,
1:0:5:2:1:6:7:1:1,652.0,0.06462014647501746,436.8,365.153295687893,395682.5388025845,0.6577777777777778,0.7447580003073229,10,3,
1:0:5:2:1:7:6:1:1,568.0,0.06055054356856318,454.8,339.5872302926717,402694.6203685142,0.7733333333333333,0.62373051815014,15,2,
1:0:5:2:1:7:7:1:1,668.0,0.06382813029922707,421.60000000000014,346.53293173260914,387375.0186325911,0.7777777777777778,0.7118107647679345,11,3,
1:0:5:2:1:8:6:2:0,420.0,0.054658640817183024,472.8,337.019418386618,396570.1608246898,0.84,0.6378641978227796,16,1,
1:0:5:2:1:8:6:1:1,700.0,0.06618474727339976,453.4,335.7568136514947,399591.8409653691,0.8,0.6167922926651056,13,3,
1:0:5:2:1:8:7:1:1,668.0,0.06357945974706192,414.40000000000003,348.13784430889325,390872.9994840438,0.8311111111111111,0.7065875666477794,11,3,
1:0:5:2:1:8:8:1:1,472.0,0.05652375123907843,417.8,381.9844028792648,380310.5372053755,0.8888888888888888,0.8080509864376019,9,2,
1:0:5:2:2:5:6:1:1,668.0,0.06965871670447812,466.4000000000001,432.9211258507577,515127.173445437,0.5955555555555555,0.6171794054005862,11,3,
1:0:5:2:2:6:4:1:1,700.0,0.07105854203949581,471.8,427.01719588865586,535675.8366453855,0.6844444444444444,0.4810453647307502,13,3,
1:0:5:2:2:6:5:1:1,552.0,0.06401507431052697,476.20000000000005,412.13917198685675,512639.7230192841,0.6755555555555556,0.5085135811313488,14,2,
1:0:5:2:2:6:6:1:1,668.0,0.06849894882880259,425.00000000000006,448.22634864805826,535675.8366453855,0.6844444444444444,0.608473869774638,11,3,
1:0:5:2:2:7:4:1:1,568.0,0.06330323184617455,413.1999999999999,443.1227165389276,556653.2786365687,0.7155555555555555,0.47627525904375595,15,2,
1:0:5:2:2:7:5:1:1,568.0,0.061985781854603836,419.4,407.2800917285864,505121.2181802355,0.7333333333333333,0.5173322991046593,15,2,
1:0:5:2:2:7:6:1:1,536.0,0.06283057706051857,428.20000000000005,449.48798386166794,538515.3574682982,0.7333333333333333,0.6033840490259219,13,2,
1:0:5:2:2:8:4:1:1,716.0,0.07005957087380309,443.0,417.34034466056954,533894.549765185,0.8222222222222222,0.40546222694843737,14,3,
1:0:5:2:2:8:5:2:0,420.0,0.05501064013650375,421.80000000000007,395.93940307133454,490094.0747391153,0.8133333333333334,0.5231033462410875,16,1,
1:0:5:2:2:8:6:1:1,668.0,0.06976363614941737,453.0,448.68181336189076,522842.62917141686,0.8311111111111111,0.6543654930310725,11,3,
1:0:5:3:2:6:6:1:1,636.0,0.07167463899425829,475.8,500.87937737081137,580672.7140761873,0.6222222222222222,0.6625430622960542,9,3,
1:0:5:3:2:7:5:1:1,668.0,0.07157427238052662,451.4,491.0211285618488,598068.9453437111,0.7422222222222222,0.5661252838106949,11,3,
1:0:5:3:3:5:4:1:1,684.0,0.07408111335327373,429.4000000000001,553.4250504486588,707434.5718405282,0.5511111111111111,0.4088469381837537,12,3,
1:0:5:3:3:6:4:1:1,668.0,0.07324388802739297,412.40000000000003,567.5874806163417,714665.4067010655,0.6488888888888888,0.4681226650592482,11,3,
1:0:5:3:3:6:5:1:1,668.0,0.07550782901929522,454.00000000000006,576.9261529341425,708433.173973364,0.6844444444444444,0.5453735462943585,11,3,
1:0:5:3:3:7:4:1:1,684.0,0.07352389333272047,419.8,550.4875999862105,702109.0730959079,0.7111111111111111,0.418377756212128,12,3,
1:0:5:4:4:6:3:1:1,668.0,0.08001375397523075,446.80000000000007,685.5094644426919,883732.4417716977,0.6311111111111111,0.369902473447184,11,3,
1:0:5:5:5:5:2:1:1,668.0,0.08444360629088597,422.20000000000005,809.7811415449344,1067896.5408398928,0.5955555555555555,0.23745657377335957,11,3,
1:0:5:9:8:2:2:0:2,688.0,0.11410088609756204,422.20000000000005,1457.0699371951455,1911513.9261748649,0.24888888888888888,0.27230010660143,2,4,
1:0:6:0:0:7:7:1:1,732.0,0.06246854398484043,505.0,168.54223965890958,181498.71237537434,0.7777777777777778,0.7505764967974299,15,3,
1:0:6:0:0:7:9:1:1,716.0,0.057365156058633966,485.59999999999997,89.11601131926417,49059.59586751631,0.7866666666666666,0.9446692091750031,14,3,
1:0:6:0:0:8:7:2:0,436.0,0.04796078132580978,482.2000000000001,160.91757983072006,169677.02068705542,0.8622222222222222,0.768640230584012,17,1,
1:0:6:0:0:8:7:2:1,600.0,0.05579452132343534,484.00000000000006,171.37672977729514,184803.48189128636,0.8177777777777778,0.7493204840751997,17,2,
1:0:6:0:0:8:8:2:0,436.0,0.04973004655718972,516.4,166.52604753676889,165324.98050198643,0.8755555555555555,0.8097077870985324,17,1,
1:0:6:0:0:8:8:2:1,584.0,0.05612132561052866,508.40000000000003,170.3298262368949,168685.15192618492,0.8622222222222222,0.8111225918118107,16,2,
1:0:6:0:0:8:9:2:0,420.0,0.04371290206347118,498.0,65.54029642810163,14507.22638135905,0.8888888888888888,0.983569240605801,16,1,
1:0:6:0:0:8:9:2:1,600.0,0.051148097203318504,482.0,68.83218707466628,30445.91892497755,0.8577777777777778,0.960176973323805,17,2,
1:0:6:0:0:9:7:2:0,436.0,0.04906072523033377,498.60000000000014,169.26631768250962,183095.8196141681,0.9422222222222222,0.7464233673482898,17,1,
1:0:6:0:0:9:8:2:0,436.0,0.05101705606590727,544.2,167.68376148291358,164216.0605089153,0.9066666666666666,0.817334532648267,17,1,
1:0:6:0:0:9:9:2:0,436.0,0.04371884275419931,494.40000000000003,53.273961969484425,11093.655700444288,0.9466666666666667,0.9847017281158443,17,1,
1:0:6:0:0:9:9:2:1,584.0,0.050342140877926884,493.20000000000005,55.498169753354944,14934.964153261144,0.9022222222222223,0.9792364294275919,16,2,
1:0:6:1:0:7:7:1:1,732.0,0.06402927853840429,516.2,192.45876711409653,203614.81483564124,0.7555555555555555,0.7659245628530832,15,3,
1:0:6:1:0:7:8:1:1,716.0,0.06265569456093542,500.0000000000001,193.753127621047,192173.94900884596,0.7644444444444445,0.8102525952834627,14,3,
1:0:6:1:0:8:7:2:0,436.0,0.050648867936395316,509.4,194.19952856889466,203199.7712637451,0.8711111111111111,0.774693861878103,17,1,
1:0:6:1:0:8:7:1:1,568.0,0.05611408333921673,503.6,190.9668751323763,200919.69654554923,0.8266666666666667,0.7703970515866342,15,2,
1:0:6:1:0:8:8:2:0,420.0,0.05048212703660543,539.6,176.24785832362215,164644.60609688284,0.8888888888888888,0.8401615429980587,16,1,
1:0:6:1:0:8:8:2:1,584.0,0.0555655516066037,484.00000000000006,182.2249111485832,183773.8803201515,0.8622222222222222,0.800259258935231,16,2,
1:0:6:1:0:9:7:2:0,420.0,0.04865116044055358,494.60000000000014,180.0511099124554,184689.83509746002,0.9377777777777778,0.7891255334990903,16,1,
1:0:6:1:0:9:7:1:1,568.0,0.055751517529729226,500.79999999999995,185.60914441890765,191299.04348774368,0.9155555555555556,0.7858151037897037,15,2,
1:0:6:1:0:9:8:2:0,420.0,0.048317391236743806,489.8,177.34130282673559,178713.45223116816,0.9511111111111111,0.8007325702914149,16,1,
1:0:6:1:0:9:8:1:1,568.0,0.05777871714474319,531.1999999999999,200.82113575672207,199902.30682749653,0.9466666666666667,0.8081647689007971,15,2,
1:0:6:1:1:6:7:1:1,536.0,0.05847060739832151,484.0,295.58866646223396,327076.70061016537,0.6844444444444444,0.7233798588281676,13,2,
1:0:6:1:1:7:5:1:1,568.0,0.06145282201202289,513.0000000000001,301.6884952705149,363851.18008139404,0.76,0.5891185660109324,15,2,
1:0:6:1:1:7:6:1:1,716.0,0.06933106258228763,539.4000000000001,304.54890810147157,353772.63772370515,0.7288888888888889,0.6594041573593902,14,3,
1:0:6:1:1:7:7:1:1,732.0,0.06333037451292799,480.6,212.3334265408796,229989.87706138578,0.7822222222222223,0.7451550410460355,15,3,
1:0:6:1:1:7:8:1:1,684.0,0.06333884642682572,512.6,228.52404460357855,225484.7621535323,0.7733333333333333,0.8132065050865216,12,3,
1:0:6:1:1:8:6:2:0,420.0,0.054476238353624924,538.4,267.31536295656076,313952.1351744562,0.8177777777777778,0.6411924351532032,16,1,
1:0:6:1:1:8:6:1:1,552.0,0.06235609532687722,530.8000000000001,320.2121448547375,377316.46735727834,0.8,0.6353987016793703,14,2,
1:0:6:1:1:8:7:1:1,732.0,0.06346894835996168,495.99999999999994,200.05133809913784,214131.4467394565,0.8488888888888889,0.7560052321988125,15,3,
1:0:6:1:1:8:8:1:1,552.0,0.05807003292657343,540.8,213.77574084790223,215353.47192345888,0.8355555555555556,0.8009535269156838,14,2,
1:0:6:1:1:9:6:2:0,420.0,0.05408818093939247,493.00000000000006,303.9840711363305,352024.6206442674,0.9066666666666666,0.6642409722606354,16,1,
1:0:6:1:1:9:8:1:1,536.0,0.05817098786993016,548.2,224.64722707342878,219784.69334555525,0.9066666666666666,0.8178654138999167,13,2,
1:0:6:2:1:7:6:1:1,568.0,0.06170500081991596,480.8,339.5625184481092,402694.6203685142,0.7733333333333333,0.6235928474961012,15,2,
1:0:6:2:1:7:7:1:1,684.0,0.06804079102456871,510.6,336.3177980527962,371663.62679909816,0.7244444444444444,0.7247900585102804,12,3,
1:0:6:2:1:8:6:2:0,420.0,0.05496959883497572,482.00000000000006,334.81597378695375,396546.85140520334,0.8222222222222222,0.6260522030848354,16,1,
1:0:6:2:1:8:6:1:1,684.0,0.06720816258247068,495.4000000000001,332.78365810559023,380415.36641211825,0.8222222222222222,0.6832112497786207,12,3,
1:0:6:2:1:8:7:1:1,520.0,0.06212183971756818,527.6,350.1413936452841,390765.87909370207,0.88,0.7137340196036992,12,2,
1:0:6:2:1:8:8:1:1,472.0,0.06162127050983545,532.0,382.47858647129755,380310.5372053755,0.8888888888888888,0.8088063646532571,9,2,
1:0:6:2:2:6:4:2:1,584.0,0.06537932577557196,485.60000000000014,401.4348299503687,512130.4480405553,0.6844444444444444,0.4173263698505935,16,2,
1:0:6:2:2:6:5:1:1,700.0,0.07080894173985812,488.20000000000005,405.00118914680746,502898.27476803603,0.6488888888888888,0.5137355183237465,13,3,
1:0:6:2:2:6:6:1:1,668.0,0.07213619746134338,530.1999999999999,424.8644428802263,502898.27476803603,0.6488888888888888,0.6271627366940046,11,3,
1:0:6:2:2:7:4:1:1,568.0,0.06659307055760726,483.0,447.3440875461633,562328.4445238591,0.7111111111111111,0.47397564712534407,15,2,
1:0:6:2:2:7:5:1:1,700.0,0.07360161660334803,530.0,426.0363735753307,531129.4593296035,0.7155555555555555,0.5014418167277478,13,3,
1:0:6:2:2:7:6:1:1,684.0,0.07237107772774963,503.4,440.94924887436684,524893.685297435,0.7511111111111111,0.6163825285813828,12,3,
1:0:6:2:2:8:6:1:1,520.0,0.06554569317497311,517.0,437.778096436895,522027.5404813463,0.8088888888888889,0.6129431831646779,12,2,
1:0:6:3:2:6:6:1:1,636.0,0.07262297306694605,497.19999999999993,500.8168940062862,580672.7140761873,0.6222222222222222,0.662348850878416,9,3,
1:0:6:3:3:6:4:1:1,520.0,0.06984746628615501,511.80000000000007,539.7679914384876,674292.1224608582,0.6888888888888889,0.4949119931631129,12,2,
1:0:6:3:3:6:6:1:1,472.0,0.07061486575109248,534.6,582.2344793995807,689987.5470534763,0.6444444444444445,0.6249512036554817,9,2,
1:0:6:4:4:6:2:1:1,684.0,0.08288216831319849,482.8,698.048787046966,917195.1088672626,0.6888888888888889,0.2621741374271237,12,3,
1:0:6:6:6:3:3:0:2,720.0,0.10324369130355786,483.20000000000005,1119.7830543300518,1442629.735935611,0.3333333333333333,0.3731036811405032,4,4,
1:0:6:8:8:3:2:0:2,720.0,0.11553830037372069,528.4000000000001,1351.2117584087157,1779559.7691096556,0.32,0.24655734363988566,4,4,
1:0:7:0:0:7:9:1:1,732.0,0.06068331325521653,551.2,82.174548242372,38065.89455808382,0.7822222222222223,0.9574368760807128,15,3,
1:0:7:0:0:8:8:2:0,436.0,0.051819748410949495,559.2,170.74433924636355,169677.02068705542,0.8622222222222222,0.8091471305569005,17,1,
1:0:7:0:0:8:9:2:0,420.0,0.046471421126706505,559.4,66.20697535089629,14507.22638135905,0.8888888888888888,0.983763436156218,16,1,
1:0:7:0:0:8:9:2:1,584.0,0.05536519481554652,579.6,82.11688334979675,37965.940167072025,0.84,0.9575560476739783,16,2,
1:0:7:0:0:9:7:2:0,452.0,0.05225332418521574,558.4,165.29979416735424,175328.67010009996,0.9022222222222223,0.7638136611457164,18,1,
1:0:7:0:0:9:9:2:0,420.0,0.04612225480696073,553.0000000000001,64.75073315661633,13143.38257831674,0.9777777777777777,0.9851490125651234,16,1,
1:0:7:0:0:9:9:2:1,600.0,0.05329548705017656,550.2,48.948458628972375,4680.177227413509,0.9066666666666666,0.9935469479632165,17,2,
1:0:7:1:0:6:8:1:1,700.0,0.06745748578774524,599.2,218.59343022426796,211805.94432180183,0.6933333333333334,0.8229337952979232,13,3,
1:0:7:1:0:7:8:1:1,716.0,0.06566209155133076,556.0,205.3970599049424,206270.0247324487,0.7155555555555555,0.8028765363594008,14,3,
1:0:7:1:0:8:7:2:0,420.0,0.05336844358475923,571.4,209.38998065708253,211556.67613160066,0.8577777777777778,0.7991069020735202,16,1,
1:0:7:1:0:8:7:1:1,568.0,0.0576437805022266,552.2,176.7850613000985,178741.46572997887,0.8888888888888888,0.7986559962092851,15,2,
1:0:7:1:0:8:8:2:0,420.0,0.05184715367884576,569.4000000000001,177.16095777402944,166772.80199441954,0.8488888888888889,0.8367789835904624,16,1,
1:0:7:1:0:8:8:1:1,552.0,0.05973616512070477,591.8000000000001,200.26371521585736,200919.69654554923,0.8266666666666667,0.8034700929339361,14,2,
1:0:7:1:0:9:7:2:0,436.0,0.05302642322383784,558.8,198.29452253635148,209065.23550569985,0.9333333333333333,0.7687298763089595,17,1,
1:0:7:1:0:9:8:2:0,420.0,0.05376144638678849,597.6,192.03254370274104,186746.93134076087,0.9377777777777778,0.8210556381661372,16,1,
1:0:7:1:0:9:8:1:1,552.0,0.059382657738349845,573.6,210.50979911287152,199902.30682749653,0.9466666666666667,0.8327905703056155,14,2,
1:0:7:1:1:6:7:1:1,700.0,0.0664459467762755,584.6000000000001,210.43380246619873,214307.811903872,0.6933333333333334,0.7939700281031069,13,3,
1:0:7:1:1:7:6:1:1,716.0,0.07293766735802407,616.8000000000001,308.2975155555414,358497.1171125663,0.7288888888888889,0.657763723897447,14,3,
1:0:7:1:1:7:7:1:1,700.0,0.0693427748647184,559.2,301.01243445616404,334831.9538307156,0.7466666666666667,0.7175212593323791,13,3,
1:0:7:1:1:7:8:1:1,684.0,0.06791003335740729,614.2,229.77575054166408,225566.327220077,0.7555555555555555,0.8160276482948766,12,3,
1:0:7:1:1:8:6:1:1,716.0,0.07281944162809731,603.8000000000001,318.6374366321894,371689.6708267457,0.8177777777777778,0.6526711152228393,14,3,
1:0:7:1:1:8:7:1:1,716.0,0.06561873942806906,550.2,210.22163713155393,214131.4467394565,0.8488888888888889,0.793847530404821,14,3,
1:0:7:1:1:8:8:1:1,684.0,0.06666107773971824,589.4,226.47424914366073,224334.9595485855,0.8888888888888888,0.811001684858033,12,3,
1:0:7:1:1:9:6:2:0,420.0,0.05720139749550657,560.2,306.8314436488977,354338.95009560336,0.9244444444444444,0.6684651138920779,16,1,
1:0:7:2:1:6:6:1:1,700.0,0.07125098935973236,568.0000000000001,335.14726059397793,383655.89948887157,0.6755555555555556,0.681246857013469,13,3,
1:0:7:2:1:6:7:1:1,668.0,0.07198845520251067,613.0000000000001,338.7402420564899,374272.2407733413,0.6755555555555556,0.7249883794006556,11,3,
1:0:7:2:1:7:7:1:1,668.0,0.0715565547211616,594.6000000000001,347.4224812261359,387375.0186325911,0.7777777777777778,0.7148004146301062,11,3,
1:0:7:2:1:8:6:1:1,700.0,0.07070554077674883,550.4,340.4746674768484,390676.78080462234,0.8088888888888889,0.677892545247868,13,3,
1:0:7:2:1:8:7:1:1,520.0,0.0632509586800922,568.8000000000001,334.34657030207455,364549.5139865261,0.8355555555555556,0.7387434537625202,12,2,
1:0:7:2:2:5:6:1:1,668.0,0.07538626988960796,583.8000000000001,444.39107251617924,517319.9002466976,0.5822222222222222,0.6559987960241593,11,3,
1:0:7:2:2:6:5:1:1,700.0,0.07731658544911045,602.4000000000001,437.22317260498505,534866.0948124374,0.68,0.5552226055274904,13,3,
1:0:7:2:2:6:6:1:1,684.0,0.07448203928380923,557.0,434.84588388570745,517920.955374346,0.6755555555555556,0.6152732179459035,12,3,
1:0:7:2:2:7:5:1:1,552.0,0.06884575252370723,553.0000000000001,444.0294317834124,545084.4506699756,0.7288888888888889,0.5461497052751368,14,2,
1:0:7:2:2:7:6:1:1,536.0,0.07129821884182223,609.2,459.0099239410001,549880.0596078901,0.7422222222222222,0.603547340579059,13,2,
1:0:7:3:3:5:5:1:1,668.0,0.08222569519490328,605.3999999999999,576.678141885324,713004.6705967315,0.5377777777777778,0.5263786281460768,11,3,
1:0:7:3:3:6:4:1:1,684.0,0.08286471685274797,596.0,584.4561291868295,737293.0686245544,0.6311111111111111,0.4613381029962281,12,3,
1:0:7:3:3:6:5:1:1,504.0,0.0738740362899211,608.2,549.9658165232247,674292.1224608582,0.6888888888888889,0.549430448888912,11,2,
1:0:8:0:0:8:9:1:1,536.0,0.056117222550090565,633.6,93.03750737703768,25600.88208180334,0.8355555555555556,0.9786621028431806,13,2,
1:0:8:0:0:9:9:2:0,436.0,0.050521396986758595,633.2,67.53143220206846,15938.692543618501,0.9688888888888889,0.9822736764290738,17,1,
1:0:8:0:0:9:9:1:1,552.0,0.056239522606670825,626.4000000000001,86.98925865009342,31052.389558125178,0.9422222222222222,0.9703032461339129,14,2,
1:0:8:1:0:7:8:1:1,716.0,0.06810725340559819,620.4000000000001,196.0132016259592,191711.57307676552,0.7333333333333333,0.818030229853272,14,3,
1:0:8:1:0:8:8:2:0,420.0,0.054940945024676495,636.0000000000001,180.17126305522098,169677.02068705542,0.8622222222222222,0.8365927025094828,16,1,
1:0:8:1:0:8:8:1:1,700.0,0.06909595106967772,637.4000000000001,217.25889906774879,209790.20154318318,0.8444444444444444,0.8246818673678169,13,3,
1:0:8:1:0:9:8:1:1,568.0,0.062003289908804174,624.8000000000001,202.27402294809391,199034.5121577866,0.9111111111111111,0.814739813093022,15,2,
1:0:8:1:1:6:6:1:1,684.0,0.07392167237633195,650.8000000000001,328.4376284674688,374272.2407733413,0.6755555555555556,0.6875177125849041,12,3,
1:0:8:1:1:7:7:1:1,536.0,0.06494701767031752,622.5999999999999,302.707897582144,335038.4033268533,0.7777777777777778,0.7231046801496593,13,2,
1:0:8:1:1:7:8:1:1,700.0,0.06923724254060715,629.0,228.83795716366083,225566.327220077,0.7555555555555555,0.8137713993788841,13,3,
1:0:8:1:1:8:7:1:1,552.0,0.06795095184784626,667.8000000000001,309.0964165765408,344308.09382071916,0.8444444444444444,0.7159152191728082,14,2,
1:0:8:1:1:8:8:1:1,684.0,0.06849683951695001,629.2,227.97888913137544,224334.9595485855,0.8888888888888888,0.8147219401741481,12,3,
1:0:8:2:1:7:7:1:1,668.0,0.07387289073607982,635.8000000000001,358.3400415617958,403488.3995814337,0.7733333333333333,0.7030510561649568,11,3,
1:0:8:2:1:8:7:1:1,520.0,0.06655653617811268,644.0,333.52206400753516,364549.5139865261,0.8355555555555556,0.7362750796656305,12,2,
1:0:8:2:2:7:5:1:1,536.0,0.07218203136991853,626.4,461.69570582316703,556653.2786365687,0.7155555555555555,0.5898123750903034,13,2,
1:0:8:2:2:7:6:1:1,520.0,0.07338938441033717,688.0000000000001,443.2611492325863,527738.040597238,0.72,0.6160396039826855,12,2,
1:0:8:3:3:5:5:1:1,636.0,0.08366114814920528,669.8000000000001,576.5758333571183,697605.5825797784,0.5866666666666667,0.5819169777014965,9,3,
1:0:8:3:3:6:5:1:1,652.0,0.08295537013851449,650.8000000000001,563.695828116576,677102.9049380885,0.6666666666666666,0.5979057630445381,10,3,
1:0:9:0:0:7:9:1:1,684.0,0.06721355859881174,716.2,112.10506847326413,38065.89455808382,0.7822222222222223,0.9721829846727761,12,3,
1:0:9:0:0:9:9:1:1,520.0,0.06007536552367261,719.0,112.69572428263395,23556.728069920544,0.9111111111111111,0.9846340097881964,12,2,
1:0:9:1:0:7:8:1:1,684.0,0.07099283813636342,707.6,205.73885806817714,176942.81885059839,0.7377777777777778,0.8704299722188735,12,3,
1:0:9:1:0:8:8:1:1,520.0,0.06482674662329363,724.5999999999999,214.00179902410667,176039.43443555472,0.8088888888888889,0.8831208708892138,12,2,
1:0:9:1:1:6:7:1:1,684.0,0.07541885593915545,697.2000000000002,315.7242586309975,340684.04053243756,0.6977777777777778,0.7487123135642567,12,3,
1:0:9:1:1:7:8:1:1,668.0,0.07197430790693123,712.2000000000002,239.22192790595247,225566.327220077,0.7555555555555555,0.8360370986632227,11,3,
1:0:9:1:1:8:8:1:1,504.0,0.06512843190993747,717.8000000000001,243.58971797359328,217948.29169377495,0.8133333333333334,0.8572155175943246,11,2,
1:0:9:2:1:7:7:1:1,488.0,0.07113437900054323,759.4000000000001,353.1235275122227,366654.2052470393,0.7333333333333333,0.7804829524867657,10,2,
1:0:9:2:2:6:6:1:1,668.0,0.08110184014694348,718.0000000000001,438.79140330622846,507222.47956653096,0.6933333333333334,0.6669966480137789,11,3,
2:0:1:0:0:7:7:2:2,928.0,0.05292856714793396,196.2,66.69276082851407,72849.39393614585,0.7244444444444444,0.7369343965580035,17,4,
2:0:1:1:1:7:4:2:2,928.0,0.057639437096641905,188.60000000000005,180.28733467444266,228050.77493580928,0.7511111111111111,0.4512840805178489,17,4,
2:0:1:1:1:8:4:2:2,912.0,0.0574000900988694,187.60000000000002,191.90202722456144,244370.7848285866,0.8088888888888889,0.4249567618262746,16,4,
2:0:1:1:1:8:5:1:2,896.0,0.05735827969633102,192.40000000000003,202.16129316744784,244370.7848285866,0.8088888888888889,0.5840267068256324,15,4,
2:0:2:0:0:6:6:1:2,896.0,0.05886462945562328,253.80000000000004,174.65416275152361,204360.19435471646,0.6577777777777778,0.6475745440994247,15,4,
2:0:2:0:0:6:8:1:3,1044.0,0.061134816539510445,249.80000000000004,81.73337213898506,64111.2615717049,0.6711111111111111,0.894669244926392,14,5,
2:0:2:0:0:6:9:2:2,912.0,0.05345620246235562,236.20000000000002,54.56455540300137,40618.97267287731,0.6977777777777778,0.9054668236493614,16,4,
2:0:2:0:0:6:9:1:3,1044.0,0.061871110159688526,257.00000000000006,91.0999785929918,64111.2615717049,0.6711111111111111,0.9153124793183154,14,5,
2:0:2:0:0:7:4:2:2,912.0,0.05814472739166635,229.80000000000007,166.45636631249272,207893.57281959592,0.7555555555555555,0.49565809521199794,16,4,
2:0:2:0:0:7:6:2:1,748.0,0.05233130924720424,264.6000000000001,164.85445806209546,189852.96797335742,0.7688888888888888,0.6725927032739505,16,3,
2:0:2:0:0:7:7:2:2,944.0,0.0536619260140395,203.00000000000006,60.39333531588851,63523.88925203472,0.7955555555555556,0.7706096186096401,18,4,
2:0:2:0:0:7:8:2:1,780.0,0.046489234202392524,227.80000000000004,38.207769553831746,30680.958254746973,0.7911111111111111,0.8892083466811239,18,3,
2:0:2:0:0:7:8:2:2,944.0,0.053764034418778,226.20000000000002,39.49077442250502,32580.28508837171,0.7911111111111111,0.8823497095309093,18,4,
2:0:2:0:0:7:8:1:3,1044.0,0.06003172660479285,224.00000000000006,82.71384860783908,68142.55483108613,0.7866666666666666,0.882727571465168,14,5,
2:0:2:0:0:7:9:2:1,764.0,0.04665459041296896,230.8,54.92828429180153,41476.65514162113,0.7511111111111111,0.9026972174028013,17,3,
2:0:2:0:0:7:9:2:2,912.0,0.05340548836966204,234.40000000000006,55.22348831739577,40850.60881479324,0.7911111111111111,0.9066567383300932,16,4,
2:0:2:0:0:7:9:1:3,1044.0,0.06135127069160176,267.40000000000003,69.00359056103947,46723.00302193719,0.7822222222222223,0.9212198277550012,14,5,
2:0:2:0:0:8:5:2:1,764.0,0.05193506645394489,236.6,167.93899521376,207809.8679568059,0.8133333333333334,0.5240138946484053,17,3,
2:0:2:0:0:8:6:2:1,764.0,0.05206853798781054,238.8,168.74210472573705,195579.0260751772,0.8311111111111111,0.6628990281120807,17,3,
2:0:2:0:0:8:7:2:1,796.0,0.047106358050626046,207.0,56.89305613908593,58342.1675547868,0.8355555555555556,0.7893212738685682,19,3,
2:0:2:0:0:8:7:2:2,928.0,0.05295835931853061,207.0,56.56308466693882,57853.68642218772,0.84,0.7910852224338759,17,4,
2:0:2:0:0:8:8:2:1,780.0,0.046455694350471304,221.40000000000003,43.85312288560432,39038.191598230864,0.8088888888888889,0.8590296380629546,18,3,
2:0:2:0:0:8:8:2:2,928.0,0.05300404592348976,219.00000000000009,45.5910332785197,41610.94866587381,0.8044444444444444,0.8497391847874971,17,4,
2:0:2:0:0:8:9:2:1,780.0,0.04650632643256774,234.60000000000005,31.792344732773962,21183.731229928722,0.8711111111111111,0.923503673290146,18,3,
2:0:2:0:0:8:9:2:2,928.0,0.05430955604541043,239.40000000000003,54.56501102173452,41342.876449765834,0.8355555555555556,0.9020173986750001,17,4,
2:0:2:0:0:8:9:1:3,1028.0,0.06250888988156841,265.6,112.85002233528932,81761.40645677941,0.84,0.9104178285227371,13,5,
2:0:2:0:0:9:7:2:2,944.0,0.05363070405832208,203.8,58.890841312246685,61299.636446643475,0.9022222222222223,0.7786415921765126,18,4,
2:0:2:0:0:9:8:2:1,780.0,0.04648524682834025,228.99999999999997,36.918053637655674,28771.69656201529,0.9066666666666666,0.896102859486095,18,3,
2:0:2:0:0:9:9:2:1,796.0,0.047231900751540164,236.20000000000002,30.517766909653705,19296.879574019847,0.92,0.9303172614704716,19,3,
2:0:2:0:0:9:9:2:2,928.0,0.05509058022797319,254.60000000000005,56.938055129396744,43155.49230526295,0.92,0.9019494250700292,17,4,
2:0:2:0:1:6:4:2:2,928.0,0.060378231862401,256.0,174.51021690402257,218500.8259164884,0.6755555555555556,0.48742777284271727,17,4,
2:0:2:0:1:7:5:2:2,928.0,0.059873315067333774,244.20000000000002,174.94958901500996,217847.92473909602,0.72,0.5051482852659769,17,4,
2:0:2:0:1:8:4:2:1,764.0,0.05093735411320584,211.20000000000007,170.89046754713127,213265.82171732542,0.8488888888888889,0.4981516763628895,17,3,
2:0:2:0:1:8:5:2:1,764.0,0.05334172489059071,263.80000000000007,172.38881003829093,214772.80630627813,0.8,0.5034955184705514,17,3,
2:0:2:1:0:7:6:2:1,764.0,0.05264570581627318,243.20000000000002,177.32838086614663,206224.96054918607,0.7511111111111111,0.657589738409052,17,3,
2:0:2:1:0:7:6:2:2,912.0,0.06026099568239566,265.40000000000003,178.47240285390222,209305.81459897212,0.7244444444444444,0.6436927212060771,16,4,
2:0:2:1:0:7:7:2:1,748.0,0.051660976309616045,237.20000000000005,177.1719669663609,193805.15023848234,0.7644444444444445,0.7354877852292824,16,3,
2:0:2:1:0:8:6:2:1,748.0,0.05254668029683354,257.6,176.7003066787545,205061.61771962914,0.8311111111111111,0.6609282625986852,16,3,
2:0:2:1:0:8:7:2:1,748.0,0.052823966257355734,250.60000000000005,189.939240790504,208717.83070066664,0.8044444444444444,0.7308105963984425,16,3,
2:0:2:1:1:6:4:1:2,880.0,0.06507519493495012,257.00000000000006,327.1918860363775,414449.2359854039,0.68,0.44600691338197085,14,4,
2:0:2:1:1:6:5:1:3,1028.0,0.07179198956751781,257.2,330.1197652691506,402402.1620737113,0.6977777777777778,0.5642139922109378,13,5,
2:0:2:1:1:6:6:1:3,1044.0,0.06561115211810324,235.60000000000002,196.65092265732312,234595.9875421083,0.64,0.6120928432738799,14,5,
2:0:2:1:1:7:4:2:1,748.0,0.05783966201706283,246.60000000000008,306.79239538391346,383495.0647860283,0.7911111111111111,0.4928617689975646,16,3,
2:0:2:1:1:7:4:2:2,912.0,0.05963426774797838,246.0,183.77102432951347,232210.28289029916,0.7377777777777778,0.45526731365585377,16,4,
2:0:2:1:1:7:5:1:2,896.0,0.059816154451706696,233.40000000000006,216.46347516340046,265083.39688304375,0.7777777777777778,0.5525181052284232,15,4,
2:0:2:1:1:7:6:2:1,748.0,0.05185893021286484,237.4,181.42592978945905,213669.09392139662,0.7244444444444444,0.6363249006071494,16,3,
2:0:2:1:1:7:6:2:2,912.0,0.05952363752703452,240.60000000000008,186.68184435827644,220883.85724362746,0.7911111111111111,0.6278805081093587,16,4,
2:0:2:1:1:7:6:1:3,1044.0,0.06703175434000613,254.0,210.21447265013805,240968.08401188633,0.7111111111111111,0.6793243831236848,14,5,
2:0:2:1:1:7:7:1:2,880.0,0.05940387919732313,250.0,206.58728193977055,221084.22235083306,0.7333333333333333,0.7561771962187183,14,4,
2:0:2:1:1:8:3:2:1,764.0,0.0577050439115592,230.20000000000005,304.16348801008184,393952.7390619408,0.8222222222222222,0.3463050743429656,17,3,
2:0:2:1:1:8:4:2:2,928.0,0.05936458867703428,229.00000000000003,178.70324523327113,223113.32266344587,0.8,0.4967522118204046,17,4,
2:0:2:1:1:8:5:1:2,896.0,0.05780658202990857,202.60000000000005,202.04809567294268,244370.7848285866,0.8088888888888889,0.5827532003117182,15,4,
2:0:2:1:1:8:6:2:1,764.0,0.052072009430386305,227.00000000000006,180.6202121836917,213265.82171732542,0.8488888888888889,0.6317160494153277,17,3,
2:0:2:1:1:8:6:1:2,880.0,0.05937065639414212,240.40000000000006,215.43976886819775,249934.83397870944,0.8488888888888889,0.6614556586337227,14,4,
2:0:2:1:1:8:7:2:1,748.0,0.05340735855652858,262.40000000000003,191.26556752189293,213265.82171732542,0.8488888888888889,0.7147717446848545,16,3,
2:0:2:1:1:8:7:1:2,896.0,0.05835881730831258,219.20000000000005,197.87338943703296,222656.05140237705,0.8355555555555556,0.7038733748900773,15,4,
2:0:2:2:1:6:6:1:3,1012.0,0.06994301571805493,217.20000000000005,344.51785365623596,412349.065412089,0.6444444444444445,0.6054180906758801,12,5,
2:0:2:2:1:7:5:1:2,864.0,0.06280682087420347,213.00000000000006,336.1534696695783,415023.7591104558,0.7555555555555555,0.530471885305073,13,4,
2:0:2:2:1:7:6:1:2,848.0,0.06323036508027284,228.80000000000007,345.88321430613877,415023.7591104558,0.7555555555555555,0.600183613824853,12,4,
2:0:2:2:2:6:4:1:2,864.0,0.07059074749402677,244.40000000000003,479.89181861560223,609162.6010441553,0.6888888888888889,0.4377548328570536,13,4,
2:0:2:2:2:6:4:1:3,1028.0,0.07181260033238579,244.00000000000006,343.78350747868046,436319.1632455048,0.6755555555555556,0.4383957530336218,13,5,
2:0:2:2:2:6:5:1:3,1028.0,0.07285173207910692,264.0,347.16397177990575,429089.8865711429,0.6977777777777778,0.5273380175163892,13,5,
2:0:2:2:2:7:3:1:3,1028.0,0.07556600602214315,208.00000000000006,464.2351354982209,601239.8289316061,0.72,0.3466335338006682,13,5,
2:0:2:2:2:7:4:1:2,848.0,0.06806426112835472,211.00000000000006,472.44587538798135,601239.8289316061,0.72,0.4275413846821474,12,4,
2:0:2:2:2:7:4:1:3,1012.0,0.07535315001724362,211.00000000000006,472.44587538798135,601239.8289316061,0.72,0.4275413846821474,12,5,
2:0:2:2:2:7:5:1:3,1012.0,0.07112046758360657,228.40000000000003,359.8105206311479,431939.61612827104,0.7288888888888889,0.599181813454887,12,5,
2:0:2:3:3:6:2:1:2,864.0,0.07304543618853045,234.40000000000003,545.1223142419348,722113.30205888,0.6222222222222222,0.20483061008601738,13,4,
2:0:2:4:4:4:1:1:3,1012.0,0.0877963617745439,245.6,717.818139927238,961134.2143147957,0.49333333333333335,0.1150618320474211,12,5,
2:0:2:4:4:5:2:1:3,980.0,0.08577434305719665,262.0,687.9227187869247,904920.4272789093,0.5511111111111111,0.25462506116989614,10,5,
2:0:3:0:0:6:8:1:3,1044.0,0.06351610456788911,290.59999999999997,94.5123527775052,84281.7938196358,0.6888888888888889,0.8584119096040379,14,5,
2:0:3:0:0:6:9:1:3,1028.0,0.06229978022930664,282.8,90.94505515939947,64111.2615717049,0.6711111111111111,0.9150370647592395,13,5,
2:0:3:0:0:7:5:2:1,764.0,0.055175024263585934,312.59999999999997,164.8380459306836,204512.25098051675,0.7822222222222223,0.51623766340711,17,3,
2:0:3:0:0:7:6:2:1,748.0,0.05582261347414552,337.00000000000006,171.00880316827426,198888.60012010433,0.7777777777777778,0.6574851233220297,16,3,
2:0:3:0:0:7:8:2:2,928.0,0.05796728079972746,316.8,59.46381799386781,46764.13923875647,0.7866666666666666,0.8940862975344793,17,4,
2:0:3:0:0:7:8:1:3,1044.0,0.06346029502158199,299.20000000000005,84.65663798559467,69021.34849240846,0.7777777777777778,0.8854289507110521,14,5,
2:0:3:0:0:7:9:2:1,780.0,0.05064490740313948,312.40000000000003,47.110416570638314,29329.38730725529,0.7866666666666666,0.9321714190653546,18,3,
2:0:3:0:0:7:9:2:2,928.0,0.055862205049387395,277.00000000000006,51.89961361121634,35641.38329577615,0.7466666666666667,0.9191304890312768,17,4,
2:0:3:0:0:7:9:1:3,1044.0,0.06228602024175116,283.0,74.43545543940095,55977.9087382837,0.7466666666666667,0.9035020020211739,14,5,
2:0:3:0:0:8:6:2:1,748.0,0.05285568414645343,269.8,171.4528932952022,198599.23718909908,0.8355555555555556,0.6638480575199032,16,3,
2:0:3:0:0:8:8:2:1,764.0,0.05048083989377747,315.4,56.418897609992996,43656.3618957999,0.8622222222222222,0.8976529598124043,17,3,
2:0:3:0:0:8:8:2:2,912.0,0.05549363105642483,272.8,63.80669876955865,53278.42853452154,0.8222222222222222,0.8790827498992922,16,4,
2:0:3:0:0:8:8:1:3,1044.0,0.06347203677740826,300.0,84.12082749168587,71837.66848166806,0.8177777777777778,0.8725855171446628,14,5,
2:0:3:0:0:8:9:2:1,780.0,0.05047152335735667,304.00000000000006,51.60927554052487,38026.8540226979,0.8311111111111111,0.9073879155682097,18,3,
2:0:3:0:0:8:9:2:2,912.0,0.05607239239157158,296.0,53.62882881036067,38394.17009030044,0.8133333333333334,0.9124745702157183,16,4,
2:0:3:0:0:8:9:1:3,1044.0,0.06540069618652047,336.20000000000005,91.31566419671067,66432.26201432427,0.8533333333333334,0.9096915241249951,14,5,
2:0:3:0:0:9:8:2:1,764.0,0.051286103056282575,323.40000000000003,66.53731876635791,58644.168556121804,0.9022222222222223,0.8624856462684656,17,3,
2:0:3:0:0:9:9:2:1,764.0,0.04929265072470497,290.80000000000007,54.28464130586181,41202.91677984598,0.9155555555555556,0.9016630984186483,17,3,
2:0:3:0:0:9:9:2:2,912.0,0.05769729903176604,325.8,60.38922821473586,35160.139989695,0.9111111111111111,0.939415824465791,16,4,
2:0:3:1:0:5:7:1:3,1044.0,0.0686050542856753,310.00000000000006,189.61372142769443,212480.39562959463,0.5955555555555555,0.7089074837648133,14,5,
2:0:3:1:0:6:7:1:2,896.0,0.06242702283644857,331.6,177.00801382009286,197024.47059130503,0.6755555555555556,0.7167744449340321,15,4,
2:0:3:1:0:6:7:1:3,1044.0,0.06712992017006165,278.6000000000001,187.8232038263871,210953.66780935784,0.6533333333333333,0.7061580009324416,14,5,
2:0:3:1:0:7:6:2:1,748.0,0.05485847703805853,310.80000000000007,175.5157333563169,204675.86384032152,0.7733333333333333,0.6531725689180741,16,3,
2:0:3:1:0:7:6:1:2,896.0,0.06040877769545413,283.8000000000001,179.39749814771778,209982.25582054863,0.7244444444444444,0.6469974187658426,15,4,
2:0:3:1:0:7:7:2:1,748.0,0.05574546766735348,321.59999999999997,184.6730225154534,204512.25098051675,0.7822222222222223,0.722484375333301,16,3,
2:0:3:1:0:7:7:1:2,896.0,0.06059659996164262,289.4000000000001,178.02349913695895,196446.44142799877,0.7644444444444445,0.7263654353188235,15,4,
2:0:3:1:0:7:7:1:3,1044.0,0.06845624857204985,311.6,184.66559287112136,204464.80385346527,0.7777777777777778,0.7226955127407325,14,5,
2:0:3:1:0:7:8:1:2,832.0,0.06099562856515349,324.8,215.60164271595372,205827.21919294438,0.7288888888888889,0.8302846129959168,11,4,
2:0:3:1:0:8:6:2:2,912.0,0.060673877359674507,277.80000000000007,175.36224059267622,204723.55419583607,0.8088888888888889,0.6513538875854394,16,4,
2:0:3:1:0:8:7:2:1,748.0,0.05375178770162361,273.20000000000005,188.21522328653123,210599.89995701998,0.8444444444444444,0.7106787377898943,16,3,
2:0:3:1:0:8:7:1:2,880.0,0.06170231282003266,328.4,179.90203845073498,197572.46211474753,0.8,0.7314215609909474,14,4,
2:0:3:1:0:8:8:1:2,864.0,0.060771219019154,294.6,208.75242793096504,209092.6789183141,0.8666666666666667,0.8044669137351794,13,4,
2:0:3:1:1:5:4:1:2,896.0,0.06594781506431872,271.0,316.82583894717123,398506.6369429482,0.5955555555555555,0.47182704782364826,15,4,
2:0:3:1:1:5:5:1:3,1028.0,0.07392778840463675,314.20000000000005,321.1752391043268,392547.3704742448,0.5644444444444444,0.5575230546098723,13,5,
2:0:3:1:1:5:7:1:3,1028.0,0.06728237637834036,290.2,195.653468512658,217760.2483642646,0.5733333333333334,0.7168695384987253,13,5,
2:0:3:1:1:6:4:1:2,896.0,0.06767238922845037,331.6,295.0287576401332,369660.85105667077,0.6088888888888889,0.4850691232734382,15,4,
2:0:3:1:1:6:4:1:3,1044.0,0.0736467709488732,305.4000000000001,307.65234634964685,389126.5042035736,0.6488888888888888,0.45159431287017293,14,5,
2:0:3:1:1:6:5:1:2,864.0,0.06555792301093842,304.00000000000006,307.05326774611444,370999.20953416114,0.68,0.5850270251840356,13,4,
2:0:3:1:1:6:5:1:3,1028.0,0.07150373776452444,273.40000000000003,307.4340997017997,374148.1509879741,0.6355555555555555,0.5681432273974925,13,5,
2:0:3:1:1:6:6:2:2,912.0,0.061871455569512734,288.8,191.30775031403655,228912.80684039035,0.6711111111111111,0.6059666053981158,16,4,
2:0:3:1:1:6:6:1:3,1044.0,0.07035072885259838,335.6000000000001,203.29139918346343,231852.29669510658,0.6977777777777778,0.6863962938672291,14,5,
2:0:3:1:1:6:7:1:2,848.0,0.06158492909208358,320.8,216.86090457188052,220653.53782489084,0.6044444444444445,0.794565821879091,12,4,
2:0:3:1:1:6:7:1:3,1028.0,0.06861505662353518,322.00000000000006,193.83877402954167,218681.88700645824,0.6977777777777778,0.7006449054740684,13,5,
2:0:3:1:1:6:8:1:3,948.0,0.06764347637905066,318.40000000000003,255.5782185286398,237846.01332266306,0.6933333333333334,0.8417952886717485,8,5,
2:0:3:1:1:7:3:2:1,748.0,0.06008866795000524,303.8,300.1950288751179,389461.9022769093,0.7466666666666667,0.3374773256832782,16,3,
2:0:3:1:1:7:3:1:3,1044.0,0.07293140794732088,289.2,307.7566788147195,400447.56495401217,0.7288888888888889,0.32136370591936164,14,5,
2:0:3:1:1:7:4:2:1,748.0,0.059691631506903334,296.6000000000001,298.46170890532505,373936.8392289787,0.7288888888888889,0.4852965478473354,16,3,
2:0:3:1:1:7:4:1:2,896.0,0.06718983563317174,303.20000000000005,312.5713017463643,392904.35389093304,0.7644444444444445,0.47406082070843775,15,4,
2:0:3:1:1:7:4:1:3,1028.0,0.07381817978268485,314.8,318.10904511040906,400447.56495401217,0.7288888888888889,0.4689435163486693,13,5,
2:0:3:1:1:7:5:1:2,864.0,0.06762307902483915,329.0,328.5192780588809,404198.2143847005,0.7244444444444444,0.5400694587646113,13,4,
2:0:3:1:1:7:5:1:3,1044.0,0.06860785111812363,278.4,221.27665015778163,272463.1244378825,0.7555555555555555,0.5379370732703554,14,5,
2:0:3:1:1:7:6:2:1,748.0,0.055103964268861376,289.20000000000005,202.63919604938073,229989.87706138578,0.7822222222222223,0.6929018170095038,16,3,
2:0:3:1:1:7:6:2:2,912.0,0.06114364751786004,279.20000000000005,184.53206915185098,217007.88584699456,0.7644444444444445,0.6389241478727536,16,4,
2:0:3:1:1:7:6:1:3,1044.0,0.06877503274789717,309.80000000000007,193.63823682768648,230354.85556331818,0.7733333333333333,0.6176255885004008,14,5,
2:0:3:1:1:7:7:2:1,748.0,0.05537805486349666,298.6,199.40623442867485,224078.10783992405,0.7955555555555556,0.7055319563891788,16,3,
2:0:3:1:1:7:7:1:2,880.0,0.06059293212010351,290.0,193.34097270232894,217555.68319261435,0.7022222222222222,0.7038750131356898,14,4,
2:0:3:1:1:7:7:1:3,1044.0,0.06979263195470159,330.80000000000007,195.53421898078557,220612.39587318036,0.7911111111111111,0.7005435277118908,14,5,
2:0:3:1:1:7:8:1:2,848.0,0.0630992045612148,331.79999999999995,239.93210262733314,240621.11758552896,0.7422222222222222,0.8037153696133259,12,4,
2:0:3:1:1:8:4:2:1,748.0,0.059999871528250474,302.6,299.3971093856356,374785.1425553103,0.8311111111111111,0.48817267531070124,16,3,
2:0:3:1:1:8:6:2:1,748.0,0.05494566894564202,300.0,188.2775512769453,225021.33170143078,0.8711111111111111,0.6083780589594064,16,3,
2:0:3:1:1:8:6:1:2,880.0,0.061306785300051445,288.6,210.80266925115757,244370.7848285866,0.8088888888888889,0.6626329311661199,14,4,
2:0:3:1:1:8:6:1:3,1044.0,0.06876180406826905,292.6,210.54059153605363,241268.5173660306,0.8177777777777778,0.6797560752202255,14,5,
2:0:3:1:1:8:7:2:1,748.0,0.05643217201046325,331.8,189.92387023542312,213121.10645993153,0.8,0.7072505298614442,16,3,
2:0:3:1:1:8:7:1:2,896.0,0.061073779650189966,280.6,197.56004212927434,222656.05140237705,0.8355555555555556,0.7019055885879932,15,4,
2:0:3:1:1:8:7:1:3,1028.0,0.06922235465104375,295.59999999999997,233.90297964848443,262184.6682943813,0.8133333333333334,0.7085694763108223,13,5,
2:0:3:2:1:5:5:1:3,1012.0,0.07460285416979962,325.2,341.3642188204913,419380.6554824,0.5777777777777777,0.5440702922935193,12,5,
2:0:3:2:1:6:6:1:3,980.0,0.07263991089430771,310.99999999999994,343.39799512192343,396646.3991249491,0.6488888888888888,0.6681637914643681,10,5,
2:0:3:2:1:7:4:1:3,1028.0,0.07343467070820738,291.4,332.880090934666,421649.3779439883,0.7377777777777778,0.44605264808540407,13,5,
2:0:3:2:1:7:5:1:2,880.0,0.06642119568652023,270.6,343.876902946705,420583.7933235396,0.7111111111111111,0.5557668105241326,14,4,
2:0:3:2:1:7:6:1:2,848.0,0.0667406570479045,308.20000000000005,345.4647835778509,411989.25545328803,0.7066666666666667,0.6127473365719001,12,4,
2:0:3:2:1:7:6:1:3,996.0,0.07491220245561907,324.40000000000003,365.1245552514287,425026.6336223281,0.76,0.6560683207193393,11,5,
2:0:3:2:1:8:7:1:2,816.0,0.06753378921901873,336.79999999999995,366.7102574279214,398135.8277176727,0.8222222222222222,0.7429121242811038,10,4,
2:0:3:2:2:4:3:1:3,1012.0,0.07841934740917463,319.0,433.43531670642915,559891.6228631809,0.4888888888888889,0.3599593157268635,12,5,
2:0:3:2:2:5:2:1:3,1044.0,0.07786997262695006,305.6,402.4743841063762,527988.3981498535,0.5333333333333333,0.2724610403150367,14,5,
2:0:3:2:2:5:3:1:3,1012.0,0.07838208958069798,323.6,427.99701556570466,551154.8285747574,0.5866666666666667,0.3751901217305507,12,5,
2:0:3:2:2:5:5:1:3,1028.0,0.07358046943480892,281.8,345.7605622832006,425693.902704803,0.5555555555555556,0.5382541583328477,13,5,
2:0:3:2:2:6:2:1:2,880.0,0.0714383167210762,285.00000000000006,442.3621262242144,585054.5163996335,0.6977777777777778,0.2167239777172258,14,4,
2:0:3:2:2:6:2:1:3,1028.0,0.07780775016339748,304.8,417.8743786764435,548991.7358280168,0.6444444444444445,0.2630178022473727,13,5,
2:0:3:2:2:6:3:1:3,1028.0,0.08154184445535956,333.0,473.69150024559013,615821.1418676295,0.6888888888888889,0.32622559887661845,13,5,
2:0:3:2:2:6:4:1:2,848.0,0.07190195024845585,327.40000000000003,442.3938805902565,556679.2636762548,0.6355555555555555,0.4703593910913898,12,4,
2:0:3:2:2:6:5:1:3,1028.0,0.0752383552523738,308.6,356.26299317841045,440421.8637368353,0.6844444444444444,0.5267801536131689,13,5,
2:0:3:2:2:6:6:1:3,996.0,0.07437837546496767,301.80000000000007,375.7134479617725,440421.8637368353,0.6844444444444444,0.6444733133914611,11,5,
2:0:3:2:2:7:2:1:3,1028.0,0.07762480438248771,277.40000000000003,441.15809860597335,582175.9300883522,0.7066666666666667,0.23262788888577612,13,5,
2:0:3:2:2:7:3:1:3,1028.0,0.0774655231539759,287.2,427.7742709644576,550188.1881314495,0.7688888888888888,0.3810674982243298,13,5,
2:0:3:2:2:7:4:1:2,864.0,0.07189114039069162,309.59999999999997,443.95065879056176,559200.778649771,0.7288888888888889,0.466782943788657,13,4,
2:0:3:2:2:7:4:1:3,1012.0,0.0805910308562927,325.59999999999997,475.69819426658586,601239.8289316061,0.72,0.45430792832758965,12,5,
2:0:3:2:2:7:5:1:2,864.0,0.06765638228317422,309.20000000000005,349.06860137141985,428868.0211339517,0.7066666666666667,0.5439315161408951,13,4,
2:0:3:2:2:7:6:1:3,980.0,0.07289415885742857,292.80000000000007,367.3185742921427,430449.804982652,0.72,0.644993746666814,10,5,
2:0:3:3:3:5:2:1:2,864.0,0.07545017620074841,315.20000000000005,518.4289645168392,685111.7398144264,0.5644444444444444,0.22254105010278163,13,4,
2:0:3:3:3:5:2:1:3,1028.0,0.08268466336642948,306.80000000000007,525.604925744663,695734.8450339336,0.5244444444444445,0.21048604104565644,13,5,
2:0:3:3:3:5:4:1:3,964.0,0.08408374034301032,325.4000000000001,602.4841577177323,765707.3758086287,0.5155555555555555,0.4329270239765979,9,5,
2:0:3:3:3:6:3:1:2,848.0,0.0788148833149528,329.20000000000005,596.134874586438,767482.7473159422,0.6311111111111111,0.37639077199322446,12,4,
2:0:3:3:3:6:4:1:2,832.0,0.07633488303511846,297.2,588.3348682901653,739790.43917251,0.6755555555555556,0.4728834790281204,11,4,
2:0:3:5:5:6:2:1:2,816.0,0.08740571358164685,316.40000000000003,834.2285555870542,1105439.4335606818,0.6711111111111111,0.20241221046727992,10,4,
2:0:4:0:0:6:9:1:3,1044.0,0.06592830131164783,342.8,96.58677951207619,71618.33183382214,0.6888888888888889,0.9062118875372996,14,5,
2:0:4:0:0:7:8:1:3,1044.0,0.06613947037589517,365.40000000000003,78.73808345764127,61289.96989388998,0.7911111111111111,0.8963661103103859,14,5,
2:0:4:0:0:7:9:2:1,748.0,0.05392218061330268,398.6,66.64906379931028,29329.38730725529,0.7866666666666666,0.9604670215356883,16,3,
2:0:4:0:0:7:9:1:2,896.0,0.0595400480227273,373.2000000000001,70.451080511364,49376.10496189132,0.7644444444444445,0.9159728423216973,15,4,
2:0:4:0:0:7:9:1:3,1044.0,0.06626405955189499,379.00000000000006,67.94133991763714,46723.00302193719,0.7822222222222223,0.9189195269491565,14,5,
2:0:4:0:0:8:6:2:1,764.0,0.05809745528605698,371.4000000000001,171.79274393628202,198917.0790140457,0.8577777777777778,0.6644359966922687,17,3,
2:0:4:0:0:8:7:2:1,748.0,0.056034213965406234,338.6,174.1698142216402,188163.65331548484,0.8044444444444444,0.7476003157934086,16,3,
2:0:4:0:0:8:9:2:1,780.0,0.052231554815125585,349.40000000000003,45.80998334032552,28869.625584460046,0.8533333333333334,0.930722621099435,18,3,
2:0:4:0:0:8:9:2:2,912.0,0.060415664480611114,383.00000000000006,64.35245081374997,41410.10550739769,0.84,0.9281392306472953,16,4,
2:0:4:0:0:8:9:1:3,1044.0,0.06635693660997005,361.4,87.63107372432623,63011.802633216634,0.8844444444444445,0.9117296214490799,14,5,
2:0:4:0:0:9:9:2:1,748.0,0.051851704874214664,360.8,57.863359669830096,31613.132395430825,0.9111111111111111,0.9453339093380423,16,3,
2:0:4:0:0:9:9:1:2,896.0,0.05984080159170657,376.2,74.21803581339792,43155.49230526295,0.92,0.9395454266796556,15,4,
2:0:4:0:1:7:4:2:1,764.0,0.057387082569645344,354.4,172.8093578170203,215984.90015731804,0.7822222222222223,0.49330457921862886,17,3,
2:0:4:1:0:6:7:1:2,864.0,0.06319248142062608,361.80000000000007,196.0308319640866,207299.99276040922,0.6755555555555556,0.7662957389321214,13,4,
2:0:4:1:0:6:8:1:2,864.0,0.06554233141320745,401.40000000000003,209.30245679716774,209254.9362321475,0.68,0.805583530982235,13,4,
2:0:4:1:0:7:7:2:1,748.0,0.05666967013293888,344.00000000000006,183.0675779911249,201973.04195390464,0.7244444444444444,0.7265753148592452,16,3,
2:0:4:1:0:7:7:1:2,880.0,0.06264610377848233,345.59999999999997,183.93733501585245,204478.17040395996,0.76,0.718214154273329,14,4,
2:0:4:1:0:7:7:1:3,1044.0,0.07002499241831937,345.80000000000007,185.76232941218578,207481.14616012602,0.7511111111111111,0.7127998588060693,14,5,
2:0:4:1:0:7:8:1:2,864.0,0.06459707193399894,390.4,199.03411851497586,196419.9853015247,0.7333333333333333,0.8131125091698828,13,4,
2:0:4:1:0:7:8:1:3,1012.0,0.0703201853715031,358.8,211.4041708588198,212311.32463802252,0.7822222222222223,0.8028515394708583,12,5,
2:0:4:1:0:8:7:2:1,748.0,0.0573782930299208,357.8,185.211593173218,203647.33914017555,0.8844444444444445,0.7301701808590626,16,3,
2:0:4:1:0:8:7:1:2,896.0,0.06466492769944099,381.2,177.76087323742215,195092.72059924135,0.8222222222222222,0.7321038558653514,15,4,
2:0:4:1:0:8:8:1:2,864.0,0.06283406371695734,349.4,200.36643363154025,197572.46211474753,0.8,0.8135720100055808,13,4,
2:0:4:1:1:5:4:1:3,1044.0,0.07560128784530447,355.8,301.2289765193506,377603.909348367,0.5911111111111111,0.4835162832646421,14,5,
2:0:4:1:1:5:5:1:2,864.0,0.06830368425783537,360.0,312.8328958012959,378358.72317403555,0.5955555555555555,0.5827699248621302,13,4,
2:0:4:1:1:5:6:1:2,864.0,0.06919861340295805,367.6,325.36880156655616,381230.5138496328,0.5955555555555555,0.645259821972978,13,4,
2:0:4:1:1:5:6:1:3,1028.0,0.07093242938329626,361.5999999999999,206.3796611241661,234492.66133881593,0.5955555555555555,0.6914498612710012,13,5,
2:0:4:1:1:5:8:1:3,980.0,0.06977895008982508,355.8,234.22637702106425,233796.92040320756,0.5822222222222222,0.8065425813600581,10,5,
2:0:4:1:1:6:5:1:2,880.0,0.06774464815781352,348.8,295.45458355080405,356669.99728241464,0.6533333333333333,0.5870114249515319,14,4,
2:0:4:1:1:6:5:1:3,1028.0,0.07498718152308179,345.8,313.41158426934027,381520.46328509273,0.6177777777777778,0.5675207377813414,13,5,
2:0:4:1:1:6:6:1:2,880.0,0.06603385480756656,403.99999999999994,201.7617331702476,229458.5524204918,0.6844444444444444,0.690213641015777,14,4,
2:0:4:1:1:6:6:1:3,1012.0,0.07769653099040107,406.0,330.171947284024,390134.1670443542,0.6711111111111111,0.630375574376611,12,5,
2:0:4:1:1:6:7:1:2,880.0,0.06367812577504836,346.6,206.157829938588,223652.25800289484,0.6577777777777778,0.7436535358522406,14,4,
2:0:4:1:1:6:7:1:3,1044.0,0.07185843086686329,381.6,191.21469450442407,214168.5431831176,0.6266666666666667,0.7094985169899961,14,5,
2:0:4:1:1:6:8:1:2,832.0,0.06318509819584582,352.8,236.86470940653098,237058.6731974983,0.6977777777777778,0.8049556689142544,11,4,
2:0:4:1:1:6:8:1:3,996.0,0.0700506726654218,368.4,211.74013497199056,213048.3865359588,0.6133333333333333,0.8016948114154373,11,5,
2:0:4:1:1:7:4:2:1,748.0,0.0621774782390514,356.6,294.39326037865635,367766.8076064322,0.7955555555555556,0.49488437592332374,16,3,
2:0:4:1:1:7:4:1:2,896.0,0.06830640212069201,344.6,296.2940477155702,370484.7852673142,0.7244444444444444,0.49186744885622846,15,4,
2:0:4:1:1:7:4:1:3,1028.0,0.07783097503290365,406.0000000000001,317.1969382403321,400447.56495401217,0.7288888888888889,0.4585697008835521,13,5,
2:0:4:1:1:7:5:2:1,748.0,0.06442248438410332,397.4000000000001,304.10589864232463,378718.94677326875,0.7777777777777778,0.5047772873976731,16,3,
2:0:4:1:1:7:5:1:2,864.0,0.06858791651690294,351.6000000000001,327.62812163031606,402289.0326596732,0.7422222222222222,0.5455063737629671,13,4,
2:0:4:1:1:7:5:1:3,1028.0,0.0759675268646207,358.2,323.06935445396584,393634.51502757316,0.7466666666666667,0.5652989574352036,13,5,
2:0:4:1:1:7:6:1:2,880.0,0.06453452703271954,368.4000000000001,203.6268582361895,232210.28289029916,0.7377777777777778,0.6865409441093332,14,4,
2:0:4:1:1:7:6:1:3,1044.0,0.0701757877029885,348.8,186.15522331724156,220168.66907220372,0.7688888888888888,0.6286542330659295,14,5,
2:0:4:1:1:7:7:1:2,864.0,0.06555525038654604,389.19999999999993,221.79313369728604,246691.14080809496,0.7511111111111111,0.7176180483456859,13,4,
2:0:4:1:1:7:7:1:3,1028.0,0.07076371000203907,353.40000000000003,210.78347504587887,228554.52837842255,0.7911111111111111,0.7441391843364621,13,5,
2:0:4:1:1:7:8:1:2,848.0,0.06390194772840747,353.2,236.59382388916822,238703.18759899522,0.7555555555555555,0.8000010263907786,12,4,
2:0:4:1:1:7:8:1:3,980.0,0.0690308415534379,338.2,234.99393495235267,236185.50386963462,0.7466666666666667,0.8023749130317429,10,5,
2:0:4:1:1:8:4:2:1,748.0,0.06356460210131226,358.4,323.8035472795261,408888.3355809225,0.8088888888888889,0.45766677777821746,16,3,
2:0:4:1:1:8:6:2:1,748.0,0.060254288233990844,406.0,201.72148526479384,228696.53135901483,0.8311111111111111,0.6943440100124146,16,3,
2:0:4:1:1:8:6:1:2,896.0,0.06441893484371831,357.0,196.4260339836621,233832.39584329183,0.8,0.6162792886158333,15,4,
2:0:4:1:1:8:6:1:3,1044.0,0.07151841412111934,350.8,214.3643177251853,248081.4187784822,0.8,0.6652341932878265,14,5,
2:0:4:1:1:8:7:2:1,748.0,0.05724548882087246,349.3999999999999,190.62349846963053,214131.4467394565,0.8488888888888889,0.7059723392881481,16,3,
2:0:4:1:1:8:7:1:2,880.0,0.06566278801132495,406.00000000000006,191.41273025481124,214855.7715576642,0.8266666666666667,0.706889975403409,14,4,
2:0:4:1:1:8:7:1:3,1028.0,0.070711772885616,343.6,219.41488992636016,241268.5173660306,0.8177777777777778,0.7301122391876159,13,5,
2:0:4:1:1:8:8:1:2,832.0,0.06494369460127031,394.40000000000003,234.8331285285817,235428.61524902977,0.8355555555555556,0.8039190594018655,11,4,
2:0:4:2:1:5:6:1:2,832.0,0.06793933374999525,361.20000000000005,335.43500937489296,385341.09340087156,0.5955555555555555,0.6762222776494362,11,4,
2:0:4:2:1:5:7:1:3,980.0,0.07788274027501434,407.80000000000007,364.5616561878223,408757.2904053804,0.5466666666666666,0.7082292499754053,10,5,
2:0:4:2:1:6:5:1:3,1028.0,0.0763302010739319,347.40000000000003,342.02952416346784,420825.63797868195,0.64,0.540037704942715,13,5,
2:0:4:2:1:6:6:1:2,848.0,0.0679028721312495,338.2,341.61462295311355,405105.8481928823,0.6711111111111111,0.6236974940548492,12,4,
2:0:4:2:1:6:6:1:3,1012.0,0.07871246298527113,408.00000000000006,351.03041716860037,420318.22511872347,0.6711111111111111,0.6045614995991511,12,5,
2:0:4:2:1:6:7:1:2,832.0,0.07110246479875196,404.80000000000007,363.00545797191904,409259.2298905412,0.6933333333333334,0.7014738713662356,11,4,
2:0:4:2:1:6:7:1:3,980.0,0.07513251250752799,370.4000000000001,340.08153141937976,374623.6563851039,0.6444444444444445,0.7282220882832356,10,5,
2:0:4:2:1:7:5:1:2,864.0,0.06872702383929663,343.6,338.75803638417443,416479.46547151695,0.7644444444444445,0.5421274935534682,13,4,
2:0:4:2:1:7:5:1:3,1012.0,0.07567148329578156,352.6,338.0083741550852,414457.8925867092,0.7688888888888888,0.549185346374413,12,5,
2:0:4:2:1:7:6:1:2,864.0,0.07084377632452955,397.40000000000003,332.5849673019148,391557.99575949134,0.7822222222222223,0.636933747301873,13,4,
2:0:4:2:1:7:6:1:3,1012.0,0.07668763054812203,361.4,352.07168733274546,421763.1067094863,0.7333333333333333,0.6035875807037178,12,5,
2:0:4:2:1:7:7:1:2,816.0,0.07033997062397779,400.80000000000007,365.84933903950036,411989.25545328803,0.7066666666666667,0.7029141804605473,10,4,
2:0:4:2:1:7:7:1:3,964.0,0.07475574208907577,368.6,349.4041970042049,391625.4318200355,0.7333333333333333,0.7086489603899666,9,5,
2:0:4:2:1:8:6:1:2,832.0,0.07073860060770476,407.20000000000005,352.418513673357,409787.2308746421,0.8088888888888889,0.6578222609439944,11,4,
2:0:4:2:2:5:3:1:2,864.0,0.07365955394269366,370.79999999999995,422.5399637106076,543093.4906948371,0.6,0.38420073748354516,13,4,
2:0:4:2:2:5:3:1:3,1028.0,0.08396179808720552,395.20000000000005,465.94045696212413,603257.1898846378,0.5688888888888889,0.34828443862318115,13,5,
2:0:4:2:2:5:4:1:2,864.0,0.07585617161655486,380.4000000000001,462.36386137248417,585964.0579178518,0.5822222222222222,0.4440717157123242,13,4,
2:0:4:2:2:5:4:1:3,1028.0,0.08084520234461032,375.00000000000006,416.017052753732,532789.6397289718,0.56,0.4005928290249833,13,5,
2:0:4:2:2:5:5:1:3,980.0,0.08066524691948264,357.2000000000001,477.76805568835954,595035.3252450584,0.5955555555555555,0.5045369115962779,10,5,
2:0:4:2:2:6:2:1:2,896.0,0.07400605741843838,367.00000000000006,402.1362919148636,527397.7006934646,0.6888888888888889,0.274240126550045,15,4,
2:0:4:2:2:6:3:1:2,864.0,0.07336845966623048,355.6,431.1903424901859,555627.6263898811,0.6133333333333333,0.3720582377404622,13,4,
2:0:4:2:2:6:3:1:3,1012.0,0.08210812259413534,403.40000000000003,432.03275836804534,555792.543170599,0.6044444444444445,0.3799855411497609,12,5,
2:0:4:2:2:6:4:1:2,848.0,0.07566524643557412,401.00000000000006,453.46804480041783,573739.3180286684,0.6088888888888889,0.45040079739891214,12,4,
2:0:4:2:2:6:4:1:3,1012.0,0.08373684590330485,400.6000000000001,471.47903282435897,600243.5181492532,0.6755555555555556,0.4259461040210438,12,5,
2:0:4:2:2:6:5:1:2,848.0,0.07091427588470377,392.0,355.5712074058348,429089.8865711429,0.6977777777777778,0.5878044188134001,12,4,
2:0:4:2:2:6:5:1:3,1028.0,0.0790541907776077,403.20000000000005,347.51929249617325,431418.9820473483,0.68,0.514453500932693,13,5,
2:0:4:2:2:6:6:1:3,964.0,0.08015361723034718,382.59999999999997,456.8563876828118,544916.4299520548,0.6666666666666666,0.6124348007936987,9,5,
2:0:4:2:2:7:2:1:3,1044.0,0.08181777318852718,343.40000000000003,453.4998967418615,599402.4925444542,0.72,0.22138501559842266,14,5,
2:0:4:2:2:7:3:1:2,880.0,0.07530701005490838,384.0000000000001,430.40772623543853,552839.4078646584,0.72,0.38728397179352664,14,4,
2:0:4:2:2:7:4:1:2,864.0,0.07409128497988555,362.4,440.6539120474252,554632.9226015538,0.7244444444444444,0.46944661165999013,13,4,
2:0:4:2:2:7:4:1:3,1012.0,0.08299287060303212,387.4000000000001,467.93958856822263,592218.2881267247,0.7022222222222222,0.4493182076761592,12,5,
2:0:4:2:2:7:5:1:2,880.0,0.07055251754827833,357.0000000000001,350.4316448362624,432134.2033934358,0.7466666666666667,0.5338364534146605,14,4,
2:0:4:2:2:7:6:1:2,848.0,0.0709340903095178,375.4,372.6170319641508,435626.0912689659,0.7466666666666667,0.6489871695797002,12,4,
2:0:4:2:2:7:6:1:3,996.0,0.07778028513144995,377.59999999999997,376.45641545762396,441065.05928981653,0.7688888888888888,0.6453530093741725,11,5,
2:0:4:3:2:4:6:1:3,948.0,0.08040422063578874,366.2,494.89496430524656,588324.1409350623,0.47555555555555556,0.6189778112713142,8,5,
2:0:4:3:2:5:6:1:3,948.0,0.0814543351014125,388.4000000000001,496.3225397817812,595035.3252450584,0.5955555555555555,0.6019487264559817,8,5,
2:0:4:3:2:6:5:1:2,832.0,0.0771462815212784,404.8,498.9913342287641,609162.6010441553,0.6888888888888889,0.560483322181898,11,4,
2:0:4:3:3:5:2:1:3,1012.0,0.08800480342734265,390.40000000000003,577.7080771152097,755753.9964455505,0.5288888888888889,0.28992390601370727,12,5,
2:0:4:3:3:5:3:1:3,980.0,0.08774783218578808,397.40000000000003,596.9262241802315,768122.7231851076,0.5688888888888889,0.37874166243586843,10,5,
2:0:4:3:3:5:4:1:3,996.0,0.08538520821147033,378.20000000000005,546.9671847580826,695765.7338701792,0.5466666666666666,0.42935729656067134,11,5,
2:0:4:3:3:6:1:1:2,864.0,0.07900194573405041,379.4,534.1437790161339,708406.2511425309,0.6044444444444445,0.19580675131971859,13,4,
2:0:4:3:3:6:1:1:3,1028.0,0.08964524999542156,407.4,581.618124896985,773555.9932154568,0.6933333333333334,0.17335873395859347,13,5,
2:0:4:3:3:6:3:1:2,864.0,0.07804484476545398,368.6,523.4090072227145,678287.8202468818,0.6177777777777778,0.343456250718946,13,4,
2:0:4:3:3:6:4:1:2,832.0,0.07934241798995773,387.6,565.6044047740487,722775.1631416793,0.68,0.41021033170753013,11,4,
2:0:4:3:4:5:1:1:2,864.0,0.08382669884246974,377.20000000000005,644.900723955569,857243.0026117756,0.5244444444444445,0.17788383393261936,13,4,
2:0:4:4:4:5:1:1:3,1012.0,0.0927767533047687,352.20000000000005,723.2769493572955,967476.4650862763,0.6,0.12422481703697759,12,5,
2:0:4:4:4:6:1:1:3,1012.0,0.09458102695642757,397.0,719.0731065196208,961904.6135470981,0.6666666666666666,0.12373986259885943,12,5,
2:0:4:5:5:4:0:1:3,980.0,0.10184877511236169,374.6,936.9974400281382,1258675.891088014,0.4,0.08407138763836605,10,5,
2:0:4:5:5:5:1:1:3,964.0,0.0979661974388118,393.4,846.8394423732653,1123093.628405879,0.5244444444444445,0.19597255650470924,9,5,
2:0:4:8:8:2:2:0:3,852.0,0.11536375312892698,400.20000000000005,1343.4844454008573,1757736.644976444,0.24888888888888888,0.28923232459872705,2,5,
2:0:4:9:9:1:1:0:3,1016.0,0.12784556611897033,404.8,1455.725237676832,1938831.9269041605,0.14666666666666667,0.16183488757259887,2,6,
2:0:5:0:0:6:9:1:2,864.0,0.06194807101387481,441.6,88.2315978121832,35058.135055306855,0.6977777777777778,0.9657121907847481,13,4,
2:0:5:0:0:7:6:2:1,748.0,0.05923929881310986,410.59999999999997,174.28422329497198,204512.25098051675,0.7822222222222223,0.6426990992516157,16,3,
2:0:5:0:0:7:9:1:2,880.0,0.06390586463238872,474.80000000000007,83.08195422874618,54620.03771993787,0.7288888888888889,0.9253400070505847,14,4,
2:0:5:0:0:7:9:1:3,1044.0,0.06802386151180206,408.8000000000001,77.73688401554632,48043.64655851674,0.7333333333333333,0.9330201642125125,14,5,
2:0:5:0:0:8:7:2:1,748.0,0.05998188055688833,427.80000000000007,173.79231252998738,189533.3310150091,0.8266666666666667,0.738525518467126,16,3,
2:0:5:0:0:8:9:2:1,748.0,0.05448730031427091,413.00000000000006,64.96425707109555,41588.941204245864,0.8488888888888889,0.9287899811468614,16,3,
2:0:5:0:0:8:9:1:2,896.0,0.06115380039135898,410.0,69.96050880557709,50074.15401677704,0.8755555555555555,0.912516046111525,15,4,
2:0:5:0:0:8:9:1:3,1044.0,0.06910309712369876,419.80000000000007,91.01968528322213,64661.63056555896,0.8666666666666667,0.9137698182528472,14,5,
2:0:5:0:0:9:9:2:1,748.0,0.05607977947461755,445.8,67.99503817889476,32840.16109786671,0.9466666666666667,0.9547439054336434,16,3,
2:0:5:0:0:9:9:1:2,880.0,0.0608823983957932,412.4000000000001,77.45396390534701,44506.60262052992,0.9288888888888889,0.9407092595660808,14,4,
2:0:5:1:0:6:7:1:2,880.0,0.06675357050963936,432.80000000000007,189.1553364668856,211323.33921119227,0.6533333333333333,0.712509034369094,14,4,
2:0:5:1:0:6:8:1:2,832.0,0.064861743346332,414.8,212.58922529247,202487.55112120172,0.6355555555555555,0.8313723051436959,11,4,
2:0:5:1:0:6:8:1:3,1012.0,0.0723929202655631,413.0,203.84070597516973,204168.55303567785,0.6533333333333333,0.8044799377240396,12,5,
2:0:5:1:0:7:7:1:2,880.0,0.0662120528422853,419.0,190.77118895141948,212702.13365790705,0.7377777777777778,0.7148393425457733,14,4,
2:0:5:1:0:7:7:1:3,1028.0,0.07352608525382688,430.20000000000005,196.1369182111048,207481.14616012602,0.7511111111111111,0.766023473810821,13,5,
2:0:5:1:0:7:8:1:2,864.0,0.06583962830359293,415.20000000000005,202.19163683084076,201404.61981059704,0.7422222222222222,0.8077624388739392,13,4,
2:0:5:1:0:8:6:2:1,764.0,0.06029583390788186,416.40000000000003,176.25626292734177,204958.34244139516,0.8755555555555555,0.6577438857206657,17,3,
2:0:5:1:0:8:7:2:1,748.0,0.060311497094606766,423.8000000000001,185.20868462865215,203790.05291702796,0.8222222222222222,0.729417098573077,16,3,
2:0:5:1:0:8:7:1:2,864.0,0.06533072886284182,412.0,193.94139941394076,206876.01053118374,0.8,0.7590145340648088,13,4,
2:0:5:1:0:8:8:1:2,864.0,0.06605248346002363,431.6000000000001,190.5808778505313,186510.7409559626,0.8133333333333334,0.8177068261658322,13,4,
2:0:5:1:1:5:5:1:3,1028.0,0.07960712110546853,441.6,321.5602248730417,392377.55022436543,0.5688888888888889,0.5616256603483645,13,5,
2:0:5:1:1:5:6:1:2,832.0,0.06988595231897972,410.20000000000005,330.2339271770436,377064.8457895164,0.6,0.6848104962881398,11,4,
2:0:5:1:1:6:5:1:2,896.0,0.0729623524787595,450.79999999999995,294.8529307720886,365806.33529280464,0.6888888888888889,0.5163483876492094,15,4,
2:0:5:1:1:6:5:1:3,1028.0,0.08002108318701458,444.6,327.8743717078281,402378.47195387975,0.68,0.5469121119160428,13,5,
2:0:5:1:1:6:6:1:2,864.0,0.07005665791883374,413.99999999999994,298.2748031737591,345545.62234585563,0.6533333333333333,0.6636484540510292,13,4,
2:0:5:1:1:6:6:1:3,1028.0,0.07360066169130143,414.2000000000001,213.8148880542822,246074.22276657532,0.6622222222222223,0.6735695932469247,13,5,
2:0:5:1:1:6:7:1:2,864.0,0.06678048382100615,430.4,208.1608859726383,220572.0754850005,0.6977777777777778,0.7646345533146328,13,4,
2:0:5:1:1:6:7:1:3,1012.0,0.07303921314338654,422.6,208.78229572619716,225633.45925501807,0.6533333333333333,0.7472838479404076,12,5,
2:0:5:1:1:6:8:1:2,848.0,0.06717289675946451,433.20000000000005,230.19017708795158,229499.81850965225,0.6755555555555556,0.8072344270310816,12,4,
2:0:5:1:1:6:8:1:3,980.0,0.07480620450059766,473.0,230.13960126344742,229603.1472101796,0.6444444444444445,0.8068382808489362,10,5,
2:0:5:1:1:7:4:1:2,880.0,0.07131848118089891,416.8000000000001,307.86582657022547,386634.0314162095,0.7688888888888888,0.47724646720647024,14,4,
2:0:5:1:1:7:5:1:2,864.0,0.07210988438433613,429.59999999999997,328.872398647563,404198.2143847005,0.7244444444444444,0.5429782526082275,13,4,
2:0:5:1:1:7:5:1:3,1028.0,0.07886941629754986,422.80000000000007,323.7618666948718,396046.7367726312,0.7111111111111111,0.5553473405763288,13,5,
2:0:5:1:1:7:6:1:2,896.0,0.06827858237046866,433.8,206.46810333554515,236256.7052417626,0.7777777777777778,0.6818125840774396,15,4,
2:0:5:1:1:7:7:1:2,896.0,0.06726349539593808,426.0,191.42864640860697,213804.0649834538,0.7155555555555555,0.7128320713694289,15,4,
2:0:5:1:1:7:7:1:3,1028.0,0.07418306395292111,445.6,195.51893894072506,220168.66907220372,0.7688888888888888,0.7029625687011891,13,5,
2:0:5:1:1:7:8:1:2,848.0,0.06663693569498572,440.00000000000006,211.33105313717866,213085.73857131827,0.7377777777777778,0.8003817986163203,12,4,
2:0:5:1:1:7:8:1:3,996.0,0.07479882242923451,450.40000000000003,236.5735046577764,236097.88013357716,0.7555555555555555,0.806647835607966,11,5,
2:0:5:1:1:8:6:1:2,896.0,0.06673678593516215,424.00000000000006,181.57768354114833,214855.7715576642,0.8266666666666667,0.627783768788825,15,4,
2:0:5:1:1:8:7:1:2,896.0,0.06742042464241924,429.00000000000006,191.9595544544327,215343.56209400858,0.8177777777777778,0.7075976724129543,15,4,
2:0:5:1:1:8:7:1:3,1012.0,0.0755301329208213,458.0,229.42799071847904,242328.3579664276,0.8488888888888889,0.7672663078978295,12,5,
2:0:5:1:1:8:8:1:2,864.0,0.06894541642170032,474.6000000000001,212.67186948825722,214027.25545927254,0.8,0.8015750527699735,13,4,
2:0:5:1:1:8:8:1:3,996.0,0.07423020850275597,447.6,226.5796913120091,222944.21871419542,0.8044444444444444,0.8147564041807498,11,5,
2:0:5:2:1:5:6:1:3,996.0,0.07783432759916074,420.6,334.6723709811166,396390.78404855134,0.5911111111111111,0.6259860822991147,11,5,
2:0:5:2:1:6:6:1:2,848.0,0.07142223896523753,421.40000000000003,337.60037671784426,400267.30807280546,0.6355555555555555,0.6240667641328684,12,4,
2:0:5:2:1:6:6:1:3,996.0,0.07780260900531037,419.4,335.1587026194833,398095.9303769589,0.6977777777777778,0.6206035329508998,11,5,
2:0:5:2:1:6:7:1:2,832.0,0.07358795540132985,471.40000000000003,352.32899652992165,393642.6398666624,0.6577777777777778,0.7124418805727003,11,4,
2:0:5:2:1:6:7:1:3,980.0,0.07967898991055666,478.0,334.7772729875248,368208.5719663964,0.6311111111111111,0.7298622966126083,10,5,
2:0:5:2:1:7:5:1:2,848.0,0.07178177018046308,418.40000000000003,348.6898290604193,418465.7238978689,0.76,0.5998084802368522,12,4,
2:0:5:2:1:7:6:1:2,848.0,0.07185506430994001,430.0000000000001,338.73894697365034,399758.29395359807,0.7866666666666666,0.63264639876347,12,4,
2:0:5:2:1:7:6:1:3,996.0,0.07833057841100076,432.60000000000014,333.8380142475169,383385.7657572994,0.7155555555555555,0.6766768320308146,11,5,
2:0:5:2:1:7:7:1:2,816.0,0.07226962482947048,456.6,353.46655866308583,396579.2098164734,0.7466666666666667,0.7074323266106017,10,4,
2:0:5:2:1:7:7:1:3,964.0,0.07848245574648843,443.79999999999995,358.05525429599004,383754.00071486563,0.7244444444444444,0.7548567274891923,9,5,
2:0:5:2:1:8:6:1:2,848.0,0.07164538385123145,420.2000000000001,343.82113665270765,394233.1709082423,0.8177777777777778,0.6789192570587983,12,4,
2:0:5:2:1:8:7:1:2,832.0,0.07395399285878106,475.20000000000005,356.7648393225739,400441.80184752215,0.8222222222222222,0.7069425774678074,11,4,
2:0:5:2:2:4:3:1:3,1012.0,0.0854400025666525,449.4,461.0000577496815,599046.4320160808,0.49777777777777776,0.3287574680999541,12,5,
2:0:5:2:2:4:4:1:3,1012.0,0.08318264500198909,431.8,427.8095125447547,535114.0026526744,0.4622222222222222,0.49074730094137353,12,5,
2:0:5:2:2:5:4:1:3,1012.0,0.08355533629294007,448.8,419.19506659115154,522908.3451320179,0.5022222222222222,0.4995759869578399,12,5,
2:0:5:2:2:5:5:1:2,864.0,0.0767722244363639,446.79999999999995,416.57504981818795,518366.3315111318,0.5733333333333334,0.5072699413793532,13,4,
2:0:5:2:2:5:5:1:3,996.0,0.08399361155517526,437.59999999999997,456.25625999144336,563711.9811898187,0.5066666666666667,0.5284248283410385,11,5,
2:0:5:2:2:6:3:1:3,1012.0,0.08415924944346882,463.8,417.7831124780488,535851.6984568291,0.6266666666666667,0.39388182674182215,12,5,
2:0:5:2:2:6:4:1:2,864.0,0.07692290003933945,452.00000000000006,414.7652508851377,530504.1895222533,0.6711111111111111,0.40625399109882293,13,4,
2:0:5:2:2:6:4:1:3,996.0,0.08216025583810407,418.20000000000005,434.40575635734166,546416.0696225875,0.6177777777777778,0.47172246410768465,11,5,
2:0:5:2:2:6:5:1:2,864.0,0.07624848497931998,434.00000000000006,417.5909120346996,519150.58124547265,0.6444444444444445,0.5101099754295965,13,4,
2:0:5:2:2:6:5:1:3,996.0,0.07931406833987267,426.40000000000003,362.1665376471351,437148.92440188775,0.6222222222222222,0.5872934030967729,11,5,
2:0:5:2:2:6:6:1:2,800.0,0.0770247412972213,444.40000000000003,488.65667918747914,580121.3112179763,0.6311111111111111,0.6215836158481113,9,4,
2:0:5:2:2:6:6:1:3,996.0,0.07967710392070443,424.8,371.93483821584965,435831.23211344786,0.6844444444444444,0.6451040792953945,11,5,
2:0:5:2:2:6:7:1:3,964.0,0.08146201940914961,474.80000000000007,394.0954367058661,440421.8637368353,0.6844444444444444,0.7121346282833847,9,5,
2:0:5:2:2:7:6:1:2,832.0,0.07476096836544577,479.0,371.12178822252986,432688.28933119494,0.7022222222222222,0.6535179736114398,11,4,
2:0:5:2:2:8:5:1:3,1012.0,0.08041957856700852,436.60000000000014,360.8405177576914,434072.01925149385,0.8044444444444444,0.5947581787758726,12,5,
2:0:5:3:2:5:4:1:3,980.0,0.08422771202629196,417.59999999999997,497.5235205915694,622098.5756982804,0.5866666666666667,0.49188146039490355,10,5,
2:0:5:3:2:5:6:1:3,948.0,0.08240266917410026,409.80000000000007,496.26005641725607,595035.3252450584,0.5955555555555555,0.6016850067960774,8,5,
2:0:5:3:2:6:5:1:2,816.0,0.07632833192160887,408.8,492.58746823619975,599249.4100137308,0.6177777777777778,0.5690765379596081,10,4,
2:0:5:3:3:4:3:1:3,980.0,0.08844418764392963,427.80000000000007,582.1942219884165,747079.6271894254,0.4888888888888889,0.3917302466698253,10,5,
2:0:5:3:3:4:4:1:2,816.0,0.08148877812705455,449.00000000000006,568.4975078587272,715052.6073668302,0.49333333333333335,0.47187182495222596,10,4,
2:0:5:3:3:4:4:1:3,964.0,0.08804828430944953,445.0000000000001,572.0863969626142,720365.5048813698,0.43555555555555553,0.4679477907767514,9,5,
2:0:5:3:3:5:4:1:3,980.0,0.08822742000680206,422.0000000000001,583.1169501530463,736005.946625855,0.5022222222222222,0.45933948758701254,10,5,
2:0:5:3:3:5:5:1:3,948.0,0.08744309226234931,442.20000000000005,577.2695759028594,713164.1461088205,0.5155555555555555,0.528671530928115,8,5,
2:0:5:3:3:6:3:1:2,848.0,0.08287241497310355,461.4000000000001,555.2293368948299,723668.4813183538,0.6177777777777778,0.31182742324130464,12,4,
2:0:5:3:3:6:4:1:2,832.0,0.08137478061779825,424.40000000000003,574.5325639004607,723699.9424561356,0.6711111111111111,0.4666937992514405,11,4,
2:0:5:3:3:6:4:1:3,980.0,0.0902832717791547,466.4,584.9736150309807,738956.5929329377,0.6177777777777778,0.4563083646206771,10,5,
2:0:5:3:3:6:5:1:2,816.0,0.08054235596056325,414.0,582.2030091126729,718368.9563128408,0.6311111111111111,0.5321741586701347,10,4,
2:0:5:4:4:3:2:1:3,980.0,0.09367260535594311,431.20000000000005,696.4336205087202,918019.1352216565,0.39111111111111113,0.24049288691491644,10,5,
2:0:5:4:4:4:3:1:3,980.0,0.09558451220360466,467.20000000000016,703.4515245811045,913860.398973628,0.49777777777777776,0.33019403948940096,10,5,
2:0:5:4:4:5:1:1:3,996.0,0.09520087609242454,451.59999999999997,694.4197120795525,927873.8979845695,0.5555555555555556,0.1339269373496755,11,5,
2:0:5:4:4:5:2:1:3,996.0,0.09342627319130374,421.8,684.291146804334,899669.3779235029,0.5288888888888889,0.25813277121477946,11,5,
2:0:5:5:5:4:0:1:2,816.0,0.09807978561017089,469.4,921.3951762288448,1236477.8628316557,0.4444444444444444,0.09388089371252442,10,4,
2:0:5:5:5:4:1:1:3,996.0,0.09990162168831355,425.8,825.9864879870548,1106067.6830101423,0.4311111111111111,0.1142258967619379,11,5,
2:0:5:5:5:5:1:1:3,980.0,0.09970585297495727,453.6,809.7816919365386,1083618.405363437,0.52,0.12060025558521517,10,5,
2:0:5:5:5:5:4:0:3,1048.0,0.10459997371028287,414.40000000000003,891.0994084813648,1129180.6338705525,0.5155555555555555,0.4445146019871943,4,6,
2:0:5:6:6:3:2:0:3,1048.0,0.11600883649725457,456.00000000000006,1106.1988211882278,1450262.9381655199,0.3466666666666667,0.2764516147179142,4,6,
2:0:5:6:6:4:0:1:2,800.0,0.10268187305728789,455.99999999999994,1054.3421437889774,1417727.3353680468,0.4266666666666667,0.07404477227039835,9,4,
2:0:5:7:7:2:2:0:3,884.0,0.11299972349039498,458.79999999999995,1199.6937785338866,1573248.1154432134,0.27111111111111114,0.27479855287395993,4,5,
2:0:5:8:9:1:0:0:3,1048.0,0.1304190433093716,463.6,1422.8284744608607,1921327.6520621956,0.11555555555555555,0.029336965593829735,4,6,
2:0:5:9:9:1:0:0:3,1032.0,0.1300836645708491,449.99999999999994,1444.8824528441044,1938596.467634854,0.16,0.09578526618649791,3,6,
2:0:5:9:9:1:1:0:3,1032.0,0.131569849678473,469.40000000000003,1458.9216177656422,1954976.1403126507,0.1511111111111111,0.10775428556188431,3,6,
2:0:6:0:0:7:9:2:1,748.0,0.059530324068982086,518.4000000000001,73.03229155209694,38065.89455808382,0.7822222222222223,0.949213405669739,16,3,
2:0:6:0:0:7:9:1:2,896.0,0.06604645908724557,503.6000000000001,86.44532946302525,57922.20488603749,0.7466666666666667,0.9227215974716467,15,4,
2:0:6:0:0:7:9:1:3,980.0,0.0723024880244885,535.1999999999998,111.60598055099172,53272.098154539286,0.7377777777777778,0.9555260604182568,10,5,
2:0:6:0:0:8:9:1:2,880.0,0.06537437874391604,491.20000000000005,99.72352173811073,65360.73172040426,0.8133333333333334,0.9257484428848634,14,4,
2:0:6:0:0:8:9:1:3,1012.0,0.07218295817241453,511.6,100.51655887932705,66225.87842853702,0.8222222222222222,0.9250469983110585,12,5,
2:0:6:0:0:9:9:2:1,748.0,0.05869341627391218,494.79999999999995,77.80186616302426,43315.02411366666,0.9155555555555556,0.9436670365396628,16,3,
2:0:6:0:0:9:9:1:2,880.0,0.06450704815146331,484.4,87.00858340792482,43155.49230526295,0.92,0.9529102635024176,14,4,
2:0:6:1:0:6:7:1:2,880.0,0.06923392399667021,489.59999999999997,188.1632899250796,194389.8436376502,0.6444444444444445,0.7841396463239897,14,4,
2:0:6:1:0:6:8:1:2,848.0,0.06844889256060502,485.3999999999999,206.70008261361298,192035.23357923096,0.6577777777777778,0.8425104605828146,12,4,
2:0:6:1:0:7:7:1:3,1044.0,0.07609744805534475,483.20000000000005,184.99258124525682,205950.68154571147,0.7777777777777778,0.7165596035714676,14,5,
2:0:6:1:0:7:8:1:2,848.0,0.06841267222509168,482.6000000000001,208.6851250645625,209999.2879558835,0.7066666666666667,0.8016217121268401,12,4,
2:0:6:1:0:7:8:1:3,996.0,0.07620511553426208,500.6,218.01509952089674,210182.6192583464,0.7244444444444444,0.8254884419932582,11,5,
2:0:6:1:0:8:7:1:2,880.0,0.06983373122712118,494.0,197.25895261022646,210014.04068358982,0.8177777777777778,0.7606490957253472,14,4,
2:0:6:1:0:8:8:1:2,848.0,0.07020114339716824,528.4000000000001,203.1257264362853,200419.11136769634,0.8177777777777778,0.8132208149988157,12,4,
2:0:6:1:1:5:6:1:3,996.0,0.08141037504697356,506.0,329.7334385569053,390722.3843867645,0.56,0.6251157817252253,11,5,
2:0:6:1:1:5:7:1:3,1012.0,0.07618161917420085,487.4,214.68643141951927,233796.92040320756,0.5822222222222222,0.7399384277688683,12,5,
2:0:6:1:1:5:8:1:3,980.0,0.07716183589729123,523.8000000000001,232.34130768905246,233796.92040320756,0.5822222222222222,0.8016416387241975,10,5,
2:0:6:1:1:6:5:1:2,896.0,0.0756901827551875,510.79999999999995,296.229111991719,367669.47294399654,0.6888888888888889,0.5150795657068672,15,4,
2:0:6:1:1:6:6:1:3,1044.0,0.07653008375097885,481.4,196.52688439702402,221894.76007816647,0.6933333333333334,0.6996193573322326,14,5,
2:0:6:1:1:6:7:1:2,848.0,0.07330567628348451,494.4,306.97771637840145,344074.03328413295,0.6666666666666666,0.7086426680692249,12,4,
2:0:6:1:1:6:7:1:3,996.0,0.07755088959054579,530.6000000000001,218.29501578728005,225633.45925501807,0.6533333333333333,0.7837755552513427,11,5,
2:0:6:1:1:6:8:1:2,832.0,0.07058458241741034,527.4,228.75310439173242,225619.47785960452,0.6533333333333333,0.8134328912269506,11,4,
2:0:6:1:1:6:8:1:3,980.0,0.07496780101617852,484.2,222.57552286401656,216179.2789148932,0.6933333333333334,0.8217045758262801,10,5,
2:0:6:1:1:7:6:1:2,864.0,0.07400647459168004,501.4000000000001,299.7456783128009,347099.8466031599,0.7288888888888889,0.6643145288497567,13,4,
2:0:6:1:1:7:6:1:3,996.0,0.08024364413861765,485.4000000000001,324.08199311889695,382300.1588815986,0.7288888888888889,0.6334072660088867,11,5,
2:0:6:1:1:7:7:1:2,880.0,0.07002723650904509,492.40000000000003,203.2128214535144,218811.62396687001,0.7555555555555555,0.7506723454450954,14,4,
2:0:6:1:1:7:7:1:3,1028.0,0.07842247067151774,510.4,226.10559010914892,250145.56480740488,0.7644444444444445,0.7235823176486935,13,5,
2:0:6:1:1:7:8:1:2,848.0,0.06985043724929438,503.80000000000007,219.83483810912333,213346.76166980152,0.76,0.8221181606905688,12,4,
2:0:6:1:1:7:8:1:3,996.0,0.07891022551122165,546.0,233.4800740024871,233707.22301875523,0.7822222222222223,0.8048629897735857,11,5,
2:0:6:1:1:8:7:1:2,880.0,0.07175871761922728,531.7999999999998,202.77114643261376,214855.7715576642,0.8266666666666667,0.7646546385534879,14,4,
2:0:6:1:1:8:8:1:2,848.0,0.07032945200394339,501.2,233.21267008872618,232373.5391507678,0.8755555555555555,0.8075887123815351,12,4,
2:0:6:1:1:8:8:1:3,996.0,0.07656268873794801,498.79999999999995,227.86049660383037,222944.21871419542,0.8044444444444444,0.8178273242699068,11,5,
2:0:6:2:1:5:6:1:3,980.0,0.0823001359326855,503.0,368.7530584854234,418388.25756789616,0.5866666666666667,0.6933298615731562,10,5,
2:0:6:2:1:6:6:1:3,996.0,0.0817498938004113,506.2,337.1726105092541,400449.3275906469,0.6355555555555555,0.6207889001868548,11,5,
2:0:6:2:1:6:7:1:2,816.0,0.07288993759563614,484.00000000000006,340.0235959018132,376976.52431363764,0.6666666666666666,0.7212382093429186,10,4,
2:0:6:2:1:6:7:1:3,964.0,0.08196384680103042,545.2,334.98655302318434,370739.44795986597,0.6311111111111111,0.7231789783407804,9,5,
2:0:6:2:1:7:6:1:2,864.0,0.07503167206089972,490.20000000000005,334.0126213702439,397419.9549724918,0.7111111111111111,0.6172642399377422,13,4,
2:0:6:2:1:7:6:1:3,1012.0,0.08229748807789007,502.4,337.2934817525265,401490.68215071544,0.7244444444444444,0.6164511397767061,12,5,
2:0:6:2:1:7:7:1:2,832.0,0.07501483830905678,515.2,340.63386195377757,376516.7245629104,0.7022222222222222,0.7245492876060816,11,4,
2:0:6:2:1:7:7:1:3,964.0,0.07991101469482172,480.00000000000006,353.99783063348855,398706.31532140117,0.7244444444444444,0.702717111872083,9,5,
2:0:6:2:1:8:6:1:2,848.0,0.07581957381175843,523.1999999999999,334.74041076456484,382988.36642888584,0.8044444444444444,0.6819859138153921,12,4,
2:0:6:2:2:5:4:1:2,864.0,0.07954205344837882,499.0,426.6962025885235,534748.540123868,0.5822222222222222,0.484360278846658,13,4,
2:0:6:2:2:5:5:1:2,832.0,0.07950706222897183,486.8,470.1089001518661,567813.1468892541,0.5466666666666666,0.5858172882936364,11,4,
2:0:6:2:2:5:5:1:3,996.0,0.08673988441979873,509.4,446.2473994454713,548745.3936096007,0.5244444444444445,0.5415596129722294,11,5,
2:0:6:2:2:5:6:1:2,800.0,0.07848295635401056,505.6,460.26651796523754,524198.089444266,0.5822222222222222,0.6882931326923462,9,4,
2:0:6:2:2:6:4:1:3,1012.0,0.08859589503848181,508.4,473.0076383658408,600243.5181492532,0.6755555555555556,0.43893841277364815,12,5,
2:0:6:2:2:6:5:1:2,864.0,0.07920940577826516,498.4,419.8116300109659,523056.24434319435,0.6577777777777778,0.5033243853576317,13,4,
2:0:6:2:2:6:5:1:3,980.0,0.08709242624642508,526.8,452.77959054456403,558600.5166220632,0.6311111111111111,0.5325531153444195,10,5,
2:0:6:2:2:6:6:1:2,832.0,0.07995032227346612,533.3999999999999,433.4822511529877,516041.65734635276,0.6266666666666667,0.616244053929461,11,4,
2:0:6:2:2:6:7:1:3,964.0,0.08189740569037973,485.4,393.29162803354404,440421.8637368353,0.6844444444444444,0.7097189050721152,9,5,
2:0:6:2:2:7:5:1:2,848.0,0.08232683037104672,528.8000000000001,475.5536833485513,589959.0324045004,0.7288888888888889,0.5165097301740346,12,4,
2:0:6:2:2:7:6:1:2,816.0,0.0800128629569351,502.0000000000001,482.28941653104005,570171.4533980645,0.7688888888888888,0.629429086195928,10,4,
2:0:6:3:2:6:6:1:2,816.0,0.08013388800845157,486.40000000000003,500.6124801901603,596763.1086986882,0.6844444444444444,0.6135795933072623,10,4,
2:0:6:3:2:6:6:1:3,948.0,0.08639537240792929,504.80000000000007,491.09587917840895,583308.0173168867,0.6177777777777778,0.620628202070719,8,5,
2:0:6:3:3:4:4:1:2,832.0,0.0842822208834367,489.80000000000007,574.5499698773255,724098.3262971758,0.48444444444444446,0.4648278439676979,11,4,
2:0:6:3:3:5:4:1:2,832.0,0.08396322254592824,492.6000000000001,564.5725072833853,708641.4225187257,0.5733333333333334,0.47908004899400053,11,4,
2:0:6:3:3:5:4:1:3,980.0,0.09111242654983853,519.6,550.4295973713669,687147.2026952807,0.52,0.49708538445895734,10,5,
2:0:6:3:3:5:5:1:2,816.0,0.08560867379723842,545.0,565.1951604378647,693265.7377571763,0.52,0.5482869099375908,10,4,
2:0:6:3:3:5:5:1:3,964.0,0.09150994134705186,504.2,590.7736803086666,732263.9798214806,0.5022222222222222,0.5190796624324109,9,5,
2:0:6:3:3:6:3:1:2,848.0,0.08623144091760535,531.4,560.8074206461202,718368.9563128408,0.6311111111111111,0.39967916042271534,12,4,
2:0:6:3:3:6:4:1:2,832.0,0.08603806692715482,507.20000000000005,596.6565058609835,754613.9965174972,0.6844444444444444,0.4518552843854981,11,4,
2:0:6:3:3:6:5:1:2,816.0,0.08590707478075268,510.20000000000005,606.7091825669354,754613.9965174972,0.6844444444444444,0.5086840393303803,10,4,
2:0:6:3:3:6:5:1:3,948.0,0.09299020845564507,545.2,599.079690252014,743331.5559335558,0.6044444444444445,0.5159891730835459,8,5,
2:0:6:4:4:3:2:1:3,964.0,0.09990056700566491,482.6,801.1627576274603,1046917.7192265989,0.3244444444444444,0.2966146299455389,9,5,
2:0:6:4:4:4:4:0:3,916.0,0.09798699483315179,542.6,746.1073837459152,931148.0494671643,0.4533333333333333,0.49804877414438337,6,5,
2:0:6:4:4:4:5:0:2,752.0,0.0894079979345236,540.6,719.0799535267811,878169.8155075451,0.4533333333333333,0.559551781228531,6,4,
2:0:6:4:4:4:5:0:3,1048.0,0.10399464380108046,538.5999999999999,753.2794855243105,928014.1983062791,0.41333333333333333,0.5365016201744788,4,6,
2:0:6:4:4:5:2:1:3,980.0,0.09688191233394366,488.20000000000005,711.6430275137324,939714.4745010652,0.5688888888888889,0.22814834684822966,10,5,
2:0:6:5:5:3:4:0:3,1048.0,0.10897764421380499,532.6,871.3969948106125,1103504.1371399672,0.3244444444444444,0.4469854352358877,4,6,
2:0:6:5:5:4:4:0:3,884.0,0.1008770971841106,525.2,860.534686642489,1074333.3926406736,0.4444444444444444,0.49691766870592924,4,5,
2:0:6:6:5:3:3:0:3,1048.0,0.11441065963506816,543.8000000000002,982.4398417890334,1265952.5531419886,0.3422222222222222,0.37209555107609144,4,6,
2:0:6:6:5:3:4:0:3,884.0,0.10725715907947449,548.4,980.8860792881762,1249119.770946606,0.3466666666666667,0.42480717391023143,4,5,
2:0:6:6:6:2:2:0:3,1048.0,0.11767616203416219,490.6,1109.1136457686493,1454006.3989419204,0.29777777777777775,0.2767906412190544,4,6,
2:0:6:6:6:3:2:0:3,1048.0,0.11805047354856375,512.6,1095.5356548426842,1436311.594924285,0.3111111111111111,0.27632644752544894,4,6,
2:0:6:6:6:3:3:0:3,900.0,0.10990546554877813,526.0,1046.872974847508,1364423.2084839744,0.3466666666666667,0.31198831650098935,5,5,
2:0:6:6:6:4:3:0:3,884.0,0.11105993507244487,535.8000000000001,1079.0485391300094,1397626.790482399,0.4577777777777778,0.3461463046332248,4,5,
2:0:6:6:6:5:4:0:3,1032.0,0.11536307630452057,533.0,1030.669216851713,1309640.2990364756,0.5377777777777778,0.43370559541345144,3,6,
2:0:6:7:7:2:1:0:3,1048.0,0.1260262658649376,541.6,1245.9909819610957,1655059.3603464847,0.24,0.18363895469827068,4,6,
2:0:6:7:7:2:2:0:3,884.0,0.11596341711868786,533.6,1191.5768851704772,1563986.4957525237,0.24888888888888888,0.26913867179966416,4,5,
2:0:6:7:7:3:2:0:3,1048.0,0.12193063012767501,503.80000000000007,1191.6391778726875,1577855.9398140716,0.39111111111111113,0.20810480731600034,4,6,
2:0:6:8:8:2:1:0:3,1048.0,0.13040509420381458,539.4000000000001,1346.714619585828,1802252.6382779279,0.27555555555555555,0.11993209730141063,4,6,
2:0:6:8:8:2:2:0:3,1016.0,0.13108106106637651,543.0,1390.3238739934714,1840826.8350713425,0.21777777777777776,0.20854711424312264,2,6,
2:0:6:9:9:1:1:0:3,1000.0,0.13686042355786462,486.6,1592.7595300519542,2127728.700087658,0.13777777777777778,0.13598768761329577,1,6,
2:0:7:0:0:6:9:1:3,996.0,0.07392103106596279,551.2,116.02319898416268,73136.65269410545,0.6933333333333334,0.9306922726686387,11,5,
2:0:7:0:0:7:9:1:2,864.0,0.06806220041546651,570.0,97.39950934799671,44976.36769901494,0.7822222222222223,0.9576318612595744,13,4,
2:0:7:0:0:8:9:1:2,848.0,0.0678931995159353,578.4000000000002,101.19698910854403,51813.80766274396,0.8622222222222222,0.9505853980352137,12,4,
2:0:7:1:0:7:8:1:2,848.0,0.07289698369091718,576.0,216.1821330456367,206894.04839320775,0.7866666666666666,0.8290920931114449,12,4,
2:0:7:1:0:8:8:1:2,832.0,0.07408946015617353,605.2,229.81285351390449,211850.56301375112,0.8577777777777778,0.8457512525123162,11,4,
2:0:7:1:1:6:5:1:2,880.0,0.07747402892591873,558.8,304.3656508331715,365806.33529280464,0.6888888888888889,0.5966961334370409,14,4,
2:0:7:1:1:6:7:1:2,848.0,0.07287964154034778,569.6000000000001,222.19193465782482,230246.5044474905,0.6622222222222223,0.7819393045086617,12,4,
2:0:7:1:1:6:7:1:3,996.0,0.08119110630014127,587.2000000000002,243.59989175317835,260664.64450686218,0.6622222222222223,0.7562767052967865,11,5,
2:0:7:1:1:6:8:1:2,848.0,0.07503071084333883,607.4000000000001,232.79099397512334,230710.05431507246,0.6933333333333334,0.8107090354358819,12,4,
2:0:7:1:1:6:8:1:3,996.0,0.07902644540256878,559.8,222.29502155779744,215324.99637340714,0.6755555555555556,0.8230945623857158,11,5,
2:0:7:1:1:7:6:1:2,832.0,0.07643503566731785,555.4,332.3883025146517,379504.1590323402,0.7777777777777778,0.6848852041294052,11,4,
2:0:7:1:1:7:7:1:2,864.0,0.07429311598519525,591.6,215.99510966689317,223861.7829423998,0.7822222222222223,0.781819944175585,13,4,
2:0:7:1:1:7:8:1:2,816.0,0.07214874649710815,555.0,252.34679618493337,245379.33021481475,0.7244444444444444,0.8211018148058253,10,4,
2:0:7:1:1:8:8:1:2,832.0,0.07250325811925906,558.4000000000001,240.9233076833289,229452.40735326416,0.8711111111111111,0.8314194171581886,11,4,
2:0:7:2:1:5:7:1:3,964.0,0.08448371754864942,560.4,376.483644844612,413949.1541862865,0.5422222222222223,0.7301935751095558,9,5,
2:0:7:2:1:6:6:1:3,980.0,0.0852341116402784,582.4000000000001,355.36751190626387,413161.4510677748,0.6222222222222222,0.6580338106289514,10,5,
2:0:7:2:1:6:7:1:3,980.0,0.08371365755188447,560.4000000000001,343.1572949174003,377381.3001352694,0.68,0.7299851482159319,10,5,
2:0:7:2:1:7:6:1:2,848.0,0.07902244452317281,569.4000000000001,360.6050017713881,419082.4502173771,0.7066666666666667,0.6586723365154793,12,4,
2:0:7:2:1:7:7:1:2,832.0,0.0766152888928552,552.2,339.64400008924184,376516.7245629104,0.7022222222222222,0.7213530154931149,11,4,
2:0:7:2:1:7:7:1:3,980.0,0.08704795639880918,611.5999999999999,366.9790189732064,413365.66614350444,0.7822222222222223,0.7026007285313479,10,5,
2:0:7:2:1:8:7:1:2,832.0,0.07764511002644722,569.0000000000001,346.01497559506237,382988.36642888584,0.8044444444444444,0.723054524795135,11,4,
2:0:7:2:2:5:5:1:3,980.0,0.08935172561924541,575.4,455.0138264330219,560712.4614840524,0.5955555555555555,0.5357555304242652,10,5,
2:0:7:2:2:5:6:1:2,816.0,0.08281022117565329,611.0000000000001,436.2299764521991,520562.5826434039,0.5688888888888889,0.6114807948509661,10,4,
2:0:7:2:2:6:5:1:2,832.0,0.08193098947082315,560.0,451.44726309352114,543321.9313963518,0.6088888888888889,0.5937415402292417,11,4,
2:0:7:2:2:6:5:1:3,996.0,0.09037642898869273,584.4,453.06965224558655,558324.8085981505,0.6311111111111111,0.5357150957105807,11,5,
2:0:7:2:2:6:6:1:2,816.0,0.08356444151944648,617.8000000000001,446.3999341875458,521032.32654261735,0.6977777777777778,0.6516998437646789,10,4,
2:0:7:2:2:6:6:1:3,964.0,0.08937938446081414,574.0,473.03615036831826,558324.8085981505,0.6311111111111111,0.6323949849347632,9,5,
2:0:7:2:2:7:5:1:2,832.0,0.08192926835620958,551.1999999999999,460.2085380147155,554632.9226015538,0.7244444444444444,0.5907163700405801,11,4,
2:0:7:2:2:7:6:1:3,948.0,0.09088707746266192,616.6000000000001,480.35924290989306,566775.5048907842,0.7022222222222222,0.6330107126761889,8,5,
2:0:7:3:2:5:6:1:3,964.0,0.09234870227435708,617.2,496.6458011730344,592161.5172876947,0.5911111111111111,0.6131537481462811,9,5,
2:0:7:3:2:6:5:1:3,980.0,0.09036836336872954,560.4,492.8881757964145,599870.6371305713,0.6711111111111111,0.5680446235495755,10,5,
2:0:7:3:2:6:6:1:3,964.0,0.09186245958927763,606.4,496.5053407587468,591726.3052496738,0.6711111111111111,0.614051216322066,9,5,
2:0:7:3:3:5:4:1:3,964.0,0.09412401592584772,606.0,547.7903583315738,683354.0221292566,0.5377777777777778,0.49941513738089954,9,5,
2:0:7:3:3:5:5:1:2,816.0,0.08850598522630165,598.6,576.784667591787,711070.4106555897,0.5866666666666667,0.5345836597035302,10,4,
2:0:7:3:3:6:3:1:3,996.0,0.0970932769425199,618.1999999999999,570.3987312066979,731640.4813580691,0.6044444444444445,0.3936158892050701,11,5,
2:0:7:3:3:6:4:1:2,832.0,0.08877707020154872,594.1999999999999,571.2840795348466,718368.9563128408,0.6311111111111111,0.47279232300166735,11,4,
2:0:7:3:3:6:5:1:2,816.0,0.0891082497028153,608.2,580.7356183133444,718368.9563128408,0.6311111111111111,0.524983875875868,10,4,
2:0:7:3:3:6:5:1:3,948.0,0.09448299509511829,595.6,582.2673896401614,704203.945170521,0.6577777777777778,0.5828504948076744,8,5,
2:0:7:4:4:4:4:1:3,964.0,0.10153313272435815,612.9999999999999,707.4954862980584,905852.6417734572,0.4711111111111111,0.40172412046114875,9,5,
2:0:7:4:4:5:4:1:2,800.0,0.09354860953548312,594.4,710.4437145483704,895461.0010265429,0.5377777777777778,0.4644358317914423,9,4,
2:0:7:5:4:4:4:0:3,900.0,0.10220177895445698,559.0000000000001,840.5400264752818,1058253.7988085793,0.4088888888888889,0.46843811449975153,5,5,
2:0:7:5:5:4:5:0:2,736.0,0.09613103940797439,563.4000000000001,863.548386679424,1073839.4698373305,0.48,0.5093316719100418,5,4,
2:0:7:5:5:5:4:0:3,1048.0,0.11140484389397093,582.0,876.6089876143461,1110637.7147142396,0.5466666666666666,0.44514245574637135,4,6,
2:0:7:6:5:3:4:0:3,884.0,0.10734825912606992,552.8,978.5358303365729,1245937.8954428972,0.3466666666666667,0.4254305084499561,4,5,
2:0:7:6:6:2:2:0:3,1048.0,0.12184056147828362,581.0000000000001,1112.4126332613814,1458572.0260306783,0.28,0.27574589891109585,4,6,
2:0:7:6:6:3:3:0:3,884.0,0.11360356040898135,555.6,1116.4801092020805,1450168.1152333857,0.36444444444444446,0.33117918791696654,4,5,
2:0:7:6:6:5:4:0:3,884.0,0.11092496804615906,590.4,1021.4117810385789,1295826.7654986728,0.5777777777777777,0.4399612407237427,4,5,
2:0:7:7:7:2:1:0:3,900.0,0.12142114337096448,613.2,1218.7757258467007,1615618.2880217487,0.25333333333333335,0.19951204501206193,5,5,
2:0:7:7:7:3:2:0:3,1048.0,0.12565253030408208,559.4000000000001,1219.781931841847,1615562.1528262335,0.3511111111111111,0.20604593732898474,4,6,
2:0:7:8:8:2:1:0:3,1048.0,0.13185695811799944,593.6,1325.1815576549875,1774223.1616066804,0.22666666666666666,0.115845052819522,4,6,
2:0:7:8:8:2:2:0:3,868.0,0.12329593124830052,594.4000000000001,1311.7584530867614,1727148.001124087,0.2311111111111111,0.24833739364664903,3,5,
2:0:7:9:9:2:1:0:3,1032.0,0.1370056947758975,570.2,1480.4281324576943,1984977.2839376135,0.24,0.10211465864671405,3,6,
2:0:8:1:1:6:6:1:2,832.0,0.07952369667370962,633.8,323.48317515846645,365910.7791805923,0.6088888888888889,0.6972762014540345,11,4,
2:0:8:1:1:6:8:1:2,832.0,0.07632781801778296,652.8000000000001,232.57590540011645,230246.5044474905,0.6622222222222223,0.8113297638357692,11,4,
2:0:8:1:1:7:8:1:2,816.0,0.07536282411256125,627.4000000000001,252.263542532628,245379.33021481475,0.7244444444444444,0.8209296477239804,10,4,
2:0:8:1:1:8:8:1:2,816.0,0.07649938067324355,654.2000000000002,251.03606514797954,229452.40735326416,0.8711111111111111,0.849170541759239,10,4,
2:0:8:2:1:6:7:1:2,832.0,0.08083920245789927,646.4,340.48205530273367,377592.2160747936,0.6888888888888889,0.7209220377866086,11,4,
2:0:8:2:1:6:7:1:3,948.0,0.08548180376066421,623.8,351.54058461494475,376857.3391355366,0.6355555555555555,0.7546548549596168,8,5,
2:0:8:2:2:6:6:1:2,800.0,0.08536299395746029,642.8,477.8673640428567,565893.6701044654,0.64,0.626314169188565,9,4,
2:0:8:3:3:5:4:1:2,848.0,0.09097483206303567,652.1999999999999,546.7337214183026,697505.277489472,0.5555555555555556,0.4172672470379027,12,4,
2:0:8:3:3:5:5:1:2,800.0,0.09020949385989269,655.4000000000001,574.3136118475853,709735.9741576435,0.5511111111111111,0.5277722447686721,9,4,
2:0:8:3:3:5:5:1:3,948.0,0.09748378407019587,670.0000000000001,575.385141579407,695198.1101301606,0.5422222222222223,0.5850754699895128,8,5,
2:0:8:4:4:5:5:0:2,768.0,0.09525806903307102,664.0,711.306553244098,882147.6988574337,0.5733333333333334,0.517455141782347,7,4,
2:0:8:5:4:4:4:1:2,784.0,0.09966171124775258,630.4,827.988503074433,1055565.0160248643,0.4711111111111111,0.4202715685873315,8,4,
2:0:8:5:5:5:4:0:3,900.0,0.10796244880848202,659.1999999999999,869.9550981908455,1102433.7889722814,0.56,0.4443510307818503,5,5,
2:0:8:6:5:5:3:0:2,752.0,0.10579753477875443,644.2,984.2445325219749,1268279.864053807,0.5377777777777778,0.3720885880590165,6,4,
2:0:8:6:6:2:2:0:3,916.0,0.1175738531838716,639.8000000000001,1089.6116966371112,1437859.1178497248,0.28888888888888886,0.23287861520187647,6,5,
2:0:8:6:6:4:3:0:3,1048.0,0.11996066116937155,646.4,1004.7148763108601,1301928.6380770504,0.4622222222222222,0.34380158429515306,4,6,
2:0:9:0:0:7:9:1:2,848.0,0.0734116950052445,696.6,107.16313761800123,45683.93008438585,0.7244444444444444,0.962202391542786,12,4,
2:0:9:2:1:6:7:1:3,964.0,0.08983651492061269,699.2,358.12158571378546,386891.5422131571,0.6933333333333334,0.7476091572398373,9,5,
2:0:9:2:2:6:6:0:3,932.0,0.09472668599950501,728.0,471.35043498886233,541353.3768214284,0.6711111111111111,0.6765548063766224,7,5,
3:0:1:0:0:5:6:2:3,1240.0,0.06673083586741249,180.2,81.24380701678119,94390.38193821604,0.5911111111111111,0.6591479840523842,16,6,
3:0:1:0:0:5:7:1:4,1356.0,0.07240642786062473,172.0,101.14462686405643,108570.60417447817,0.5822222222222222,0.7534869740795397,13,7,
3:0:1:0:0:6:6:1:3,1224.0,0.06603516472806273,184.20000000000005,77.59120638141124,88983.1675396871,0.6355555555555555,0.678673913395545,15,6,
3:0:1:0:0:6:7:2:3,1076.0,0.059461626966887685,190.60000000000002,71.28660675497288,79650.00323288486,0.6711111111111111,0.7123767950220455,16,5,
3:0:1:0:0:6:7:1:4,1356.0,0.07247874005658489,170.39999999999998,104.37165127316001,113143.52913687997,0.6088888888888889,0.7443726445064635,13,7,
3:0:1:0:0:7:6:2:3,1240.0,0.06666628391307175,177.4,82.59138804411451,96385.30562727769,0.7466666666666667,0.6519441382037321,16,6,
3:0:1:0:0:7:7:2:3,1240.0,0.06673316262970777,191.79999999999998,69.69615916842478,77295.54624494823,0.7422222222222222,0.720878947405807,16,6,
3:0:1:0:0:7:8:1:3,1192.0,0.0658467771280588,189.20000000000005,100.35248538132278,93676.73430299676,0.7422222222222222,0.8404802711167485,13,6,
3:0:1:0:0:7:8:1:4,1340.0,0.07292173290881718,195.79999999999998,104.93899044838659,86815.99008095625,0.7733333333333333,0.8816095835968226,12,7,
3:0:1:0:0:8:6:2:3,1240.0,0.06668224505995322,182.6,77.75051384894753,89219.00214583427,0.8444444444444444,0.6778222937783249,16,6,
3:0:1:0:0:8:7:2:3,1076.0,0.05944286723587667,194.6,66.86451280722513,73103.65107098542,0.8266666666666667,0.7360162515606048,16,5,
3:0:1:0:0:8:8:1:3,1208.0,0.06589334456246704,191.60000000000002,83.0002526555084,81644.2592110712,0.8266666666666667,0.8149203638302536,14,6,
3:0:1:1:1:5:2:1:4,1356.0,0.0816640065270609,177.40000000000003,304.0401468588703,398044.5439539928,0.5555555555555556,0.2852742942993339,13,7,
3:0:1:1:1:5:5:1:4,1356.0,0.07857810648870542,193.60000000000002,218.40739599587164,267284.7973563228,0.5733333333333334,0.5542473521702157,13,7,
3:0:1:1:1:5:6:1:3,1176.0,0.07058615740496164,196.20000000000002,215.98854161163695,249624.90283832914,0.5866666666666667,0.6672874771509688,12,6,
3:0:1:1:1:5:6:1:4,1324.0,0.07750819145866639,197.0,222.93430781999348,260013.5121081175,0.5511111111111111,0.6529149459307996,11,7,
3:0:1:1:1:6:4:1:3,1208.0,0.07111571079723777,187.2,204.9034929378499,262016.771721871,0.64,0.4073250627744652,14,6,
3:0:1:1:1:6:4:1:4,1356.0,0.07748950403960086,194.6,192.91384089101962,244553.6766532629,0.6044444444444445,0.4429693287682035,13,7,
3:0:1:1:1:6:5:1:4,1340.0,0.07734931547433699,184.80000000000007,215.55959817258199,262585.6084063134,0.64,0.565829256204617,12,7,
3:0:1:1:1:6:6:1:4,1340.0,0.07849737021905102,187.20000000000002,238.990829928648,282289.87213826214,0.6666666666666666,0.6310481850295123,12,7,
3:0:1:1:1:7:5:1:3,1208.0,0.07176061550168202,189.60000000000002,217.01384878784515,265769.8642018709,0.7511111111111111,0.5523965061126002,14,6,
3:0:1:1:1:7:6:1:4,1324.0,0.0786065510198967,192.40000000000003,252.24739794767575,300770.8160994886,0.7155555555555555,0.6130823832747456,11,7,
3:0:1:1:2:6:2:1:4,1340.0,0.08270298969398845,193.0,327.8172681147402,430319.4754049616,0.6133333333333333,0.2684218771492849,12,7,
3:0:1:2:2:4:2:1:4,1356.0,0.08368664907563993,193.20000000000005,333.7496042018985,438353.5238134048,0.4577777777777778,0.26476783407591487,13,7,
3:0:1:2:2:5:1:1:4,1340.0,0.08766303759870152,165.79999999999998,466.61834597078393,619621.149045433,0.5377777777777778,0.18608870692276305,12,7,
3:0:1:2:2:5:2:1:3,1192.0,0.07646617198407121,187.2,341.288869641602,448812.7726947166,0.5333333333333333,0.25658666961395604,13,6,
3:0:1:2:2:5:3:1:4,1324.0,0.0829487230898404,182.0,360.346269521409,461640.84749883966,0.5066666666666667,0.3991616301329182,11,7,
3:0:1:2:2:5:4:1:3,1176.0,0.07644985485727503,193.2,350.9217342886881,448812.7726947166,0.5333333333333333,0.4065706275406022,12,6,
3:0:1:2:2:6:2:1:4,1356.0,0.08373379129645418,188.60000000000002,339.41030417021915,447822.7165818478,0.6488888888888888,0.23390983723491918,13,7,
3:0:1:2:2:6:4:1:3,1176.0,0.07562175179396072,179.8,345.6894153641163,441765.1001755251,0.6222222222222222,0.4100625274197061,12,6,
3:0:1:3:3:5:3:1:3,1160.0,0.08164177354428068,183.20000000000002,493.73990474631523,643084.1011078978,0.5644444444444444,0.3157516621167857,11,6,
3:0:2:0:0:5:7:1:4,1356.0,0.0737844702692477,207.40000000000003,96.75058105807311,101660.8871642752,0.5911111111111111,0.7714241156906781,13,7,
3:0:2:0:0:5:8:1:4,1356.0,0.07363698858028281,209.20000000000002,91.63224305636317,78915.23735795618,0.5911111111111111,0.8700045833542692,13,7,
3:0:2:0:0:6:7:2:3,1092.0,0.06026756644826433,208.20000000000007,55.82024508594739,56754.00614528077,0.6177777777777778,0.7950562651565012,17,5,
3:0:2:0:0:6:8:2:3,1092.0,0.060307961036129475,216.20000000000007,48.72912331291317,46256.49503454601,0.6622222222222223,0.832963706053059,17,5,
3:0:2:0:0:6:8:1:4,1356.0,0.07358129248438895,201.80000000000004,97.77908089875146,89794.58532615825,0.6844444444444444,0.8472929451252804,13,7,
3:0:2:0:0:6:9:1:3,1160.0,0.06708671680757725,236.40000000000003,113.05112817048797,81757.20819490927,0.6844444444444444,0.910738364613096,11,6,
3:0:2:0:0:7:7:1:3,1224.0,0.06608774136228496,199.0,63.97418065141161,68824.8789823792,0.7733333333333333,0.7514672759365465,15,6,
3:0:2:0:0:7:8:2:3,1092.0,0.060295600424173125,218.60000000000008,46.0510095438951,42291.885492373476,0.7555555555555555,0.8472802616930096,17,5,
3:0:2:0:0:7:8:1:4,1356.0,0.07515935624614932,246.00000000000003,89.08551553835963,79363.19505516582,0.7377777777777778,0.8587663516992587,13,7,
3:0:2:0:0:7:9:1:3,1060.0,0.061497884154647825,250.20000000000002,73.50239347957599,53797.37045182427,0.7911111111111111,0.9086082875201433,15,5,
3:0:2:0:0:8:7:2:3,1092.0,0.06023934629100109,203.00000000000003,60.38529154752444,63511.98146783971,0.8311111111111111,0.7706526186713519,17,5,
3:0:2:0:0:8:8:2:3,1240.0,0.06686777883781866,219.00000000000003,45.52502385091998,41513.230036604684,0.8755555555555555,0.8500920553988676,16,6,
3:0:2:0:0:8:9:2:3,1076.0,0.06083749819139155,237.40000000000003,55.44370930630966,42287.81795013035,0.8222222222222222,0.9006742296151908,16,5,
3:0:2:1:0:7:6:1:3,1060.0,0.06464603391794552,218.60000000000002,175.93576315377402,206696.49205559105,0.7244444444444444,0.6406341018125771,15,5,
3:0:2:1:1:5:4:1:3,1176.0,0.07559607610216988,229.80000000000004,295.1117122988223,370834.52813639503,0.56,0.4752144083536556,12,6,
3:0:2:1:1:5:4:1:4,1340.0,0.08303592178333301,213.20000000000002,315.1082401249928,397798.18719894113,0.5288888888888889,0.45868512125105826,12,7,
3:0:2:1:1:5:5:1:4,1356.0,0.08003271326759082,244.4,200.33604852079333,240548.27814855144,0.56,0.5987226674779936,13,7,
3:0:2:1:1:5:6:1:3,1192.0,0.0719558669363121,241.00000000000006,186.00700606702227,221166.6465152304,0.5955555555555555,0.6185912991801158,13,6,
3:0:2:1:1:5:6:1:4,1356.0,0.07756002859143571,202.00000000000006,187.1006433073034,223220.89253062644,0.5644444444444444,0.6119319132108563,13,7,
3:0:2:1:1:5:7:1:4,1292.0,0.07951374114341936,251.80000000000004,245.25917572693572,264637.99067775754,0.5288888888888889,0.7487484037389281,9,7,
3:0:2:1:1:6:2:1:4,1356.0,0.08578134773777503,257.00000000000006,317.0803240999381,415143.4848105857,0.6444444444444445,0.2848728775869949,13,7,
3:0:2:1:1:6:3:1:3,1208.0,0.07911663199423341,247.20000000000002,324.9242198702518,424217.4383651588,0.6088888888888889,0.30189855086860734,14,6,
3:0:2:1:1:6:4:1:4,1356.0,0.07934675649067044,199.39999999999995,229.90202104008483,286880.8924443844,0.6133333333333333,0.4984796744202926,13,7,
3:0:2:1:1:6:5:1:4,1340.0,0.07834065367150092,208.4,214.26470760877064,261859.0537241246,0.6711111111111111,0.5577161605083306,12,7,
3:0:2:1:1:6:6:1:3,1208.0,0.07091112328618872,206.00000000000003,181.50027393924609,214314.52758189308,0.6666666666666666,0.6316346941085951,14,6,
3:0:2:1:1:6:6:1:4,1340.0,0.07861263544956251,204.60000000000002,224.18429761515642,262864.49559380277,0.6755555555555556,0.6440220595484131,12,7,
3:0:2:1:1:6:7:1:4,1308.0,0.08028505623016151,260.0,238.4137651786338,267837.0960667569,0.6355555555555555,0.7058729817552509,10,7,
3:0:2:1:1:7:3:1:3,1208.0,0.07224376275009192,204.00000000000003,213.48466187706813,274509.3414705605,0.7422222222222222,0.38221865878579153,14,6,
3:0:2:1:1:7:5:1:3,1060.0,0.06608713930156754,210.60000000000005,216.36063428526947,263677.6529667448,0.7911111111111111,0.5647458338978976,15,5,
3:0:2:1:1:7:5:1:4,1356.0,0.0818284841259352,263.59999999999997,221.54089283354205,271622.33880471904,0.7377777777777778,0.549435320964945,13,7,
3:0:2:1:1:7:6:1:3,1060.0,0.06528167947507914,209.4,199.4377881892807,238788.71944194447,0.72,0.6046906094013651,15,5,
3:0:2:1:1:7:6:1:4,1340.0,0.08045521610124377,225.20000000000005,245.04236227798492,291196.15412093815,0.7066666666666667,0.6196855968354996,12,7,
3:0:2:1:2:6:2:1:4,1356.0,0.08543089640468488,240.80000000000004,325.3951691054096,426986.10839963297,0.64,0.27074263409264376,13,7,
3:0:2:2:1:4:4:1:3,1192.0,0.07901646980846783,251.40000000000003,334.470570690526,424627.4360845127,0.4622222222222222,0.4372070482631874,13,6,
3:0:2:2:1:6:5:1:4,1324.0,0.08438653398935884,240.0,334.69701476057395,410387.57146518625,0.6177777777777778,0.5492493776923076,11,7,
3:0:2:2:2:4:3:1:4,1340.0,0.08592871656517191,239.40000000000006,353.99612271636795,454311.79010894365,0.48444444444444446,0.39113553289596653,12,7,
3:0:2:2:2:4:4:1:4,1324.0,0.08569327128269016,264.20000000000005,339.8986038605284,434527.3277975828,0.49777777777777776,0.40844536975363677,11,7,
3:0:2:2:2:4:5:0:4,1260.0,0.0881560053188737,260.6,462.910119674658,556123.0632687391,0.4622222222222222,0.5975895042181862,7,7,
3:0:2:2:2:5:1:1:4,1324.0,0.08923536410872852,209.40000000000003,474.3956924463916,630668.7366282986,0.5688888888888889,0.17696522789811306,11,7,
3:0:2:2:2:5:4:1:4,1308.0,0.08599332577539606,261.8,365.0498299464117,455818.4930415758,0.5555555555555556,0.49640629247011253,10,7,
3:0:2:2:2:5:5:1:4,1324.0,0.08592411912236483,255.0,354.2926802532087,439713.89149263606,0.6,0.5152303662147933,11,7,
3:0:2:2:2:6:2:1:3,1192.0,0.08462271662691094,265.40000000000003,446.611124105496,591709.8577974781,0.6622222222222223,0.203647152000504,13,6,
3:0:2:2:2:6:3:1:3,1160.0,0.08319339749424164,239.80000000000007,472.0514436204366,614509.4230073809,0.6044444444444445,0.31875895717499164,11,6,
3:0:2:2:2:6:4:1:3,1160.0,0.08303990728689783,262.59999999999997,445.7979139552015,560801.0965286822,0.6177777777777778,0.47137484904859567,11,6,
3:0:2:2:2:6:4:1:4,1324.0,0.08312577833791586,208.39999999999998,337.93001260310683,430319.4754049616,0.6133333333333333,0.42500869456956164,11,7,
3:0:2:3:3:4:1:1:3,1160.0,0.08847510794449445,247.8,582.8899287511251,776311.7612714254,0.4711111111111111,0.16204909452271468,11,6,
3:0:2:3:3:4:1:1:4,1324.0,0.09564880328890288,254.6,573.4980740003149,765909.5955890169,0.4577777777777778,0.13843693231702262,11,7,
3:0:2:3:3:5:1:1:4,1324.0,0.09565110007113511,244.40000000000006,583.74975160054,778594.0648870489,0.5511111111111111,0.1496718911080487,11,7,
3:0:2:3:3:5:2:1:4,1324.0,0.09046374394370794,215.4,496.0342387334288,648174.9454732776,0.5688888888888889,0.2967694322303524,11,7,
3:0:2:3:3:6:1:1:3,1176.0,0.08777773041034093,240.60000000000002,558.3989342326706,743043.4871705124,0.6444444444444445,0.16929541973819964,12,6,
3:0:2:3:3:6:1:1:4,1308.0,0.09625153778296355,247.8,609.8596001166799,815960.781080189,0.6177777777777778,0.1220523467002925,10,7,
3:0:2:3:3:6:2:1:4,1308.0,0.09462894257520893,202.40000000000003,618.751207942201,814698.3024040922,0.6044444444444445,0.24825805439429693,10,7,
3:0:2:4:4:4:0:1:4,1308.0,0.10032442841525102,219.40000000000003,729.8996393431479,980002.0611859338,0.43555555555555553,0.08886874031462398,10,7,
3:0:3:0:0:5:7:1:4,1356.0,0.07628455730925002,267.8,92.6025394581254,96534.83616454188,0.5777777777777777,0.7775189967155199,13,7,
3:0:3:0:0:5:9:1:4,1324.0,0.0757069164639963,284.4,95.00562043991685,71507.8297613503,0.5777777777777777,0.9033358265089645,11,7,
3:0:3:0:0:6:8:1:3,1060.0,0.06390410241015218,286.99999999999994,90.84230422842391,79452.62693280226,0.6444444444444445,0.865059845253435,15,5,
3:0:3:0:0:6:8:1:4,1356.0,0.07778791774130896,297.80000000000007,96.42814917945165,88318.22806642832,0.6977777777777778,0.8483590761931753,13,7,
3:0:3:0:0:6:9:1:3,1192.0,0.07206146965874546,334.80000000000007,94.58306732177292,70017.97986405212,0.6044444444444445,0.9065184754931174,13,6,
3:0:3:0:0:7:8:1:3,1224.0,0.07195457235928221,317.2000000000001,77.77787808384953,73835.71215523839,0.7511111111111111,0.8329355577382097,15,6,
3:0:3:0:0:7:8:1:4,1340.0,0.07920296913236723,324.2,117.86680547826275,107336.17789237203,0.7333333333333333,0.8506134702479187,12,7,
3:0:3:0:0:7:9:1:3,1060.0,0.06513579224162076,330.40000000000003,75.15532543646714,55917.331888756744,0.7288888888888889,0.905568161544604,15,5,
3:0:3:0:0:8:8:1:3,1208.0,0.07189795819487194,322.8,86.90405938461869,76825.33617101933,0.8444444444444444,0.8614584485917801,14,6,
3:0:3:0:0:8:9:1:3,1060.0,0.06263066210180024,279.6000000000001,69.58989729050526,48146.58731557324,0.8133333333333334,0.9179974839988488,15,5,
3:0:3:1:0:7:6:1:3,1060.0,0.06769766658434302,283.8000000000001,179.39749814771778,209982.25582054863,0.7244444444444444,0.6469974187658426,15,5,
3:0:3:1:1:5:4:1:3,1192.0,0.08017880653039211,285.79999999999995,326.2231469338226,413895.2121178089,0.56,0.43969470444776354,13,6,
3:0:3:1:1:5:4:1:4,1340.0,0.08691649076570898,296.4,319.221042228452,403366.28850823967,0.5288888888888889,0.4552358231982866,12,7,
3:0:3:1:1:5:5:1:3,1208.0,0.07609487126789792,306.80000000000007,197.33460352770322,237627.2569688306,0.5777777777777777,0.5925238261911471,14,6,
3:0:3:1:1:5:5:1:4,1356.0,0.08267088921545755,289.6000000000001,214.49500734779483,260725.07850806534,0.5733333333333334,0.5710647976117591,13,7,
3:0:3:1:1:5:6:1:3,1176.0,0.0739057957739601,271.59999999999997,215.2804049141024,249624.90283832914,0.5866666666666667,0.662237788794863,12,6,
3:0:3:1:1:5:6:1:4,1340.0,0.08046491740831281,273.20000000000005,197.26064168703812,236034.43381554514,0.5244444444444445,0.6059789236955775,12,7,
3:0:3:1:1:5:7:1:3,1144.0,0.07647321028321324,317.20000000000005,259.4472313722979,284093.60520104755,0.5466666666666666,0.734452887408798,10,6,
3:0:3:1:1:5:8:1:3,1144.0,0.075807997229877,324.0,237.6799376722324,235415.29186014013,0.5777777777777777,0.8110490033660787,10,6,
3:0:3:1:1:6:4:1:3,1060.0,0.06721311640779785,275.20000000000005,177.09511917545186,221313.8540544422,0.6444444444444445,0.4937097908402521,15,5,
3:0:3:1:1:6:5:1:3,1160.0,0.0789458676894664,286.6000000000001,329.6820230129941,402337.359485549,0.6577777777777778,0.5613194952103966,11,6,
3:0:3:1:1:6:5:1:4,1356.0,0.08398322052793564,319.8,213.8224618785519,262864.49559380277,0.6755555555555556,0.5422853014049791,13,7,
3:0:3:1:1:6:6:1:3,1192.0,0.07415807896348998,279.40000000000003,197.15677667852464,223101.25336149964,0.6533333333333333,0.6967826332659649,13,6,
3:0:3:1:1:6:6:1:4,1340.0,0.08379492083108636,324.80000000000007,220.58571869944336,257141.81588527426,0.6133333333333333,0.653755832768254,12,7,
3:0:3:1:1:6:7:1:3,1176.0,0.07368839954714303,287.6,194.3889898107181,217508.6256802652,0.6711111111111111,0.7106748954457867,12,6,
3:0:3:1:1:7:4:2:3,1076.0,0.07066004787962193,321.20000000000005,192.6510772914934,243890.99023459156,0.7111111111111111,0.44815982582315933,16,5,
3:0:3:1:1:7:5:1:3,1208.0,0.07531154168636561,282.0,204.50968794322637,249050.96205600008,0.7155555555555555,0.5665574439502004,14,6,
3:0:3:1:1:7:5:1:4,1356.0,0.08315597286812916,280.8,234.2093895329061,291196.15412093815,0.7066666666666667,0.5098350512928875,13,7,
3:0:3:1:1:7:6:1:3,1060.0,0.06932460174849696,304.79999999999995,195.00353934118152,233707.22301875523,0.7822222222222223,0.6026662999846091,15,5,
3:0:3:1:1:7:6:1:4,1340.0,0.08287081237520458,291.4,233.19327844210304,275998.201832184,0.7733333333333333,0.6273320084586568,12,7,
3:0:3:1:1:7:7:1:3,1176.0,0.07647818562823117,316.6,228.15917663520105,254661.92005261822,0.7333333333333333,0.7135923119330885,12,6,
3:0:3:1:1:8:6:1:3,1060.0,0.06902734493206769,297.8,195.3152609715231,233832.39584329183,0.8,0.6048707440081694,15,5,
3:0:3:1:2:6:2:1:4,1356.0,0.08694213994444963,270.6,329.5981487501167,433318.9840961469,0.6222222222222222,0.25842374496407494,13,7,
3:0:3:2:1:4:5:1:4,1324.0,0.08783513146754184,312.6,339.6904580196916,417627.8455850228,0.4444444444444444,0.5421143475030502,11,7,
3:0:3:2:1:5:5:1:4,1324.0,0.08891373035732549,336.00000000000006,340.55893303982333,418235.689831921,0.5022222222222222,0.54506547846805,11,7,
3:0:3:2:1:5:6:1:3,1144.0,0.08078761667595726,331.8,341.92137520903816,390835.4052887659,0.5688888888888889,0.6833022021775043,10,6,
3:0:3:2:1:6:5:1:4,1324.0,0.08654023974092807,288.6000000000001,334.5553941708816,410387.57146518625,0.6177777777777778,0.5481360284291176,11,7,
3:0:3:2:1:6:6:1:3,1160.0,0.08095336490504415,313.8,347.6507103634933,415910.6129157555,0.6622222222222223,0.6063479292964892,11,6,
3:0:3:2:1:6:6:1:4,1292.0,0.08642070887082413,307.0,345.4659495935429,410387.57146518625,0.6177777777777778,0.6203748326978384,9,7,
3:0:3:2:2:3:3:1:4,1308.0,0.0927732396580406,337.6,441.7978923059133,569759.0395340484,0.37777777777777777,0.3680977263626475,10,7,
3:0:3:2:2:4:1:1:4,1340.0,0.0930962563908521,292.0,462.66576879417255,614966.4319802716,0.4444444444444444,0.17838504641606048,12,7,
3:0:3:2:2:4:2:1:4,1324.0,0.09001750327170575,273.6,427.7938236133796,564598.0318443262,0.4444444444444444,0.23189712499134538,11,7,
3:0:3:2:2:4:3:1:3,1176.0,0.08470077188879241,288.00000000000006,441.7673674978292,571510.1762977559,0.49777777777777776,0.3523495900035309,12,6,
3:0:3:2:2:4:3:1:4,1308.0,0.09342593273733564,337.00000000000006,457.0834865900517,590850.1507769693,0.43555555555555553,0.3564465646643025,10,7,
3:0:3:2:2:4:5:0:4,1260.0,0.09113928631321536,331.40000000000003,459.2339420473453,552423.5583618267,0.4711111111111111,0.5947994155596394,7,7,
3:0:3:2:2:4:6:1:4,1308.0,0.08898817568049422,335.8,358.43395281111987,429606.0361227105,0.49777777777777776,0.6025144625137625,10,7,
3:0:3:2:2:5:3:1:3,1160.0,0.08371005670868169,285.0,438.47627594533776,567929.7551469291,0.5066666666666667,0.34616693025596273,11,6,
3:0:3:2:2:5:4:1:3,1176.0,0.08053044653359513,285.2,350.73504700589035,448812.7726947166,0.5333333333333333,0.40424122690931324,12,6,
3:0:3:2:2:5:4:1:4,1340.0,0.0870377242167093,276.6,341.74879487595933,437221.3894330023,0.5777777777777777,0.4051668997831424,12,7,
3:0:3:2:2:5:5:1:3,1128.0,0.08606067548760582,333.80000000000007,474.56519847113066,591882.9380800587,0.5955555555555555,0.5000842212879457,9,6,
3:0:3:2:2:5:5:1:4,1276.0,0.08906253671367455,276.4,451.5070760576776,556854.3448708052,0.5911111111111111,0.5334394045921924,8,7,
3:0:3:2:2:6:2:1:3,1192.0,0.08578572694816376,279.6,458.5788563336845,606673.9954068068,0.6622222222222223,0.21463845071096183,13,6,
3:0:3:2:2:6:4:1:4,1340.0,0.08763479923239152,291.80000000000007,339.982982728809,434218.08186123305,0.6044444444444445,0.4125813562761845,12,7,
3:0:3:2:2:6:5:1:4,1292.0,0.08629337708101627,271.2,378.40098432286584,458969.455007322,0.6755555555555556,0.5761657370455902,9,7,
3:0:3:2:2:7:5:1:3,1176.0,0.08130981955194952,304.80000000000007,348.67093991886406,431995.2661610527,0.7066666666666667,0.5203241591881693,12,6,
3:0:3:2:2:7:5:1:4,1324.0,0.0880205114174519,304.4,352.0615068926679,438100.85100653017,0.7422222222222222,0.507184374728721,11,7,
3:0:3:3:2:5:4:1:3,1128.0,0.08683634167339387,335.2,490.61768765136173,612084.4679206383,0.5155555555555555,0.49914548574167267,9,6,
3:0:3:3:3:3:1:1:4,1324.0,0.09573451068203148,281.20000000000005,548.8264903457078,730111.4416022096,0.38222222222222224,0.1714757729158891,11,7,
3:0:3:3:3:3:2:1:3,1144.0,0.08923316779126939,303.0,560.7462753035611,733554.5064333193,0.35555555555555557,0.29000853549265493,10,6,
3:0:3:3:3:4:1:1:3,1176.0,0.08921581497928016,295.6000000000001,535.7558370338035,710761.9884750538,0.4444444444444444,0.1934333670353517,12,6,
3:0:3:3:3:4:1:1:4,1308.0,0.09626489513790465,293.20000000000005,564.7601406028546,752308.3938033252,0.47555555555555556,0.16046455654484304,10,7,
3:0:3:3:3:4:3:1:4,1292.0,0.09730893783606051,327.79999999999995,569.6511013113619,730530.7642226471,0.4222222222222222,0.39455143800576076,9,7,
3:0:3:3:3:5:1:1:4,1308.0,0.09556924650185644,276.6,565.7080462917702,753526.133948446,0.5066666666666667,0.16096422284307504,10,7,
3:0:3:3:3:5:3:1:3,1160.0,0.0915524389903138,325.4,574.5298772820606,749536.0418502844,0.6,0.30631760550852843,11,6,
3:0:3:3:3:6:1:1:3,1176.0,0.09087222355940809,300.79999999999995,567.8250300866821,757048.4312209204,0.6311111111111111,0.1531236126899424,12,6,
3:0:3:4:4:4:0:1:4,1292.0,0.10217812681545377,276.0,731.0078533477099,980862.2839171721,0.44,0.09509370377716392,9,7,
3:0:3:4:4:4:1:1:3,1160.0,0.09509635386417391,297.20000000000005,682.4679619439131,912914.7785896311,0.49333333333333335,0.12396992987790297,11,6,
3:0:3:4:4:4:1:1:4,1292.0,0.10101663062210012,310.8,670.0741889972523,895514.0034614917,0.4533333333333333,0.13223311741237517,9,7,
3:0:3:5:5:3:0:1:4,1276.0,0.10787976032964494,335.8,815.4946074170114,1094680.2988181175,0.37777777777777777,0.09106538382154246,8,7,
3:0:3:5:5:3:1:1:3,1112.0,0.10082768721611313,333.20000000000005,823.4229623625454,1092199.663612241,0.31555555555555553,0.1948300101040331,8,6,
3:0:3:5:5:4:0:1:3,1128.0,0.10032417848330867,293.8,835.494015874445,1122857.710387547,0.4888888888888889,0.07935898136745459,9,6,
3:0:3:5:5:4:1:1:4,1292.0,0.10688449792202906,294.20000000000005,818.7012032456537,1097188.1559655343,0.4533333333333333,0.10675255429029581,9,7,
3:0:3:6:6:3:0:0:4,1260.0,0.11414612204094117,337.8,970.487745921176,1307185.0373613518,0.30666666666666664,0.05662410060819821,7,7,
3:0:3:7:7:1:1:0:5,1360.0,0.12998839808763463,326.6,1238.1389569717792,1658971.5262373227,0.1511111111111111,0.10861932446360628,3,8,
3:0:4:0:0:5:8:1:4,1324.0,0.08104178663801619,393.4,106.04019935536434,86613.64852774286,0.5511111111111111,0.8849615945228475,11,7,
3:0:4:0:0:5:9:1:4,1308.0,0.08042463206659499,386.0,115.55422149838736,86613.64852774286,0.5511111111111111,0.9041473895451133,10,7,
3:0:4:0:0:6:8:1:3,1208.0,0.0732553145816881,341.20000000000005,99.04457808798217,90274.0921174216,0.6977777777777778,0.8502751673569223,14,6,
3:0:4:0:0:6:8:1:4,1340.0,0.07841678741543415,339.80000000000007,84.57771684726843,70025.32962882282,0.6222222222222222,0.881401448580855,12,7,
3:0:4:0:0:6:9:1:3,1176.0,0.07100641439439494,340.6,81.04432387388628,48757.94651513325,0.6977777777777778,0.9360158857904949,12,6,
3:0:4:0:0:6:9:1:4,1308.0,0.08027382329729615,374.8,123.36102418916347,81350.24214805031,0.64,0.9249253272381073,10,7,
3:0:4:0:0:7:8:1:3,1192.0,0.07332665949582466,354.0,103.84983865605474,101378.54283575073,0.7155555555555555,0.819041544779228,13,6,
3:0:4:0:0:7:8:1:4,1340.0,0.07931495237962985,357.0,87.58642854167168,75805.07814387244,0.7288888888888889,0.8684521285441446,12,7,
3:0:4:0:0:7:9:1:3,1192.0,0.07273764232958226,356.2,88.39695241560081,61314.83001772486,0.7466666666666667,0.917602993118481,13,6,
3:0:4:0:0:7:9:1:4,1308.0,0.07922832455262435,345.00000000000006,129.63730243404788,94752.1962299057,0.7644444444444445,0.9088576225746832,10,7,
3:0:4:0:0:8:8:1:3,1208.0,0.07324033122979776,351.4,88.50745267044945,76825.33617101933,0.8444444444444444,0.8675258396978669,14,6,
3:0:4:1:1:4:4:1:4,1340.0,0.08969119944634593,354.40000000000003,323.6519875427834,409644.00518526,0.4,0.4490008021979865,12,7,
3:0:4:1:1:5:4:1:4,1324.0,0.08925806126802507,356.20000000000005,328.10637853056426,416341.57583019277,0.5777777777777777,0.43915743525273965,11,7,
3:0:4:1:1:5:5:1:3,1176.0,0.08427819642279678,389.8,330.45941951292747,404537.8180378567,0.5511111111111111,0.5534520946529373,12,6,
3:0:4:1:1:5:5:1:4,1324.0,0.08969258645576134,381.19999999999993,312.88319525463015,381525.2389470945,0.5022222222222222,0.5633472441236623,11,7,
3:0:4:1:1:5:6:1:4,1324.0,0.08727975664384544,402.20000000000005,237.5945244865222,281247.38230050023,0.5688888888888889,0.6270671896778545,11,7,
3:0:4:1:1:5:7:1:3,1160.0,0.07767027878521016,364.0000000000001,223.58127266722846,233289.6750899737,0.5866666666666667,0.7768263054440202,11,6,
3:0:4:1:1:5:7:1:4,1324.0,0.08540514696444955,364.4,233.21580670011468,260725.07850806534,0.5733333333333334,0.7117084991640371,11,7,
3:0:4:1:1:5:8:1:4,1292.0,0.08469934664420455,384.6,229.13529949460244,226366.23636040604,0.5911111111111111,0.8125151910528838,9,7,
3:0:4:1:1:6:4:1:3,1192.0,0.0838163698743132,364.6,329.2683221720473,418170.26786653395,0.6266666666666667,0.4358110675937977,13,6,
3:0:4:1:1:6:5:1:3,1192.0,0.07981120560022115,406.80000000000007,196.95212600497584,237615.69385925552,0.6755555555555556,0.5883544695880641,13,6,
3:0:4:1:1:6:5:1:4,1324.0,0.08887348681791116,354.4,321.25345340300095,391165.4317187692,0.6044444444444445,0.5669042194780083,11,7,
3:0:4:1:1:6:6:1:3,1176.0,0.07840558311586458,358.20000000000005,229.9256201069529,271734.92807162873,0.6844444444444444,0.6300198323305017,12,6,
3:0:4:1:1:6:6:1:4,1340.0,0.08442047163522672,353.0,206.4606117926009,237373.22845717214,0.6177777777777778,0.675028200837185,12,7,
3:0:4:1:1:6:7:1:3,1160.0,0.07741458406670826,374.40000000000003,207.4281415009357,223825.9678270626,0.6933333333333334,0.748714538350752,11,6,
3:0:4:1:1:6:7:1:4,1324.0,0.08513497412220933,370.8,220.73691774971,242679.23236721742,0.64,0.7302979702919906,11,7,
3:0:4:1:1:6:8:1:3,1144.0,0.078355627896855,389.40000000000003,229.60162767923737,229170.00458359657,0.6444444444444445,0.8065701674390853,10,6,
3:0:4:1:1:7:5:1:3,1208.0,0.07989602314324708,382.0,207.66052072305922,253372.99884147663,0.7022222222222222,0.5618291136872975,14,6,
3:0:4:1:1:7:6:1:3,1192.0,0.0806321158059285,407.4000000000001,214.82260563339096,246293.54810693668,0.7422222222222222,0.6790750743173659,13,6,
3:0:4:1:1:7:6:1:4,1340.0,0.08642912534107437,380.8,223.85532017417358,262434.77058363997,0.7066666666666667,0.6443087570807012,12,7,
3:0:4:1:1:7:7:1:3,1176.0,0.07864309363925202,359.8,233.6696068831705,263387.50838533835,0.7333333333333333,0.7017400022654778,12,6,
3:0:4:1:1:7:7:1:4,1324.0,0.08646565623453598,388.2,233.2772652770596,262434.77058363997,0.7066666666666667,0.704152121747484,11,7,
3:0:4:2:1:5:5:1:4,1324.0,0.08988432174682628,359.80000000000007,338.5972393035916,417754.40221579163,0.5733333333333334,0.5324036451512617,11,7,
3:0:4:2:1:5:6:1:3,1144.0,0.0829249813315397,377.6,344.2120799596433,410656.7963539712,0.5333333333333333,0.6119625380844098,10,6,
3:0:4:2:1:5:6:1:4,1276.0,0.08866052815102429,373.2,345.6618833980466,397912.26383413514,0.5244444444444445,0.6732056962078955,8,7,
3:0:4:2:1:6:6:1:3,1160.0,0.08272936011326339,355.6,345.81060254842635,414244.4767510536,0.6533333333333333,0.6036787715768085,11,6,
3:0:4:2:1:6:6:1:4,1292.0,0.08838467243244046,344.20000000000005,352.4551297299102,420521.7308172028,0.64,0.6118165638947862,9,7,
3:0:4:2:1:7:6:1:3,1160.0,0.0837451557641992,372.4,351.8660046944821,421525.0373129514,0.7066666666666667,0.6035465276860073,11,6,
3:0:4:2:2:4:3:1:4,1308.0,0.09523431168389783,375.8,458.9720128877011,594418.9074156684,0.48444444444444446,0.34667350027244503,10,7,
3:0:4:2:2:4:4:1:3,1160.0,0.08616866813516515,353.59999999999997,425.195033041216,532852.4048224197,0.49333333333333335,0.48445375656358547,11,6,
3:0:4:2:2:4:4:1:4,1324.0,0.09044239988652861,372.2,338.7539974468938,432977.7068068159,0.49777777777777776,0.4093088539491324,11,7,
3:0:4:2:2:4:5:1:4,1308.0,0.0903136797622713,375.20000000000005,348.85779465110403,432977.7068068159,0.49777777777777776,0.5151675225532731,10,7,
3:0:4:2:2:5:1:1:4,1340.0,0.09609846982575938,355.4000000000001,466.8155710795859,619662.5578999417,0.5644444444444444,0.18889073544522167,12,7,
3:0:4:2:2:5:2:1:4,1340.0,0.09584593525689168,360.80000000000007,455.73354328006286,603308.9445178255,0.5155555555555555,0.20972205717547113,12,7,
3:0:4:2:2:5:3:1:3,1160.0,0.08682664560389224,359.0,434.5995260875754,560229.6031603903,0.5777777777777777,0.3702453155715803,11,6,
3:0:4:2:2:5:3:1:4,1324.0,0.096479704661296,371.00000000000006,475.79335487916023,619662.5578999417,0.5644444444444444,0.31617961647089377,11,7,
3:0:4:2:2:5:4:1:3,1160.0,0.08950941308569525,378.79999999999995,475.16179442814325,604057.5608828147,0.5288888888888889,0.4318211827407044,11,6,
3:0:4:2:2:5:4:1:4,1324.0,0.09012800234500465,364.8,339.0800527626045,433744.18886141287,0.5288888888888889,0.4058015642628164,11,7,
3:0:4:2:2:5:5:1:3,1176.0,0.0854470506930247,395.6,350.9586405930558,436587.38745117525,0.5866666666666667,0.5081812826904465,12,6,
3:0:4:2:2:5:5:1:4,1324.0,0.09203387309509369,397.40000000000003,349.3621446396078,433744.18886141287,0.5288888888888889,0.5141936716780289,11,7,
3:0:4:2:2:6:3:1:3,1176.0,0.08954268839107161,385.0,453.7104887991114,587556.2460885071,0.6355555555555555,0.3471033666672053,12,6,
3:0:4:2:2:6:3:1:4,1324.0,0.09608230257582824,378.6,459.2518079561353,595759.4699620827,0.6088888888888889,0.3379878866000835,11,7,
3:0:4:2:2:6:4:1:3,1176.0,0.08470530232300078,393.59999999999997,336.26930226751745,427026.46115029755,0.6844444444444444,0.4361366563251688,12,6,
3:0:4:2:2:6:4:1:4,1308.0,0.09745016475024598,403.20000000000005,481.42870688053455,615076.6822108837,0.6088888888888889,0.41113387690697495,10,7,
3:0:4:2:2:6:5:1:3,1160.0,0.08490051538930625,405.2,345.0615962593906,427454.38885977154,0.6888888888888889,0.5207984166798324,11,6,
3:0:4:2:2:6:6:1:3,1128.0,0.08551692408077564,404.40000000000003,391.7307918174521,451238.36883871595,0.6533333333333333,0.6722474026721263,9,6,
3:0:4:2:2:6:6:1:4,1292.0,0.09115364850989742,388.20000000000005,370.75709147269174,435468.56699928927,0.6488888888888888,0.6410811624520998,9,7,
3:0:4:2:2:6:7:1:3,1112.0,0.08354463141931921,379.80000000000007,387.954206934682,432108.3955750908,0.6622222222222223,0.7160235858822919,8,6,
3:0:4:2:2:7:4:1:3,1192.0,0.08378531635017565,356.4,336.76961787895226,428101.57574651856,0.7111111111111111,0.4320331039600575,13,6,
3:0:4:2:2:7:5:1:3,1144.0,0.09021689332904437,401.6,484.2800999034986,603631.6921112633,0.7066666666666667,0.5020106184104908,10,6,
3:0:4:2:2:7:6:1:3,1144.0,0.08256249179199714,346.6000000000001,367.0560653199353,431995.2661610527,0.7066666666666667,0.6375327417945003,10,6,
3:0:4:3:2:5:4:1:4,1276.0,0.09645480381657198,401.40000000000003,492.83308587286984,614986.1870076669,0.5244444444444445,0.49843062563405743,8,7,
3:0:4:3:2:5:5:1:3,1112.0,0.08972440111653444,403.6000000000001,503.19902512202503,604927.6950895935,0.6,0.5961619403812219,8,6,
3:0:4:3:2:5:6:1:3,1112.0,0.08950197136744528,390.6,511.19435576751874,609426.1021882461,0.5022222222222222,0.6134209735468458,8,6,
3:0:4:3:2:6:4:1:4,1292.0,0.09534773674085192,363.00000000000006,490.32407666916816,611908.9993187957,0.6133333333333333,0.49815021294607376,9,7,
3:0:4:3:3:4:1:1:3,1176.0,0.09310162948365287,351.0,567.7866633821895,755856.8351024025,0.48444444444444446,0.1657877914238046,12,6,
3:0:4:3:3:4:1:1:4,1324.0,0.09780835743001064,339.6,537.0880421752396,712985.9760754646,0.4266666666666667,0.18842802998677682,11,7,
3:0:4:3:3:4:2:1:3,1160.0,0.09502653487931562,407.0,571.0970347846014,748240.2427143699,0.4266666666666667,0.28054267907113706,11,6,
3:0:4:3:3:4:2:1:4,1308.0,0.09909372670655547,342.8,578.8088508974981,759168.9864565951,0.49777777777777776,0.2736782210035785,10,7,
3:0:4:3:3:4:3:1:3,1128.0,0.09236419973289914,373.8,576.3944939902302,740936.813006345,0.4622222222222222,0.38361329587172227,9,6,
3:0:4:3:3:4:4:0:4,1244.0,0.1001240364891132,393.8,614.9908210050467,769457.705907618,0.4444444444444444,0.48983652745284595,6,7,
3:0:4:3:3:5:1:1:3,1160.0,0.09160884652685564,339.4,561.7990468542515,747293.3981750989,0.56,0.17230198158410903,11,6,
3:0:4:3:3:5:1:1:4,1324.0,0.10102264434565782,355.6000000000001,593.409497777301,792768.5538080827,0.5733333333333334,0.135459846260946,11,7,
3:0:4:3:3:5:2:1:4,1292.0,0.09889963155633011,342.19999999999993,591.0417100174275,775504.7609006179,0.5066666666666667,0.27127894503312683,9,7,
3:0:4:3:3:5:3:1:3,1144.0,0.09501530468275743,398.80000000000007,595.044355362042,767247.5510915249,0.5244444444444445,0.36901586558779864,10,6,
3:0:4:3:3:5:3:1:4,1292.0,0.10045515840185872,368.8000000000001,599.441064041821,774949.0584028015,0.5022222222222222,0.3559221126524976,9,7,
3:0:4:3:3:5:4:1:3,1128.0,0.0931027985286922,379.80000000000007,587.0129668955743,743336.1432578526,0.5022222222222222,0.44716465054210075,9,6,
3:0:4:3:3:5:4:1:4,1276.0,0.09973491256829724,358.2000000000001,609.8355327866875,774949.0584028015,0.5022222222222222,0.43345047163280026,8,7,
3:0:4:3:3:6:1:1:3,1160.0,0.09311513236881365,366.40000000000003,568.690478298307,756263.7884493066,0.6177777777777778,0.17441573106516994,11,6,
3:0:4:3:3:6:4:1:4,1276.0,0.10070203262737484,351.2,638.5957341159343,814698.3024040922,0.6044444444444445,0.41727538757386967,8,7,
3:0:4:4:4:3:0:1:4,1292.0,0.10515623731059855,356.8,717.2153394884673,962117.8106945887,0.37333333333333335,0.09747619962043093,9,7,
3:0:4:4:4:3:1:1:3,1160.0,0.09965563117522949,395.99999999999994,686.2517014426637,919913.2953375675,0.39555555555555555,0.1044062752855801,11,6,
3:0:4:4:4:3:1:1:4,1292.0,0.10478614480244311,371.00000000000006,694.6882580549698,930738.5312962137,0.39111111111111113,0.10930678852154127,9,7,
3:0:4:4:4:3:3:1:4,1276.0,0.10389674187278733,340.40000000000003,721.2766921377148,941499.6411057486,0.37333333333333335,0.3030970257368281,8,7,
3:0:4:4:4:4:1:1:3,1144.0,0.09795263164654491,352.4000000000001,707.5342120472607,948704.378391466,0.4666666666666667,0.10178013219004305,10,6,
3:0:4:4:4:4:2:1:4,1276.0,0.10713721061000647,376.0,758.5872387251454,1005197.620110584,0.4266666666666667,0.20248192850261815,8,7,
3:0:4:4:4:4:3:1:3,1112.0,0.0995355081850545,390.40000000000003,737.1489341637263,961724.8798263797,0.43555555555555553,0.3061062458007584,8,6,
3:0:4:4:4:4:4:0:4,1228.0,0.10367897790600952,378.00000000000006,726.777002885214,921725.4315080226,0.43555555555555553,0.4412720661912861,5,7,
3:0:4:4:5:3:1:1:3,1128.0,0.10308735485951695,391.2000000000001,800.2654843391311,1072195.3058938126,0.38222222222222224,0.1092618588843533,9,6,
3:0:4:5:5:2:0:0:4,1260.0,0.11529142362473443,405.00000000000006,929.0570315565245,1249548.4244846543,0.28888888888888886,0.07172361261577337,7,7,
3:0:4:5:5:2:1:0:4,1260.0,0.10900237000505232,356.0,836.553325113677,1110532.4267068997,0.27111111111111114,0.18838984577038057,7,7,
3:0:4:5:5:3:0:1:3,1128.0,0.10561729527559237,396.59999999999997,851.7891437008283,1144265.2593191303,0.36444444444444446,0.08363606539747608,9,6,
3:0:4:5:5:3:2:1:3,1128.0,0.10446186066662025,405.60000000000014,816.7918649989552,1081824.9068775699,0.36,0.2059747982359147,9,6,
3:0:4:5:5:4:0:1:4,1292.0,0.11139532006943557,384.59999999999997,829.7947015623006,1113944.9013677607,0.4177777777777778,0.0904624175831451,9,7,
3:0:4:5:5:4:1:1:4,1292.0,0.11161192468150175,388.40000000000003,830.868305333789,1114190.3148770006,0.4088888888888889,0.10081954586585433,9,7,
3:0:4:5:6:2:1:0:4,1244.0,0.11452944755748881,370.8,962.1125700434981,1282190.1158183652,0.23555555555555555,0.15669181181603606,6,7,
3:0:4:5:6:3:0:1:3,1128.0,0.10956615743218535,378.0,959.2385422241705,1291383.4084048923,0.3466666666666667,0.061860080729711955,9,6,
3:0:4:6:5:2:3:0:5,1360.0,0.12118442982654366,393.99999999999994,972.6496710972326,1266961.1096944604,0.27555555555555555,0.315262352864894,3,8,
3:0:4:6:5:3:3:0:3,1064.0,0.10686014809209292,367.2,973.153332072091,1265141.703874144,0.3244444444444444,0.32623966877573934,5,6,
3:0:4:6:6:1:0:1:4,1276.0,0.11709973078736877,390.6,968.1439427157973,1302366.026506886,0.19111111111111112,0.06979407847621448,8,7,
3:0:4:6:6:1:2:0:5,1360.0,0.12745699344052086,393.00000000000006,1114.7823524117193,1477337.0276789789,0.19111111111111112,0.20171831062944215,3,8,
3:0:4:6:6:2:0:0:4,1244.0,0.12108203201141678,400.4000000000001,1079.9457202568776,1453712.960675161,0.26666666666666666,0.06309476766518574,6,7,
3:0:4:6:6:2:1:0:3,1080.0,0.11389634104765727,395.0,1087.6676735722888,1450962.4386424087,0.29777777777777775,0.14817521543871215,6,6,
3:0:4:6:6:2:1:0:4,1244.0,0.11535895118610433,375.8,975.7764016873472,1299665.0132747972,0.2088888888888889,0.16144290784296783,6,7,
3:0:4:6:6:2:2:0:3,1064.0,0.11361699587429808,397.40000000000003,1094.9824071717067,1448695.52428283,0.21333333333333335,0.21415142153824449,5,6,
3:0:4:6:6:2:2:0:4,1228.0,0.11488518323288774,355.6,1001.3166227399742,1323399.4671135754,0.28,0.22174992700465423,5,7,
3:0:4:6:6:2:3:0:4,1228.0,0.11472649550541175,369.99999999999994,983.3461488717644,1282911.7348555694,0.28888888888888886,0.30617694795118233,5,7,
3:0:4:6:6:3:0:1:3,1128.0,0.11130193680598384,401.40000000000003,974.8935781346365,1311391.0455696397,0.38666666666666666,0.07021903828202121,9,6,
3:0:4:6:6:3:1:0:3,1080.0,0.11291743973564325,372.6,1088.0423940519731,1452268.6029911204,0.32,0.14336480990721825,6,6,
3:0:4:6:6:4:0:0:4,1260.0,0.11565047893802326,377.0,965.1357761055231,1299583.0148963684,0.40444444444444444,0.0597805497796468,7,7,
3:0:4:6:6:4:1:0:4,1260.0,0.11567149303264525,371.99999999999994,970.6085932345181,1291384.389349644,0.4488888888888889,0.17039582106010911,7,7,
3:0:4:7:7:1:0:0:4,1228.0,0.124464410442393,384.6,1187.8492349538424,1602698.221636953,0.18666666666666668,0.038377745663107636,5,7,
3:0:4:7:7:2:0:0:4,1228.0,0.12508782418551986,388.00000000000006,1198.4760441741969,1616513.2441784267,0.27111111111111114,0.04187819363454053,5,7,
3:0:4:7:7:2:1:0:3,1064.0,0.11768520138688711,367.19999999999993,1216.7170312049604,1627325.8844429778,0.28,0.12528680491282276,5,6,
3:0:4:7:7:3:0:0:3,1080.0,0.11754328466425105,369.59999999999997,1195.1239049456487,1610134.676500852,0.3022222222222222,0.05415365605686035,6,6,
3:0:5:0:0:5:9:1:4,1292.0,0.08203450182188207,425.00000000000006,128.7762909923467,93195.44641063079,0.5733333333333334,0.9106146208161716,9,7,
3:0:5:0:0:6:8:1:3,1176.0,0.0756008067985326,410.40000000000003,114.61815296698316,99308.93726075593,0.6088888888888889,0.8681061476345636,12,6,
3:0:5:0:0:6:9:1:3,1192.0,0.0752397385143243,421.19999999999993,79.69411657229695,48523.958693184904,0.6888888888888889,0.9347048913418252,13,6,
3:0:5:0:0:6:9:1:4,1308.0,0.08468575425560078,478.4,119.02947075101758,80672.74995689486,0.6044444444444445,0.9210814818138237,10,7,
3:0:5:0:0:7:8:1:3,1176.0,0.0775713122829289,470.80000000000007,98.5545263659003,75944.8733053347,0.7866666666666666,0.8985363695202551,12,6,
3:0:5:0:0:7:8:1:4,1324.0,0.08315526833880572,442.4000000000001,104.59353762312878,84913.3699999632,0.7244444444444444,0.8865080641219784,11,7,
3:0:5:0:0:7:9:1:3,1160.0,0.07527658416514026,424.00000000000006,109.7231437156557,79584.39443526241,0.7955555555555556,0.9102223981387987,11,6,
3:0:5:0:0:7:9:1:4,1308.0,0.0820208119305482,408.79999999999995,128.66826843733452,90669.3002930853,0.7777777777777778,0.9150991884671623,10,7,
3:0:5:0:0:8:9:1:3,1144.0,0.07420137587374064,413.00000000000006,112.53095715916413,67297.59945205248,0.8177777777777778,0.9366554815596629,10,6,
3:0:5:0:0:8:9:1:4,1292.0,0.08244681675477784,419.6,143.4533769825017,97109.81708121776,0.8044444444444444,0.9212554862176376,9,7,
3:0:5:1:0:7:6:1:3,1060.0,0.07498048442869623,446.6000000000001,180.46089964566517,212303.59053569083,0.7822222222222223,0.6382333080053115,15,5,
3:0:5:1:1:5:4:1:3,1192.0,0.084551633123242,414.20000000000005,296.21174527294477,371114.009585816,0.56,0.4853316910370298,13,6,
3:0:5:1:1:5:5:1:3,1176.0,0.08490256245409535,413.2,321.1076552171454,392527.18022805476,0.5911111111111111,0.5571192393343383,12,6,
3:0:5:1:1:5:5:1:4,1356.0,0.08838068346722656,422.4000000000001,210.1653780125976,255843.58968511375,0.5777777777777777,0.5674614701191167,13,7,
3:0:5:1:1:5:6:1:3,1160.0,0.08638739911823255,451.79999999999995,331.91648016023254,392527.18022805476,0.5911111111111111,0.6288215974304233,11,6,
3:0:5:1:1:5:6:1:4,1292.0,0.09208030975615218,449.59999999999997,330.20696951342387,378114.4783635572,0.5333333333333333,0.680822717196944,9,7,
3:0:5:1:1:5:7:1:3,1160.0,0.07940125689308744,420.8,205.72828009446746,220942.71613394585,0.5733333333333334,0.7530397482184199,11,6,
3:0:5:1:1:5:7:1:4,1308.0,0.08896180842331194,453.6,240.0406895245184,254655.79127266476,0.5822222222222222,0.7636446274421653,10,7,
3:0:5:1:1:6:5:1:3,1192.0,0.07982616792885029,408.80000000000007,195.2887783991316,235260.586419001,0.6088888888888889,0.5916224373382878,13,6,
3:0:5:1:1:6:6:1:3,1176.0,0.08069797743558511,432.4,207.30449230066534,237615.69385925552,0.6755555555555556,0.6794241631306264,12,6,
3:0:5:1:1:6:6:1:4,1324.0,0.0871795208497958,414.80000000000007,222.7392191204053,260464.85954380513,0.6444444444444445,0.6485975359322135,11,7,
3:0:5:1:1:6:7:1:3,1160.0,0.08127827637573197,465.20000000000016,203.56121845396908,218425.53662146063,0.6755555555555556,0.7538191640776857,11,6,
3:0:5:1:1:6:7:1:4,1324.0,0.08795568620463251,424.20000000000005,230.80293960423157,257855.81375492184,0.6755555555555556,0.7124908861489312,11,7,
3:0:5:1:1:7:6:1:4,1324.0,0.08997219467854854,463.20000000000005,237.1743802673423,268056.60975154437,0.7066666666666667,0.698350650585407,11,7,
3:0:5:1:1:7:7:1:3,1160.0,0.08141807576428277,435.8,236.10670469636244,265813.29203830875,0.7244444444444444,0.7032432851362772,11,6,
3:0:5:1:1:7:7:1:4,1308.0,0.08826466114513856,429.2,248.7548757656176,271622.33880471904,0.7377777777777778,0.7372883686663296,10,7,
3:0:5:1:1:7:8:1:3,1112.0,0.08050586995227928,449.6,249.78207392628389,225144.90417947635,0.76,0.8545103348582487,8,6,
3:0:5:2:1:5:5:1:3,1160.0,0.08563055533519208,424.4000000000001,342.2874950418219,422985.55782152136,0.5688888888888889,0.5278591251928053,11,6,
3:0:5:2:1:5:6:1:3,1144.0,0.08679094367670964,466.79999999999995,341.996232725967,392527.18022805476,0.5911111111111111,0.6775108511992988,10,6,
3:0:5:2:1:5:6:1:4,1292.0,0.09186260535557263,413.0,361.90862050038436,420891.82578157214,0.56,0.6575581760679426,9,7,
3:0:5:2:1:5:7:1:3,1128.0,0.08568718376154003,448.59999999999997,351.3616346346507,390835.4052887659,0.5688888888888889,0.7175288487915447,9,6,
3:0:5:2:1:5:7:1:4,1276.0,0.09055112224418004,421.40000000000003,340.0002504940509,374941.8542497487,0.5377777777777778,0.7270621510474645,8,7,
3:0:5:2:1:6:5:1:4,1324.0,0.09360008634607041,442.2,339.801942786584,419905.92543456925,0.6488888888888888,0.5279141262794226,11,7,
3:0:5:2:1:6:6:1:3,1144.0,0.08506988699601396,424.40000000000003,345.672457410314,413201.7924332367,0.6088888888888889,0.6080395428080514,10,6,
3:0:5:2:1:6:6:1:4,1292.0,0.09405799625369449,474.0,350.30491570812586,406300.7879590735,0.6044444444444445,0.6618137828744236,9,7,
3:0:5:2:1:6:7:1:3,1112.0,0.0847622439515115,437.0,358.15048890900863,401082.6697381974,0.6355555555555555,0.7096799841142969,8,6,
3:0:5:2:1:6:7:1:4,1276.0,0.09302791315255819,453.6,363.52804593255934,408749.2014967325,0.6088888888888889,0.7048034163940514,8,7,
3:0:5:2:1:7:5:1:3,1160.0,0.08637729237670472,447.00000000000017,336.48907847585576,412590.3456121753,0.72,0.549214758356119,11,6,
3:0:5:2:2:4:4:1:3,1144.0,0.09052135174694889,456.6,436.13041430635036,549583.5833857687,0.4488888888888889,0.4652615164519729,10,6,
3:0:5:2:2:4:4:1:4,1308.0,0.09974746166643335,467.8,468.5178874947503,595041.4549528505,0.48,0.4356478833075112,10,7,
3:0:5:2:2:4:5:1:3,1144.0,0.09032081383535337,442.79999999999995,445.4183112954508,547591.2673456947,0.47555555555555556,0.5422241258448076,10,6,
3:0:5:2:2:4:5:1:4,1276.0,0.09702606009498081,436.40000000000003,470.68635213706847,581511.8034172754,0.4488888888888889,0.5285659385200995,8,7,
3:0:5:2:2:4:6:1:4,1308.0,0.09386707327541505,446.2,357.8091486968385,427796.21251095267,0.49333333333333335,0.6076262827872235,10,7,
3:0:5:2:2:5:2:1:3,1176.0,0.09102697013475805,447.2,424.9068280320559,560008.151695623,0.5644444444444444,0.24163035899622387,12,6,
3:0:5:2:2:5:3:1:3,1176.0,0.09062709627212782,438.6000000000001,424.5096661228761,545933.0223072885,0.5377777777777778,0.381554049412562,12,6,
3:0:5:2:2:5:3:1:4,1308.0,0.09901691020723867,450.59999999999997,469.2804796628702,610914.4933234716,0.5555555555555556,0.31864552732541074,10,7,
3:0:5:2:2:5:4:1:3,1160.0,0.08994780362300622,412.00000000000006,451.82558151764005,572863.9475137813,0.5288888888888889,0.44234496316110805,11,6,
3:0:5:2:2:5:4:1:4,1292.0,0.09849637028334515,457.2,466.96833137526625,594373.3811532535,0.5644444444444444,0.4268244784335449,9,7,
3:0:5:2:2:5:5:1:3,1160.0,0.08732953897467671,443.6000000000001,361.3146269302258,434639.1715164847,0.6,0.5947739790311382,11,6,
3:0:5:2:2:5:5:1:4,1324.0,0.09282163666384607,411.8,352.6868249365368,438026.0071427601,0.5822222222222222,0.5131318853454053,11,7,
3:0:5:2:2:5:6:1:3,1128.0,0.09178100942910451,478.8,458.27271215485166,548118.2866254078,0.5866666666666667,0.6068509025340177,9,6,
3:0:5:2:2:5:6:0:4,1260.0,0.09256573758367388,439.20000000000005,383.529095632662,438404.7428591419,0.5733333333333334,0.683272500575009,7,7,
3:0:5:2:2:6:5:1:3,1160.0,0.08936587694185438,427.6000000000001,423.1322311917235,527353.8051190482,0.6177777777777778,0.5023691046877369,11,6,
3:0:5:2:2:6:5:1:4,1308.0,0.09467154609769812,460.2000000000001,361.90978719820754,437541.05936821725,0.6577777777777778,0.583675540341173,10,7,
3:0:5:2:2:6:6:1:3,1144.0,0.08699861447372866,427.00000000000006,386.4688256588946,457454.7423443726,0.6844444444444444,0.627146000028919,10,6,
3:0:5:2:2:6:7:1:3,1112.0,0.0878119394696852,474.40000000000003,389.36863806791683,436430.70526112645,0.68,0.7086170244719051,8,6,
3:0:5:2:2:7:6:1:3,1144.0,0.08547232761227015,412.4000000000001,366.72737127607854,431223.9932137588,0.7066666666666667,0.6391022807950648,10,6,
3:0:5:3:2:5:5:1:3,1144.0,0.09174561717113215,424.00000000000006,496.2763863504731,618962.244923966,0.5155555555555555,0.5000797374034369,10,6,
3:0:5:3:2:5:6:0:3,1096.0,0.09010441856207176,411.00000000000006,520.3494176466145,609426.1021882461,0.5022222222222222,0.6459861853844502,7,6,
3:0:5:3:2:6:4:1:3,1144.0,0.09153441639907643,416.0000000000001,499.5243689792196,623278.0088054833,0.68,0.49872738888702983,10,6,
3:0:5:3:2:6:5:1:3,1112.0,0.09244276262416276,450.4,517.5621590436624,622647.5545166017,0.68,0.5945924296204884,8,6,
3:0:5:3:3:4:1:1:3,1160.0,0.0961966634552909,443.20000000000005,561.2249277440453,747361.023033963,0.49333333333333335,0.1631269605084793,11,6,
3:0:5:3:3:4:4:1:4,1276.0,0.10264056305732495,455.20000000000005,578.2126687898112,730530.7642226471,0.4222222222222222,0.4557252305577076,8,7,
3:0:5:3:3:4:5:1:3,1112.0,0.09508918070035903,449.79999999999995,577.7065657580785,712817.2643086654,0.4711111111111111,0.5321884193430017,8,6,
3:0:5:3:3:4:5:0:4,1228.0,0.10119657863456527,425.80000000000007,623.1230192777184,768172.5795904062,0.44,0.5346726851576138,5,7,
3:0:5:3:3:5:1:1:4,1308.0,0.10474271542104742,448.80000000000007,599.9110969735665,801767.1275467479,0.56,0.13198934729417489,10,7,
3:0:5:3:3:5:2:1:4,1292.0,0.10239454662778907,438.79999999999995,573.0772991252541,751777.1741359638,0.5244444444444445,0.2726111941070951,9,7,
3:0:5:3:3:5:3:1:3,1160.0,0.09623637965921945,435.8,569.5185423324376,742987.4453846504,0.5377777777777778,0.30640229141187436,11,6,
3:0:5:3:3:5:4:1:3,1128.0,0.09525484909605157,415.6,599.6341046611604,762415.3067186506,0.5688888888888889,0.4311863538540401,9,6,
3:0:5:3:3:6:2:1:3,1144.0,0.09819442483773423,469.20000000000005,596.1745588490204,782673.5307190265,0.6222222222222222,0.2677069383110948,10,6,
3:0:5:3:3:6:4:1:3,1128.0,0.09890567907545729,467.20000000000005,630.1777791977887,803604.6467036479,0.6577777777777778,0.41912841496041187,9,6,
3:0:5:4:4:3:2:1:3,1144.0,0.10015020760883776,424.20000000000005,685.1796711988495,902196.1539214724,0.37333333333333335,0.24801141823155018,10,6,
3:0:5:4:4:4:1:1:3,1160.0,0.10218386071285608,434.00000000000006,705.1368660392617,943029.7101377057,0.4666666666666667,0.125974643814924,11,6,
3:0:5:4:4:4:1:1:4,1308.0,0.10735690490882979,422.4,685.1303604486704,917265.4181633334,0.4577777777777778,0.11608039174412826,10,7,
3:0:5:4:4:4:2:1:3,1144.0,0.1020536509758589,451.80000000000007,700.4071469568252,922279.4596865899,0.47555555555555556,0.2477690976954648,10,6,
3:0:5:4:4:4:3:1:3,1128.0,0.09992810615203368,415.60000000000014,704.7823884207572,916116.2776688964,0.44,0.32703275240501356,9,6,
3:0:5:4:4:4:3:1:4,1276.0,0.10646772033679028,409.20000000000016,710.3237075777812,924319.5015424719,0.41333333333333333,0.32100676953998597,8,7,
3:0:5:4:4:4:4:0:4,1228.0,0.10812178911921826,460.6000000000001,744.1402551824106,930647.0117778353,0.48,0.49124360896601704,5,7,
3:0:5:4:4:5:5:0:3,1064.0,0.09937115748609564,413.20000000000005,758.651043437152,936282.5555072603,0.5111111111111111,0.5315798211518789,5,6,
3:0:5:5:5:2:2:1:3,1128.0,0.10596265742258602,449.40000000000003,806.7597920081855,1068940.8087057408,0.29333333333333333,0.2031205656217504,9,6,
3:0:5:5:5:2:3:0:4,1212.0,0.11269995861652818,438.3999999999999,885.3490688718838,1135631.2730999757,0.24444444444444444,0.3935779042131883,4,7,
3:0:5:5:5:3:0:1:3,1128.0,0.11005510604754813,425.80000000000007,922.4398860698329,1239059.1986369037,0.31555555555555553,0.08456147480738513,9,6,
3:0:5:5:5:3:0:0:4,1260.0,0.11875164421626079,466.40000000000003,945.5119948658675,1269895.3503495324,0.3688888888888889,0.08576806910820824,7,7,
3:0:5:5:5:3:2:1:3,1128.0,0.10526818404557162,419.20000000000005,821.3341410253611,1087635.3313539894,0.3333333333333333,0.20739849165123947,9,6,
3:0:5:5:5:3:2:0:4,1244.0,0.11314507944020123,464.80000000000007,836.9642874045273,1096108.7129425285,0.3377777777777778,0.2831913573422772,6,7,
3:0:5:5:5:3:3:0:4,1228.0,0.11224772643891111,419.00000000000006,878.5738448755001,1141574.721302148,0.39111111111111113,0.3291800269891592,5,7,
3:0:5:5:5:4:1:1:4,1276.0,0.11526299091013498,469.40000000000003,848.017295478037,1126822.8019731082,0.43555555555555553,0.18084398769798382,8,7,
3:0:5:5:5:4:3:0:4,1212.0,0.11283746227168676,441.20000000000005,885.6429011129518,1137383.857744128,0.4888888888888889,0.3880348777858162,4,7,
3:0:5:5:5:4:4:0:3,1064.0,0.10701843995086892,475.0,868.9148988945506,1112411.3111346676,0.4577777777777778,0.4021900507583557,5,6,
3:0:5:5:5:4:4:0:4,1228.0,0.11177369213991042,434.00000000000006,852.9080731479842,1092082.5656870632,0.4,0.40152658904108557,5,7,
3:0:5:5:5:5:1:1:3,1128.0,0.10691236695358837,460.80000000000007,816.7282564557381,1093650.9333987539,0.5377777777777778,0.11438857361637661,9,6,
3:0:5:5:6:4:0:1:3,1112.0,0.11022319633383941,415.6000000000001,952.4219175113869,1279099.613041109,0.4088888888888889,0.08635566626034744,8,6,
3:0:5:6:5:3:3:0:4,1212.0,0.11730475389712199,458.4,968.9569626852444,1263200.575113278,0.3333333333333333,0.31049213011753646,4,7,
3:0:5:6:6:1:0:0:4,1244.0,0.12085386611827885,428.20000000000005,1047.011987661274,1410447.8161589948,0.17333333333333334,0.0552157789177057,6,7,
3:0:5:6:6:1:1:0:4,1244.0,0.12340042529204634,423.59999999999997,1108.909569071043,1481491.2814609574,0.19111111111111112,0.13523436924463073,6,7,
3:0:5:6:6:1:1:0:5,1360.0,0.1300411752688359,448.40000000000003,1117.5264435488077,1482068.8752297466,0.1688888888888889,0.19604913151438594,3,8,
3:0:5:6:6:2:1:0:3,1080.0,0.11726087871350671,473.8,1084.5697710539005,1447488.3530687264,0.2311111111111111,0.1442372104946897,6,6,
3:0:5:6:6:2:1:0:5,1360.0,0.12887322878522497,422.6,1117.0476476675624,1481413.5364604509,0.20444444444444446,0.19615520144382317,3,8,
3:0:5:6:6:2:2:0:4,1212.0,0.11801692934463,444.6,998.7809102541751,1306201.186581284,0.26222222222222225,0.2917773477308525,4,7,
3:0:5:6:6:2:2:0:5,1360.0,0.1308569164454723,473.0,1111.2806200231264,1471821.211125199,0.2088888888888889,0.20622222556037048,3,8,
3:0:5:6:6:3:0:1:3,1112.0,0.11688417783264718,424.6,1093.2940012345618,1474148.5780417877,0.3111111111111111,0.04547992674136303,8,6,
3:0:5:6:6:3:1:0:3,1080.0,0.11548784584914881,444.2,1074.2765316058483,1433858.2574417174,0.3377777777777778,0.1435852811510363,6,6,
3:0:5:6:6:3:1:0:4,1244.0,0.11795247839591187,418.40000000000003,991.5307639080169,1322819.6503318925,0.3333333333333333,0.14749035093119517,6,7,
3:0:5:6:6:3:3:0:4,1212.0,0.11756444838680212,445.6000000000001,987.6000887030478,1289698.5003394303,0.3466666666666667,0.3005258214753383,4,7,
3:0:5:6:6:4:3:0:4,1212.0,0.11920975976886444,453.4,1016.8195947994501,1316445.635269705,0.4533333333333333,0.34844070670056715,4,7,
3:0:5:7:7:1:1:0:4,1212.0,0.1259441228691602,422.20000000000005,1199.5427645561049,1605152.6909496046,0.19111111111111112,0.12076471117669378,4,7,
3:0:5:7:7:1:1:0:5,1360.0,0.1348807426873776,450.8,1224.016710465996,1639140.0362015632,0.10666666666666667,0.11379934935612085,3,8,
3:0:5:7:7:1:2:0:4,1180.0,0.1273910185433595,467.59999999999997,1218.6979172255888,1605010.077635007,0.17333333333333334,0.24667473802817827,2,7,
3:0:5:7:7:2:0:0:3,1096.0,0.1206620433242692,427.20000000000005,1191.695974796057,1606955.4075319597,0.22666666666666666,0.04463978920523983,7,6,
3:0:5:7:7:2:1:0:4,1196.0,0.12685812561529022,421.40000000000003,1236.9078263440301,1643297.8702050739,0.24444444444444444,0.18216738189102896,3,7,
3:0:5:7:7:2:1:0:5,1360.0,0.13520406180764258,452.80000000000007,1229.291390671958,1647881.8010655243,0.22666666666666666,0.10423698037712532,3,8,
3:0:5:7:7:3:1:0:3,1064.0,0.120480191964602,410.2,1236.604319203545,1655267.3245407133,0.3288888888888889,0.11787389920907991,5,6,
3:0:5:7:7:3:1:0:4,1196.0,0.12699720819605706,419.20000000000005,1242.237184411284,1649298.4717706488,0.31555555555555553,0.18735489477076395,3,7,
3:0:5:8:8:0:0:0:5,1344.0,0.14027819771838237,464.4,1347.8594486636034,1808067.9397026803,0.08,0.09766544734817613,2,8,
3:0:5:8:8:0:1:0:4,1196.0,0.1337555816065977,474.8,1338.700586148448,1793427.6432412365,0.09333333333333334,0.11011228541595279,3,7,
3:0:5:8:8:1:0:0:5,1360.0,0.14029762690238845,449.80000000000007,1346.8966053037404,1819823.3196126951,0.12,0.023035719700870767,3,8,
3:0:5:8:8:1:1:0:4,1180.0,0.1315587999981434,464.59999999999997,1315.472999958227,1748707.1109918645,0.10222222222222223,0.17743753997868386,2,7,
3:0:5:8:8:1:1:0:5,1344.0,0.1388476888870323,464.59999999999997,1315.472999958227,1748707.1109918645,0.10222222222222223,0.17743753997868386,2,8,
3:0:5:8:8:2:0:0:4,1196.0,0.13494697151229526,478.40000000000015,1361.9068590266434,1826723.7758104126,0.24,0.09865317603851065,3,7,
3:0:5:8:8:2:0:0:5,1344.0,0.1392516840347283,426.20000000000005,1362.9628907813867,1828338.559586238,0.20444444444444446,0.09761122625522418,2,8,
3:0:5:9:9:0:0:0:5,1344.0,0.1426455861781993,430.20000000000005,1435.3256890094842,1941663.2376036544,0.03111111111111111,0.009235321145940984,2,8,
3:0:6:1:1:5:7:1:4,1276.0,0.09002320372477404,483.6,265.9220838074159,278261.34667807544,0.6,0.7746523899829494,8,7,
3:0:6:1:1:6:5:1:4,1324.0,0.09473215123397608,485.8,321.6734027644616,394084.61833732005,0.6311111111111111,0.5514636437455758,11,7,
3:0:6:1:1:6:7:1:3,1176.0,0.08501265462820928,507.6,229.18472913470876,255412.18099352584,0.6311111111111111,0.7153787869950644,12,6,
3:0:6:1:1:6:7:1:4,1308.0,0.09062194737602929,493.40000000000003,237.59381596065893,255315.57306181287,0.6311111111111111,0.752507518998286,10,7,
3:0:6:1:1:6:8:1:3,1144.0,0.08366679584123159,502.2,236.3029064277108,237543.89761122107,0.68,0.8022639869784665,10,6,
3:0:6:1:1:6:8:1:4,1276.0,0.09168330139681224,534.1999999999999,252.67428142827563,245467.31663640484,0.6666666666666666,0.8215899453474861,8,7,
3:0:6:1:1:7:7:1:3,1160.0,0.08530857306355082,539.0,220.4428939298933,229868.5578284047,0.7244444444444444,0.7773070264567697,11,6,
3:0:6:1:1:7:8:1:3,1128.0,0.08522748219749524,527.1999999999999,262.41834944364297,260438.57422524234,0.7644444444444445,0.8099007811975609,9,6,
3:0:6:2:1:5:6:1:3,1144.0,0.0880540860982862,498.0,339.21693721143936,401592.85161665763,0.5688888888888889,0.6268254269807233,10,6,
3:0:6:2:1:5:6:1:4,1308.0,0.09636267394486471,523.8000000000001,336.36016375945576,398232.42085975554,0.5644444444444444,0.6267240935674476,10,7,
3:0:6:2:1:5:7:1:3,1128.0,0.08798242763098765,514.4,337.2046216972224,372801.5808490177,0.5911111111111111,0.7243293864668088,9,6,
3:0:6:2:1:6:6:1:3,1144.0,0.09026396062344984,537.8,349.1391140276213,404925.8392802621,0.6844444444444444,0.6619016878471455,10,6,
3:0:6:2:1:6:6:1:4,1292.0,0.09457077413935515,483.6000000000001,352.242418135491,420945.15903818654,0.6133333333333333,0.6085711959684609,9,7,
3:0:6:2:2:5:3:1:3,1176.0,0.09377599936913052,498.00000000000006,435.95998580543676,560384.7348445654,0.5777777777777777,0.38384695232569577,12,6,
3:0:6:2:2:5:5:1:3,1128.0,0.09307418738394937,484.40000000000003,481.76921613886105,599269.7550568149,0.5822222222222222,0.5084076519115113,9,6,
3:0:6:2:2:5:5:1:4,1276.0,0.10150050768168037,532.4000000000001,475.3614228378084,591524.2541801075,0.5022222222222222,0.5072337081825015,8,7,
3:0:6:2:2:5:6:1:3,1128.0,0.09213226141708504,507.8,437.17588188441334,522933.92895812757,0.5333333333333333,0.6066607168346608,9,6,
3:0:6:2:2:6:5:1:3,1128.0,0.09372330250650823,505.4000000000001,475.37430639643503,587646.79237608,0.6133333333333333,0.5268957015528511,9,6,
3:0:6:2:2:6:5:1:4,1308.0,0.09549891234677217,486.60000000000014,354.12552780237394,438670.6917668411,0.6355555555555555,0.5208779739246314,10,7,
3:0:6:2:2:6:6:1:3,1128.0,0.08878444530666732,500.4,369.25001940001465,436691.050090173,0.64,0.6287670053967944,9,6,
3:0:6:2:2:6:7:1:3,1112.0,0.08967432534923235,509.4,396.27232035772795,443782.0351610338,0.6711111111111111,0.7096590354467928,8,6,
3:0:6:2:2:7:6:1:4,1276.0,0.09578204861494778,492.0,387.0960938363252,443534.39383941045,0.7066666666666667,0.6799397612461807,8,7,
3:0:6:3:2:5:5:1:4,1276.0,0.102263218641502,530.8000000000001,494.12241943379473,602673.9358172001,0.5333333333333333,0.5627373007761928,8,7,
3:0:6:3:2:6:5:1:4,1276.0,0.10022728104886297,483.6,495.51382359941675,605363.6343344769,0.6044444444444445,0.5586274780648978,8,7,
3:0:6:3:2:6:6:1:3,1112.0,0.09476602149450172,521.6,498.63548362628876,594801.5719628611,0.6133333333333333,0.6122568520411531,8,6,
3:0:6:3:3:3:3:1:4,1292.0,0.10594876059850461,498.40000000000003,593.4471134663538,766460.3145051755,0.36,0.3607913664505712,9,7,
3:0:6:3:3:4:4:1:3,1128.0,0.09990858848363426,529.5999999999999,590.3432408817714,746768.6536526472,0.44,0.45115252090232144,9,6,
3:0:6:3:3:4:4:1:4,1276.0,0.10647203232290255,511.6000000000001,608.0207272653074,769928.7928739751,0.4577777777777778,0.4472119942105338,8,7,
3:0:6:3:3:5:5:0:4,1260.0,0.10342493479644022,486.4,580.6610329199046,718614.8954381008,0.5066666666666667,0.5236201513378738,7,7,
3:0:6:4:4:4:3:0:4,1260.0,0.11199323563577782,535.8,724.0478018050009,929751.2871560826,0.4444444444444444,0.3885541960535565,7,7,
3:0:6:4:4:4:4:0:4,1228.0,0.11009525629426015,523.4000000000001,725.7432666208532,918611.082146863,0.4222222222222222,0.4488228003985637,5,7,
3:0:6:4:4:5:2:1:3,1128.0,0.10478729202495939,515.2,714.5140705615861,942599.2845645585,0.5244444444444445,0.2349593967088119,9,6,
3:0:6:4:5:3:1:1:3,1144.0,0.10898386278196251,507.79999999999995,800.3369125941562,1072860.2539623776,0.3511111111111111,0.10425681739777139,10,6,
3:0:6:5:5:2:2:1:3,1128.0,0.10862708649276313,496.59999999999997,819.5094460871705,1085431.7729792048,0.28888888888888886,0.20592281362924325,9,6,
3:0:6:5:5:2:2:0:4,1260.0,0.11601045212083387,521.4,828.835172718762,1084774.7460796128,0.27555555555555555,0.28711065057102697,7,7,
3:0:6:5:5:2:3:0:4,1212.0,0.12011649727510212,529.4,961.2211886897976,1254384.5556625915,0.26666666666666666,0.30459891882987244,4,7,
3:0:6:5:5:3:0:1:4,1276.0,0.11526928428643535,492.20000000000005,825.3588964447949,1109338.0610106443,0.3244444444444444,0.07844504256076038,8,7,
3:0:6:5:5:3:1:1:3,1112.0,0.10838612218216297,493.40000000000003,833.2877490986665,1107687.7316413769,0.3377777777777778,0.17767488575503532,8,6,
3:0:6:5:5:3:2:0:4,1244.0,0.1214126550499298,540.0,947.7847386234205,1247876.8873307153,0.3244444444444444,0.24855102169585255,6,7,
3:0:6:5:5:3:3:0:4,1228.0,0.116191980235763,523.6,862.7195553046678,1116425.257704141,0.3422222222222222,0.3508126964193802,5,7,
3:0:6:5:5:3:4:0:3,1064.0,0.10855410000773565,516.8000000000001,861.667250174052,1103504.1371399672,0.3244444444444444,0.40069778831586544,5,6,
3:0:6:5:5:4:0:1:4,1292.0,0.11622437825358514,486.6000000000001,836.4485107056656,1122789.7899042007,0.4177777777777778,0.09122172906761114,9,7,
3:0:6:5:5:4:2:1:3,1128.0,0.10956166037940794,528.4,808.7373585366785,1070480.039377027,0.4666666666666667,0.21071372389601842,9,6,
3:0:6:5:5:4:3:0:3,1064.0,0.10883865006462133,518.8,866.0696264539799,1110408.4913674868,0.48,0.3955881779081818,5,6,
3:0:6:5:5:5:1:1:3,1112.0,0.1077676449004887,483.00000000000006,829.7720102609956,1101413.2641353153,0.5066666666666667,0.18922322429341404,8,6,
3:0:6:5:6:4:0:1:4,1276.0,0.1216099281429898,501.20000000000005,959.0233832172705,1289220.8513050403,0.4666666666666667,0.07666614503834694,8,7,
3:0:6:6:5:2:3:0:4,1212.0,0.1196481608245447,506.40000000000003,973.6836185522556,1269078.5464624956,0.24888888888888888,0.3117825422707346,4,7,
3:0:6:6:5:3:3:0:4,1212.0,0.1211557268634,538.0,976.0038544264996,1274598.8205381664,0.3511111111111111,0.3003220912057021,4,7,
3:0:6:6:6:1:2:0:4,1212.0,0.12527719672908302,519.0,1087.7369264043684,1439401.1930669043,0.16,0.2126503827886302,4,7,
3:0:6:6:6:1:2:0:5,1360.0,0.13165597433757373,494.6000000000001,1107.659422595409,1466661.0293697042,0.13777777777777778,0.20808873639408704,3,8,
3:0:6:6:6:2:2:0:4,1212.0,0.12368949928736808,491.4,1079.6137339657814,1429441.837114449,0.22666666666666666,0.20852758275650837,4,7,
3:0:6:6:6:2:2:0:5,1360.0,0.12612970423875536,488.8,989.1183453719954,1291927.7121470452,0.21777777777777776,0.2993915088217106,3,8,
3:0:6:6:6:2:3:0:4,1212.0,0.11924211760343044,485.40000000000003,985.5476460771848,1285211.6480588412,0.27555555555555555,0.3087696010810015,4,7,
3:0:6:6:6:3:2:0:3,1064.0,0.1180424258385697,510.2,1081.7545813678184,1414064.0582640213,0.36,0.29455773630940507,5,6,
3:0:6:6:6:3:2:0:4,1212.0,0.12497828584005771,531.4,1068.6114314012987,1410922.2551561906,0.3022222222222222,0.22897766484270912,4,7,
3:0:6:6:6:3:2:0:5,1360.0,0.1344433664535319,544.8000000000001,1120.1757452044671,1470998.1522135953,0.32,0.26593366551868103,3,8,
3:0:6:6:6:3:3:0:4,1212.0,0.12016567236800813,494.00000000000006,997.7276282801826,1302343.4228209187,0.3288888888888889,0.3031613166010331,4,7,
3:0:6:6:6:4:1:0:3,1080.0,0.11842390946026335,495.40000000000003,1089.1379628559255,1454162.9054908855,0.4266666666666667,0.14076992535080152,6,6,
3:0:6:6:6:4:2:0:4,1228.0,0.12101776346539973,497.00000000000006,997.8996779714939,1319514.2508503967,0.41333333333333333,0.21826409274918354,5,7,
3:0:6:6:6:4:3:0:4,1196.0,0.12055037486375406,490.40000000000003,1025.9834344344663,1316445.635269705,0.4533333333333333,0.3921130497527633,3,7,
3:0:6:7:6:3:1:0:4,1212.0,0.12612827016132272,505.6,1120.2860786297615,1484977.7239332867,0.3022222222222222,0.19993434923444217,4,7,
3:0:6:7:7:1:1:0:4,1212.0,0.12963974329062453,483.8,1221.0942240390514,1633783.9783033205,0.1111111111111111,0.12192551064657794,4,7,
3:0:6:7:7:1:1:0:5,1360.0,0.13683507607260328,505.8,1212.9892116335736,1624447.874670731,0.16444444444444445,0.11336855698476682,3,8,
3:0:6:7:7:2:0:0:4,1228.0,0.1307253087710078,486.6,1226.7194473476754,1655824.6982142155,0.2577777777777778,0.03389152097845754,5,7,
3:0:6:7:7:2:1:0:4,1228.0,0.13228533643336798,544.6,1203.8200697507796,1609186.103260193,0.28444444444444444,0.13027244278715247,5,7,
3:0:6:7:7:2:1:0:5,1360.0,0.138342670254238,516.4000000000001,1236.3100807203548,1656685.0605649757,0.24,0.10768832888593226,3,8,
3:0:6:7:7:2:2:0:4,1196.0,0.12821896396584218,500.8,1188.1266892314486,1573531.5108990793,0.21777777777777776,0.2065452587432055,3,7,
3:0:6:7:7:2:2:0:5,1344.0,0.13855366993246385,497.00000000000006,1276.4575734804368,1686669.3820690801,0.21777777777777776,0.22335059232574486,2,8,
3:0:6:7:7:4:2:0:3,1064.0,0.12020138346911938,510.2,1130.331128055186,1497350.9290378573,0.4444444444444444,0.20471702766165567,5,6,
3:0:6:8:8:0:0:0:5,1360.0,0.14129279153938365,482.2,1336.8878096361323,1806195.039913771,0.07111111111111111,0.02368678875034913,3,8,
3:0:6:8:8:1:0:0:5,1360.0,0.14344629880571563,537.2,1330.3417231286016,1797069.9641363092,0.1288888888888889,0.025431248598044236,3,8,
3:0:6:8:8:1:1:0:4,1196.0,0.13276328421071557,490.40000000000003,1300.7738947411003,1740281.0357433166,0.16444444444444445,0.12251113159281385,3,7,
3:0:6:8:8:1:1:0:5,1328.0,0.14248179980852305,533.0,1344.8404956917682,1790345.7979805493,0.10666666666666667,0.1655630206695833,1,8,
3:0:6:9:9:0:0:0:4,1180.0,0.1447475535924811,510.8,1566.0199558308245,2117214.8188059595,0.035555555555555556,0.015961794981465983,2,7,
3:0:6:9:9:0:0:0:5,1328.0,0.14865494790288666,547.6,1469.1363278149502,1972661.6053802753,0.02666666666666667,0.08826728435861661,1,8,
3:0:6:9:9:0:1:0:4,1180.0,0.1400544297620873,525.0,1446.224669646964,1938734.6016374864,0.09777777777777778,0.10398850182784657,2,7,
3:0:6:9:9:1:0:0:5,1344.0,0.14582832558035816,480.00000000000006,1457.1373255580588,1957444.471265595,0.1111111111111111,0.08376473215159805,2,8,
3:0:6:9:9:1:1:0:4,1164.0,0.14065532247710683,530.4,1470.3447557349034,1960259.2577312556,0.10666666666666667,0.1534137893457692,1,7,
3:0:7:0:0:6:9:1:3,1160.0,0.08321592642325525,580.2000000000002,132.15834452324268,95985.81837865507,0.6622222222222223,0.9099857216965519,11,6,
3:0:7:2:1:6:6:1:3,1160.0,0.0925370739657659,587.0,335.08416422973306,398590.6094382256,0.6311111111111111,0.6177738821276546,11,6,
3:0:7:2:1:6:7:1:3,1128.0,0.09302223356627815,607.8000000000001,357.2002552412582,400034.9247914739,0.6711111111111111,0.7096311156780519,9,6,
3:0:7:2:2:5:4:1:3,1160.0,0.09793659514388701,597.4,446.1733907374579,563151.4621810493,0.5511111111111111,0.4593741796925523,11,6,
3:0:7:2:2:5:5:1:3,1144.0,0.09690418417974149,573.1999999999999,463.1441440441837,573238.8226252325,0.5955555555555555,0.5233130826377234,10,6,
3:0:7:2:2:5:6:1:3,1112.0,0.09425654544101378,561.1999999999999,447.5722724228102,522933.92895812757,0.5333333333333333,0.6500128403327683,8,6,
3:0:7:2:2:6:5:1:3,1128.0,0.09501986087298854,552.8000000000001,457.14686964224217,563776.146473313,0.6311111111111111,0.5336073974854756,9,6,
3:0:7:2:2:6:6:1:3,1128.0,0.09216979635463372,557.4,388.4204179792589,446956.11453516467,0.6311111111111111,0.6737901380946865,9,6,
3:0:7:3:2:5:4:1:4,1276.0,0.1040896638063796,558.2,507.81743564354076,637884.1995527777,0.5733333333333334,0.47648637911937863,8,7,
3:0:7:3:2:5:6:0:4,1244.0,0.10223915108480577,560.6,495.78089940812987,576413.0336073983,0.5333333333333333,0.6580267342741001,6,7,
3:0:7:3:3:3:4:0:4,1260.0,0.109416677217789,575.4,626.4752374002524,784881.8138806284,0.3333333333333333,0.48536806467698873,7,7,
3:0:7:3:3:3:5:0:4,1244.0,0.1070272342867118,551.6000000000001,612.5127714510153,763619.3042414966,0.36,0.5013833506448173,6,7,
3:0:7:3:3:4:3:1:4,1292.0,0.10939289063561707,580.8000000000001,588.540039301384,757202.12684531,0.4711111111111111,0.3795517754612917,9,7,
3:0:7:3:3:4:5:0:4,1260.0,0.10745345027747767,581.1999999999999,576.5026312432477,712766.187446965,0.47555555555555556,0.5264652253780199,7,7,
3:0:7:3:3:5:4:1:3,1112.0,0.10315662410667757,612.2,596.8240424002454,753355.4215847531,0.5333333333333333,0.4591032972755908,8,6,
3:0:7:3:3:5:5:0:3,1080.0,0.10183607208709568,594.2,617.1116219596527,755511.4489545198,0.5022222222222222,0.5532361449107394,6,6,
3:0:7:4:4:3:4:0:3,1096.0,0.10715639608877545,577.4000000000001,737.6189119974475,933844.6717314697,0.3511111111111111,0.4479993424588225,7,6,
3:0:7:4:4:3:4:0:4,1228.0,0.11234626023650553,557.4000000000001,742.3908553213743,939951.5697318686,0.3511111111111111,0.44773357803959996,5,7,
3:0:7:4:4:4:2:1:3,1128.0,0.10645731095074376,607.4,659.8894963917348,866016.6314323826,0.4088888888888889,0.2699677014339176,9,6,
3:0:7:4:4:4:4:0:3,1080.0,0.10753312519916144,596.2,743.2953169811327,943641.2075398036,0.4222222222222222,0.4372492593835288,6,6,
3:0:7:4:4:4:4:0:4,1228.0,0.11433363068283638,598.2,746.3066903638185,932196.6019183936,0.47555555555555556,0.4952899506315323,5,7,
3:0:7:4:4:5:4:0:3,1064.0,0.10629667796532252,577.6,750.0752542197571,938277.8839426879,0.5733333333333334,0.49051456747647004,5,6,
3:0:7:5:5:2:2:0:4,1244.0,0.11904632887770365,573.2,861.342399748332,1131489.337256638,0.26222222222222225,0.2637021283750423,6,7,
3:0:7:5:5:3:2:0:4,1244.0,0.12336890416437694,589.4,942.4003436984812,1239752.0709588195,0.30666666666666664,0.25418321019441514,6,7,
3:0:7:5:5:3:3:0:4,1212.0,0.1182429811167789,563.2,885.2670751275256,1136717.2249871804,0.3244444444444444,0.38878157910601113,4,7,
3:0:7:5:5:3:4:0:3,1064.0,0.11226562551349552,617.2,844.776574053649,1079325.1297937213,0.39555555555555555,0.4110037076762106,5,6,
3:0:7:5:5:4:3:0:4,1228.0,0.11936824766868659,558.8000000000001,898.9855725454479,1155654.8985654423,0.40444444444444444,0.38346133799887905,5,7,
3:0:7:6:5:2:2:0:3,1080.0,0.11764020605420196,600.8000000000001,966.104636219544,1271128.6307640541,0.28888888888888886,0.2531651697378244,6,6,
3:0:7:6:5:3:3:0:4,1196.0,0.12321617084380228,591.5999999999999,984.7638439855514,1268789.9265897747,0.39111111111111113,0.37269579308737905,3,7,
3:0:7:6:5:3:3:0:5,1360.0,0.13078766519283233,609.6,973.1224668387279,1269950.3638832518,0.32,0.3044382533502253,3,8,
3:0:7:6:6:1:2:0:5,1360.0,0.13136617983226417,599.2000000000002,996.5390462259438,1301519.3930383425,0.19555555555555557,0.29985222484213914,3,8,
3:0:7:6:6:2:1:0:4,1228.0,0.13007870143722516,580.4,1118.3707823375662,1482514.0852247202,0.22666666666666666,0.19954640441791655,5,7,
3:0:7:6:6:2:2:0:4,1212.0,0.12720380877685172,562.2,1087.885697479164,1439728.9283444253,0.28444444444444444,0.21197530637694328,4,7,
3:0:7:6:6:2:2:0:5,1344.0,0.13530307897543756,619.4000000000001,1080.919276947345,1414163.7220572615,0.21333333333333335,0.2894397764386185,2,8,
3:0:7:7:6:3:2:0:4,1196.0,0.12924154063680407,586.6,1125.3346643280915,1477053.504363602,0.3111111111111111,0.26908520871009306,3,7,
3:0:7:7:7:1:1:0:5,1344.0,0.13935584419592342,568.8000000000001,1222.7064944082767,1624447.874670731,0.16444444444444445,0.18208279144268008,2,8,
3:0:7:7:7:2:1:0:4,1212.0,0.13503449384950972,619.0,1207.2761116139686,1614597.3269665318,0.22666666666666666,0.12585655278465918,4,7,
3:0:7:7:7:2:1:0:5,1360.0,0.1433251575214969,611.4,1253.4160442336804,1680486.2071148641,0.24,0.10273945421717133,3,8,
3:0:7:7:7:2:2:0:4,1180.0,0.13412936277994045,599.6000000000001,1238.3106625486598,1630927.3028345224,0.28888888888888886,0.2463084394979748,2,7,
3:0:7:8:8:1:1:0:4,1212.0,0.13766218064744626,583.1999999999999,1302.199064567541,1741994.0793223672,0.19555555555555557,0.12352346304926505,4,7,
3:0:7:8:8:1:1:0:5,1344.0,0.1444607083243601,561.8000000000001,1344.565937298102,1802107.8454176688,0.16444444444444445,0.10581808919356461,2,8,
3:0:7:8:8:2:1:0:4,1196.0,0.13795222497973036,595.8000000000001,1312.1250620439328,1756291.3381287213,0.2,0.11821417124661385,3,7,
3:0:7:9:9:1:0:0:4,1180.0,0.1425857074518556,575.2,1452.9784176667508,1948990.130167281,0.1511111111111111,0.09810051258636406,2,7,
3:0:8:2:1:5:6:1:3,1112.0,0.09344485763655293,620.6,369.9092968224408,420659.1432600356,0.5333333333333333,0.6903070650526568,8,6,
3:0:8:2:1:6:6:1:3,1144.0,0.09517044302480684,650.4000000000002,346.9349680581539,400034.9247914739,0.6711111111111111,0.6707737957540145,10,6,
3:0:8:2:1:6:7:1:3,1128.0,0.09651099819447603,686.4000000000001,357.09745937571074,400034.9247914739,0.6711111111111111,0.709287520811367,9,6,
3:0:8:4:4:3:4:0:4,1260.0,0.11591608890523841,635.2,712.912000367864,910578.9860738784,0.3244444444444444,0.41227599243024776,7,7,
3:0:8:5:5:3:3:0:5,1360.0,0.12824999925185895,653.0000000000001,872.6249831668265,1119508.6803379762,0.3422222222222222,0.3927715872769714,3,8,
3:0:8:6:5:1:3:0:5,1360.0,0.13349954217801158,670.4000000000001,973.3396990052609,1267430.1441167889,0.1688888888888889,0.3171903288497614,3,8,
3:0:8:6:6:1:2:0:4,1196.0,0.130130486674193,621.8000000000001,1110.1359501693425,1455312.1245309438,0.19555555555555557,0.27694032620221826,3,7,
3:0:8:7:6:1:2:0:4,1196.0,0.1313979263529523,634.4,1126.0533429414268,1478747.676472566,0.16444444444444445,0.26579672005821287,3,7,
3:0:8:7:7:1:1:0:5,1360.0,0.1425422768027033,650.4,1196.8012280608234,1600746.9788569037,0.17777777777777778,0.12495870230132737,3,8,
3:0:8:8:8:0:0:0:5,1360.0,0.1467161701570858,631.2,1309.9138285344302,1768794.7671053652,0.09777777777777778,0.029697376249978223,3,8,
3:0:8:8:8:1:1:0:5,1328.0,0.14725960037384916,625.8000000000001,1359.541008411606,1812345.158010019,0.1511111111111111,0.15430966418395914,1,8,
3:0:8:8:8:2:0:0:4,1196.0,0.14416763688212225,681.4,1366.3718298477504,1833410.9630231434,0.24,0.0949839235353389,3,7,
3:0:9:4:4:4:4:0:4,1244.0,0.11815197045548974,710.2,704.2193352485186,886551.390934827,0.49777777777777776,0.4687282783503621,6,7,
3:0:9:5:5:4:4:0:3,1080.0,0.11711594161825892,714.2,840.9086864108258,1071987.3566947551,0.49333333333333335,0.42046244152977125,6,6,
3:0:9:6:6:3:2:0:4,1212.0,0.13012078817475323,706.0,1009.7177339319472,1320415.8678305638,0.38222222222222224,0.2921840540105111,4,7,
4:0:0:3:3:3:0:1:5,1604.0,0.10396869563267896,126.60000000000001,608.6956517352768,817102.5477462357,0.36,0.09083733411445404,8,9,
4:0:1:0:0:4:5:1:5,1684.0,0.08634877850269138,164.60000000000005,94.24751631055577,113640.73289273836,0.49777777777777776,0.589633264482302,13,9,
4:0:1:0:0:4:6:1:4,1388.0,0.07327395123901694,180.2,80.46390287788076,93235.83225969429,0.4711111111111111,0.6633171650362409,15,7,
4:0:1:0:0:4:6:1:5,1668.0,0.08574005170007938,180.20000000000005,80.95116325178614,93957.15976648507,0.4711111111111111,0.6607123876235486,12,9,
4:0:1:0:0:4:7:1:5,1668.0,0.08615009892956266,163.20000000000002,107.17722591515954,119859.70958478325,0.4888888888888889,0.7113124561818551,12,9,
4:0:1:0:0:5:4:1:5,1668.0,0.08555525294595392,141.8,115.1931912839635,144648.16201225042,0.5955555555555555,0.47766269600153793,12,9,
4:0:1:0:0:5:5:1:5,1668.0,0.08564862668927631,163.0,96.09410050871683,116374.36781786653,0.5511111111111111,0.579761867037331,12,9,
4:0:1:0:0:5:6:1:4,1388.0,0.0732464853651379,174.60000000000002,85.44592071560265,100611.08109609754,0.5822222222222222,0.636684489308233,15,7,
4:0:1:0:0:5:6:1:5,1520.0,0.07910901250451968,169.4,90.55278135169294,108171.14394429098,0.5777777777777777,0.6093844338408857,13,8,
4:0:1:0:0:5:7:1:4,1372.0,0.07263085436509305,192.2,69.99422321459338,77736.79245908943,0.5955555555555555,0.7192855683079481,14,7,
4:0:1:0:0:5:7:1:5,1668.0,0.086159941263525,168.8,101.79867842931255,111897.44863377241,0.5511111111111111,0.730489922614481,12,9,
4:0:1:0:0:5:8:1:5,1652.0,0.08625870629085274,169.2,119.62089154418655,120530.5565534912,0.5777777777777777,0.8008147780448757,11,9,
4:0:1:0:0:6:5:1:4,1388.0,0.0731832816253054,164.6,94.02383656937157,113309.60325719097,0.6488888888888888,0.5908290028774512,15,7,
4:0:1:0:0:6:5:1:5,1684.0,0.086330032308963,163.79999999999998,94.6257269516676,114200.62602873947,0.6577777777777778,0.5876114408578768,13,9,
4:0:1:0:0:6:6:1:4,1388.0,0.07322899917158489,173.4,86.25248136065998,101805.09236878056,0.6933333333333334,0.6323728090183433,15,7,
4:0:1:0:0:6:6:1:5,1536.0,0.0797832130723675,170.60000000000002,88.5222941282688,105165.26379297904,0.68,0.6202389328717535,14,8,
4:0:1:0:0:6:7:1:4,1388.0,0.07332381490189692,189.4,72.38583529268044,81277.27239524823,0.6355555555555555,0.7065005821803176,15,7,
4:0:1:0:0:6:7:1:5,1668.0,0.08717936566576812,196.20000000000005,97.33572747978243,105005.1079292427,0.6044444444444445,0.7489377215282174,12,9,
4:0:1:0:0:6:8:1:5,1488.0,0.07947169174861336,188.00000000000003,112.11306434380076,112972.99246294235,0.6044444444444445,0.80077415365141,11,8,
4:0:1:0:0:7:5:1:4,1388.0,0.07318241893133523,162.60000000000002,96.00442595504279,116241.61595523136,0.7111111111111111,0.5802412457523108,15,7,
4:0:1:0:0:7:5:1:5,1668.0,0.08559625792087353,157.00000000000003,100.91580321965434,123512.29033574038,0.7022222222222222,0.5539861976318643,12,9,
4:0:1:0:0:7:6:1:4,1388.0,0.07326091782075651,180.6,79.77065096702187,92209.56027203027,0.7066666666666667,0.6670231239350496,15,7,
4:0:1:0:0:7:6:1:5,1536.0,0.07979264911905037,171.79999999999998,87.53460517863337,103703.11491800469,0.7022222222222222,0.6255188817544346,14,8,
4:0:1:0:0:7:7:1:4,1372.0,0.07356722036834437,171.99999999999997,111.26245828774843,123809.23351856763,0.7155555555555555,0.7170970515061409,14,7,
4:0:1:0:0:7:7:1:5,1536.0,0.07986799034324671,191.00000000000003,70.0297827230509,77789.43382488073,0.7466666666666667,0.719095475681096,14,8,
4:0:1:0:0:7:8:1:5,1652.0,0.08696651637988898,196.8,107.94661854750223,104000.13227945697,0.7111111111111111,0.8258167286456423,11,9,
4:0:1:0:0:8:6:1:4,1388.0,0.07329866748298954,185.4,75.8200183672644,86361.14715238933,0.8,0.6881422608745412,15,7,
4:0:1:1:1:3:3:1:5,1668.0,0.09126159812532463,156.6,228.78595781980374,297887.82575066714,0.38666666666666666,0.3176628320169331,12,9,
4:0:1:1:1:4:2:1:5,1652.0,0.09025077135000611,144.2,234.44235537513762,306428.0146605998,0.4622222222222222,0.29522293136284194,11,9,
4:0:1:1:1:4:3:1:5,1668.0,0.09209417277722101,195.4,208.71888748747295,270374.0827759698,0.4444444444444444,0.3455067956235762,12,9,
4:0:1:1:1:4:4:1:5,1636.0,0.09177837519022825,184.8,244.21344178013544,305709.66114998766,0.47555555555555556,0.48813575797681275,10,9,
4:0:1:1:1:4:5:1:5,1652.0,0.09139862235880214,184.0,220.46900307304801,272442.23803324555,0.48,0.5279091575676876,11,9,
4:0:1:1:1:5:2:1:5,1668.0,0.09093818774921003,143.8,234.30922435722567,306280.5902762263,0.5288888888888889,0.2947000551666317,12,9,
4:0:1:1:1:5:3:1:5,1668.0,0.09033017098204398,170.8,193.62884709598927,248607.2898822208,0.5022222222222222,0.38914566746610113,12,9,
4:0:1:1:1:5:4:1:5,1520.0,0.08392422437100358,181.8,186.49504834758065,237240.51181267903,0.5422222222222223,0.4291725357462514,13,8,
4:0:1:1:1:5:5:1:5,1636.0,0.09027900974482608,191.00000000000006,204.27771925858693,249678.34837712237,0.5555555555555556,0.5574654049935714,10,9,
4:0:1:1:1:5:6:1:5,1636.0,0.09157469652692472,172.80000000000004,251.6306718558062,301001.5633650085,0.5555555555555556,0.6065920740575463,10,9,
4:0:1:1:1:6:3:1:4,1372.0,0.07934372752338748,182.39999999999998,230.83386927621822,300374.91984165856,0.6622222222222223,0.3210283439890888,14,7,
4:0:1:1:1:6:3:1:5,1520.0,0.08477414197077583,175.0,212.41819434245622,274917.3294716707,0.6177777777777778,0.3502136029328784,13,8,
4:0:1:1:1:6:4:1:4,1372.0,0.07780572603064795,179.40000000000006,199.22883568957883,254757.80166064174,0.6133333333333333,0.4073694833199031,14,7,
4:0:1:1:1:6:4:1:5,1652.0,0.09269973539524834,185.6,248.14404639308754,312228.3193428182,0.6355555555555555,0.47058291629473564,11,9,
4:0:1:1:1:6:5:1:5,1488.0,0.08393612754289972,185.60000000000002,214.96286971524398,264228.2825129611,0.6311111111111111,0.5426750556486036,11,8,
4:0:1:1:1:6:6:1:5,1636.0,0.09155721375863331,169.20000000000002,254.83730956924956,305748.5859239751,0.6177777777777778,0.6003877331948365,10,9,
4:0:1:2:2:3:4:1:5,1472.0,0.08940780440361361,182.8,356.87559908130635,457081.5497776911,0.39555555555555555,0.4002631998483098,10,8,
4:0:1:2:2:4:1:1:5,1636.0,0.10217701559937956,193.6,469.3828509860401,625631.7186798234,0.4311111111111111,0.15542480512356063,10,9,
4:0:1:2:2:4:3:1:5,1472.0,0.08905725013259959,179.8,351.9881279834908,452736.58796451456,0.49777777777777776,0.38083955962895977,10,8,
4:0:1:2:2:4:4:1:5,1604.0,0.0954390697594261,169.60000000000002,373.77906958708775,468949.38138751086,0.49333333333333335,0.4806198910810203,8,9,
4:0:1:2:2:5:1:1:5,1636.0,0.09754393092280293,189.20000000000002,369.5384457630663,491242.26955900504,0.5111111111111111,0.17741964690836642,10,9,
4:0:1:2:2:5:2:1:5,1652.0,0.09646592067006085,182.6,335.88321507636925,443725.2595801189,0.5022222222222222,0.22497445308613345,11,9,
4:0:1:2:2:5:3:1:5,1488.0,0.0904429938364936,192.2,354.76736132110597,454548.86888129625,0.5466666666666666,0.3986192816003051,11,8,
4:0:1:2:2:5:5:1:5,1620.0,0.09626002371918183,178.0,367.85053368159095,457892.2729566985,0.5155555555555555,0.506211864119932,9,9,
4:0:1:2:2:6:2:1:5,1488.0,0.08885804622986997,166.4,344.9060401720742,454601.5541202921,0.6133333333333333,0.24116092597112077,11,8,
4:0:1:3:3:4:1:1:5,1620.0,0.09986191838456394,131.4,495.49316365268857,663090.9598849299,0.4311111111111111,0.1200303483204923,9,9,
4:0:1:5:5:1:0:0:5,1572.0,0.11560573160766907,188.8,840.3289611725542,1130504.849232769,0.1511111111111111,0.06909041249536355,6,9,
4:0:1:6:6:2:0:0:5,1408.0,0.11484325107927794,194.0,981.9731492837539,1323750.9862960281,0.26222222222222225,0.04787975903740966,6,8,
4:0:2:0:0:4:7:1:5,1668.0,0.08943624959305375,235.20000000000005,109.11561584370949,120555.15142663846,0.44,0.7250431932086802,12,9,
4:0:2:0:0:5:7:1:5,1668.0,0.08775618832175465,204.60000000000005,101.91423723947949,109444.39150010803,0.5111111111111111,0.7530957462750187,12,9,
4:0:2:0:0:5:8:1:4,1372.0,0.07517133858256056,240.4,78.9551181076125,76257.37284441639,0.5911111111111111,0.8245727670578481,14,7,
4:0:2:0:0:5:8:1:5,1652.0,0.09027106195375399,267.20000000000005,111.89889395946491,109219.56522907168,0.56,0.8191217359769333,11,9,
4:0:2:0:0:6:7:1:4,1388.0,0.0733326374834034,197.80000000000004,64.18434337657652,69135.99838112803,0.6888888888888889,0.7503437962759455,15,7,
4:0:2:0:0:6:7:1:5,1520.0,0.08217490184353964,236.80000000000007,92.13529147964194,97102.08476806406,0.68,0.76904140812259,13,8,
4:0:2:0:0:6:8:1:4,1372.0,0.07467669337649777,229.2,79.02560097119967,76144.2434303783,0.6355555555555555,0.8257656972660294,14,7,
4:0:2:0:0:6:8:1:5,1488.0,0.08081375905689941,235.40000000000003,94.90957878023683,87178.10079994808,0.6755555555555556,0.8472066256353312,11,8,
4:0:2:0:0:7:7:1:4,1388.0,0.07338587205395562,207.80000000000004,55.38212121400172,56105.419030176185,0.7155555555555555,0.7973983705825154,15,7,
4:0:2:0:0:7:7:1:5,1520.0,0.08041347674923731,204.60000000000002,84.70322685783952,85602.84206379701,0.7377777777777778,0.7989357539057044,13,8,
4:0:2:0:0:7:8:1:4,1372.0,0.07389734173097384,219.40000000000003,71.29018894691123,65746.53173584334,0.7733333333333333,0.8455743230238766,14,7,
4:0:2:0:0:7:8:1:5,1652.0,0.08825092936056614,227.40000000000003,106.24591061273802,104000.13227945697,0.7111111111111111,0.817586449549883,11,9,
4:0:2:1:1:4:2:1:5,1504.0,0.09243169403679431,261.40000000000003,314.3131158278719,411086.52000495465,0.47555555555555556,0.29134497749768884,12,8,
4:0:2:1:1:4:5:1:5,1636.0,0.09294186135036778,251.0,204.191880383275,248382.214697722,0.4488888888888889,0.5693115273357868,10,9,
4:0:2:1:1:4:7:1:5,1456.0,0.08749164921348274,258.0,254.56210730336142,273901.1490869733,0.4488888888888889,0.7513428898551324,9,8,
4:0:2:1:1:5:4:1:4,1372.0,0.07871815102365282,211.20000000000002,187.95839803218828,239160.53798065474,0.52,0.4281783927461791,14,7,
4:0:2:1:1:5:4:1:5,1520.0,0.08608023208574794,223.2,193.6052219293286,246729.3451790847,0.5288888888888889,0.4217769597184387,13,8,
4:0:2:1:1:5:5:1:5,1488.0,0.08646261166973702,228.80000000000004,228.60876256908327,283891.93745479477,0.5866666666666667,0.5134830156137599,11,8,
4:0:2:1:1:5:6:1:5,1488.0,0.0853879798196847,205.6,227.629545942906,268132.8734137543,0.5866666666666667,0.6360007358238631,11,8,
4:0:2:1:1:5:7:1:5,1456.0,0.08824511778407781,265.4,264.11515014175075,289931.76683560683,0.5377777777777778,0.7318709022224752,9,8,
4:0:2:1:1:6:4:1:5,1652.0,0.09357757057872054,209.2,244.29533802121222,305845.1660700746,0.6666666666666666,0.4877779433481376,11,9,
4:0:2:1:1:6:5:1:5,1504.0,0.0862975874696288,219.00000000000003,218.6957180666481,268636.4475426573,0.6088888888888889,0.5444756701254962,12,8,
4:0:2:1:1:6:6:1:5,1488.0,0.08568065905654494,217.00000000000006,222.81482877226122,261615.48411874525,0.6622222222222223,0.6416723032833579,11,8,
4:0:2:1:2:5:2:1:5,1504.0,0.09198918455376827,237.20000000000005,328.55665245978616,431666.2856270465,0.5466666666666666,0.2627492740050393,12,8,
4:0:2:2:1:5:5:1:5,1472.0,0.09163222685785145,250.60000000000002,339.12510430165764,418590.7953387618,0.5911111111111111,0.5311588800015772,10,8,
4:0:2:2:2:3:1:1:5,1620.0,0.10138043853836821,215.20000000000002,445.8598671132848,592750.852366327,0.38666666666666666,0.1767191188521777,9,9,
4:0:2:2:2:3:2:1:5,1488.0,0.09724731008556818,259.2,440.86447692528407,583947.484971482,0.38222222222222224,0.20557331630171194,11,8,
4:0:2:2:2:4:1:1:5,1636.0,0.10152148787756807,201.79999999999998,446.4334772452813,593774.8862902782,0.4,0.17314790892363935,10,9,
4:0:2:2:2:4:2:1:5,1652.0,0.09773080701033612,201.40000000000003,345.5431577325627,456042.37480268674,0.4622222222222222,0.23192890110164693,11,9,
4:0:2:2:2:4:3:1:5,1472.0,0.0908430360540422,219.60000000000002,352.36831121594975,452422.2353771938,0.4577777777777778,0.38911072261457236,10,8,
4:0:2:2:2:4:4:1:5,1620.0,0.09670517634238125,208.4,347.4664677035782,444849.8135451616,0.41333333333333333,0.40206416990974153,9,9,
4:0:2:2:2:4:5:1:5,1440.0,0.0961092187816822,253.20000000000002,469.2574225878498,580793.8647088549,0.41333333333333333,0.5233703208013121,8,8,
4:0:2:2:2:4:6:1:5,1440.0,0.09151887501744384,252.40000000000003,366.77468789248627,427078.2738025321,0.4577777777777778,0.6555746839227072,8,8,
4:0:2:2:2:5:1:1:5,1636.0,0.10446914582500616,237.20000000000005,477.3557810626388,636441.5101723488,0.5066666666666667,0.15298272112000535,10,9,
4:0:2:2:2:5:2:1:5,1636.0,0.09940245825699913,250.4000000000001,350.15531078248034,463455.4399500881,0.52,0.21112210696487574,10,9,
4:0:2:2:2:5:3:1:5,1636.0,0.10083088524079768,263.4,369.29491791794777,475475.3816932972,0.5733333333333334,0.37605333767593047,10,9,
4:0:2:2:2:5:5:1:5,1472.0,0.09054654373801051,210.0,355.2972341052365,442508.01360511733,0.5288888888888889,0.504510505003396,10,8,
4:0:2:2:2:6:3:1:5,1488.0,0.09333117652601258,257.00000000000006,354.9514718352831,455453.7051700607,0.6577777777777778,0.39197985427721294,11,8,
4:0:2:2:2:6:5:0:5,1588.0,0.099390733579347,266.4,381.89150553530743,468610.86635719164,0.6044444444444445,0.5472468916960574,7,9,
4:0:2:2:3:3:1:1:5,1620.0,0.10344370090288117,227.0,480.4832703148264,641116.973499947,0.3511111111111111,0.14620577557808936,9,9,
4:0:2:2:3:4:1:1:5,1620.0,0.10486155660796681,256.0,483.38502367925344,645619.068366031,0.44,0.13767383313832113,9,9,
4:0:2:2:3:5:1:1:5,1636.0,0.10484659605411048,234.8,488.24841121748585,650588.5187171068,0.5377777777777778,0.15787709748243006,10,9,
4:0:2:2:3:5:3:1:5,1604.0,0.10446229648416512,257.0,489.40167089371533,638426.8570839446,0.5644444444444444,0.3067774316607435,8,9,
4:0:2:2:3:6:1:1:5,1620.0,0.1031653066381482,215.60000000000002,485.61939935833465,647759.9103302907,0.6311111111111111,0.1490058835232004,9,9,
4:0:2:3:3:2:0:1:5,1620.0,0.10826386270332751,215.8,600.1369108248688,805031.0204447194,0.28,0.09783944053539304,9,9,
4:0:2:3:3:2:1:1:5,1604.0,0.10670886437439507,216.6,580.3494484238893,775350.041262571,0.29777777777777775,0.1351267770740235,8,9,
4:0:2:3:3:2:2:1:5,1456.0,0.10199585787986519,260.8,578.1068022969667,758710.815714767,0.28444444444444444,0.2697724546942762,9,8,
4:0:2:3:3:3:0:1:5,1604.0,0.10881601387913838,226.8,617.5603122806133,829118.5025804071,0.37777777777777777,0.08946847838584193,8,9,
4:0:2:3:3:3:1:1:5,1604.0,0.10745838430244545,210.99999999999997,602.8136468050222,808249.1418769024,0.3422222222222222,0.10224699036603618,8,9,
4:0:2:3:3:3:2:0:5,1588.0,0.10883560451814232,256.0,604.801101658202,795997.3918632588,0.3244444444444444,0.25109196618549384,7,9,
4:0:2:3:3:3:3:0:5,1588.0,0.10790072967778977,204.8,634.9664177502697,825982.0056777095,0.39111111111111113,0.32288819877725655,7,9,
4:0:2:3:3:4:1:1:5,1456.0,0.10094554200049105,229.20000000000005,586.0746950110486,784743.4609145005,0.47555555555555556,0.11495245176891643,9,8,
4:0:2:3:3:4:2:1:5,1456.0,0.10375080172236958,235.40000000000003,642.9930387533153,849546.6066612968,0.4088888888888889,0.22405988191708912,9,8,
4:0:2:3:3:4:3:1:5,1604.0,0.10227410730345643,197.80000000000004,499.36741432776927,640991.6289144554,0.4488888888888889,0.3903269196888323,8,9,
4:0:2:3:3:5:1:1:5,1604.0,0.10761803175726095,217.4,600.0057145383713,802349.7120167651,0.5155555555555555,0.12688292656264588,8,9,
4:0:2:3:3:6:4:1:5,1456.0,0.09752576470316138,233.20000000000005,505.1297058211308,646884.5927953627,0.6044444444444445,0.4008049778782669,9,8,
4:0:2:3:4:3:0:1:5,1604.0,0.10862030894730593,205.00000000000006,634.9569513143832,852412.4438632681,0.38222222222222224,0.09018258977541456,8,9,
4:0:2:4:4:1:0:0:5,1588.0,0.11285648857722069,200.80000000000004,750.4709929874653,1009597.8166535643,0.19111111111111112,0.06929256653655769,7,9,
4:0:2:4:4:3:0:0:5,1588.0,0.11503504047325995,265.4,734.8884106483489,988785.0961516595,0.3377777777777778,0.06773961821886353,7,9,
4:0:2:4:4:4:0:1:5,1440.0,0.10800684583659025,254.20000000000002,735.9540313232804,987379.4948962915,0.4311111111111111,0.09626254588730848,8,8,
4:0:2:4:4:4:1:1:5,1456.0,0.1066886623339728,254.79999999999998,689.6949025143875,923062.0879344493,0.43555555555555553,0.11921801477362264,9,8,
4:0:2:5:5:1:0:0:5,1572.0,0.11750979662754849,228.60000000000002,843.3704241198409,1134622.5221460187,0.1511111111111111,0.06885694058249388,6,9,
4:0:2:5:5:2:0:0:5,1572.0,0.11920254102593135,259.6,850.4571730834556,1146574.3275249384,0.28,0.0468219819101003,6,9,
4:0:2:5:5:3:0:0:5,1424.0,0.10981529221863749,211.4,835.4440749193435,1124951.1965500084,0.30666666666666664,0.05976410879307151,7,8,
4:0:2:5:5:3:1:0:5,1408.0,0.11068564498777506,240.40000000000006,842.0270122249385,1120059.7126158199,0.3022222222222222,0.17220795456858845,6,8,
4:0:2:5:5:4:0:0:5,1588.0,0.1184113534817156,240.20000000000002,836.0554533386014,1123487.3743010685,0.41333333333333333,0.08046801593159693,7,9,
4:0:2:5:6:2:0:0:5,1408.0,0.11619052680900986,254.80000000000004,951.4868532027217,1280693.6348442046,0.2088888888888889,0.06390930385263989,6,8,
4:0:2:6:6:1:0:0:5,1556.0,0.1226720702232205,237.20000000000002,966.9215800224616,1303542.8005287542,0.17777777777777778,0.04720828275742816,5,9,
4:0:2:6:6:2:0:0:5,1424.0,0.1181511608051983,262.00000000000006,972.4011181169617,1311667.6684933775,0.28,0.04117135627958567,7,8,
4:0:2:6:6:2:1:0:5,1556.0,0.1250833596952643,250.4,1007.9755931434464,1347639.216159998,0.24,0.1286404798557793,5,9,
4:0:3:0:0:5:8:1:5,1472.0,0.08302345692889666,283.0,113.027780900175,95406.03169126897,0.6,0.8760180523894008,10,8,
4:0:3:0:0:6:7:1:5,1504.0,0.0858563130122423,307.40000000000003,120.36704277545141,122667.14502954419,0.6977777777777778,0.7935159018628534,12,8,
4:0:3:0:0:6:8:1:5,1652.0,0.09205791467710057,317.0,102.30308023476275,96038.75197839495,0.6355555555555555,0.8380093840255922,11,9,
4:0:3:0:0:6:9:1:5,1472.0,0.08433175494659823,307.2,118.26448629846008,89899.40439547338,0.6755555555555556,0.9013596647536859,10,8,
4:0:3:0:0:7:8:1:5,1504.0,0.08600004485556532,322.4,108.6010092502196,106672.30040890994,0.7377777777777778,0.8157156967002472,12,8,
4:0:3:1:1:3:5:1:5,1652.0,0.09673586405759559,297.2,227.35694129590098,280474.60189027846,0.38222222222222224,0.5327414679045808,11,9,
4:0:3:1:1:4:6:1:5,1472.0,0.08942888823963999,312.79999999999995,227.3499853918997,266802.2738822054,0.48444444444444446,0.6425667505287059,10,8,
4:0:3:1:1:4:7:1:5,1604.0,0.09574782001751336,303.00000000000006,247.32595039405058,266963.5094959225,0.4666666666666667,0.748416661209073,8,9,
4:0:3:1:1:4:8:0:5,1408.0,0.08693681179647444,288.80000000000007,259.27826542067515,254550.5053612465,0.4444444444444444,0.815980134820654,6,8,
4:0:3:1:1:5:2:1:5,1504.0,0.09367154091509465,290.20000000000005,313.4096705896301,410153.1418421254,0.5244444444444445,0.2876448238563898,12,8,
4:0:3:1:1:5:4:1:5,1472.0,0.09384080588470552,309.0,330.41813240587413,418388.3914080158,0.5955555555555555,0.44735650320313775,10,8,
4:0:3:1:1:5:6:1:5,1620.0,0.09518927146646378,286.2,235.55860799543507,281319.8688823782,0.5911111111111111,0.6098879183338844,9,9,
4:0:3:1:1:5:7:1:5,1472.0,0.08997318250722112,318.0,234.39660641247522,262227.9100546398,0.5733333333333334,0.710885482984946,10,8,
4:0:3:1:1:6:5:1:5,1488.0,0.08866339906124072,279.6000000000001,227.32647887791623,280321.16987175884,0.6088888888888889,0.5338972043477559,11,8,
4:0:3:1:1:6:6:1:5,1488.0,0.0914185969876523,327.6,241.31843222217663,289069.3635917708,0.6444444444444445,0.603711532413359,11,8,
4:0:3:1:1:6:7:1:5,1456.0,0.08975612632691193,319.6,243.9128423555184,258761.95874728763,0.6177777777777778,0.763650252180299,9,8,
4:0:3:1:1:7:6:1:5,1488.0,0.08969669660519822,304.59999999999997,225.57567361696005,267627.1731174064,0.7066666666666667,0.6227988914186617,11,8,
4:0:3:2:1:3:6:1:5,1604.0,0.10099240644709281,325.40000000000003,342.92914505958845,411093.08392625186,0.37333333333333335,0.6021557886276098,8,9,
4:0:3:2:1:4:6:0:5,1556.0,0.09990792288285343,319.59999999999997,372.3282648642022,423047.58029998,0.4311111111111111,0.6914472687439543,5,9,
4:0:3:2:1:6:5:1:5,1456.0,0.094386126208688,314.4,353.2878396954799,425230.09700643166,0.6533333333333333,0.5935158709201835,9,8,
4:0:3:2:2:3:1:1:5,1620.0,0.10645796116642735,311.00000000000006,464.30412624461525,619156.5349251397,0.36444444444444446,0.15137819672547245,9,9,
4:0:3:2:2:3:2:1:5,1652.0,0.10361660267574926,330.2000000000001,349.17356020435847,462666.2531567418,0.32,0.2028222439216281,11,9,
4:0:3:2:2:3:3:1:5,1456.0,0.0979848837740457,287.20000000000005,461.4598849160282,599925.5221103544,0.37777777777777777,0.3261697841520287,9,8,
4:0:3:2:2:3:4:1:5,1456.0,0.09864738764603335,292.4,471.16622203575025,599240.5444133646,0.3688888888888889,0.43005417612035385,9,8,
4:0:3:2:2:4:1:1:5,1636.0,0.10828867218554976,330.2,470.2951241748695,627310.0822834686,0.4222222222222222,0.1491295723743979,10,9,
4:0:3:2:2:4:2:1:5,1652.0,0.10069576496503616,269.6,344.05471171331345,453049.18574455695,0.44,0.24767697544581554,11,9,
4:0:3:2:2:4:3:1:5,1636.0,0.10110870941938697,281.8,357.1459619362066,457893.96504054626,0.44,0.39570029835132303,10,9,
4:0:3:2:2:4:4:1:5,1636.0,0.10132687242981944,294.40000000000003,349.45462967093715,447481.08443525835,0.44,0.4012138862781566,10,9,
4:0:3:2:2:4:5:1:5,1620.0,0.10169945811694185,320.0,348.23780763119186,430771.22816333955,0.4222222222222222,0.5249727285628062,9,9,
4:0:3:2:2:4:6:1:5,1440.0,0.09225278871043648,269.59999999999997,366.08774598482074,427078.2738025321,0.4577777777777778,0.6525254851717401,8,8,
4:0:3:2:2:5:1:1:5,1488.0,0.09920159701410108,301.0,443.03593281727416,587436.105422314,0.5155555555555555,0.19762631752030443,11,8,
4:0:3:2:2:5:3:1:5,1636.0,0.10180595586187953,291.6000000000001,363.0340068922894,468127.1143500514,0.5422222222222223,0.36867426495977756,10,9,
4:0:3:2:2:5:4:1:5,1488.0,0.09487087165602938,305.6000000000001,340.99461226066114,433181.2638946252,0.5688888888888889,0.4347217686667539,11,8,
4:0:3:2:2:5:5:1:5,1472.0,0.09575042575446023,330.4000000000001,351.98457947535513,437835.26033988333,0.56,0.5083808435319999,10,8,
4:0:3:2:2:5:6:1:5,1440.0,0.09283005105145817,282.2,366.4761486578092,427834.596252238,0.5244444444444445,0.6513597410278792,8,8,
4:0:3:2:2:6:1:1:5,1636.0,0.10632717112181966,280.0,476.36135024094267,634851.4736926191,0.6355555555555555,0.1565150774543957,10,9,
4:0:3:2:2:6:4:1:5,1472.0,0.09447228490493118,301.40000000000003,352.2264103609514,449862.59293569095,0.6311111111111111,0.4125099995760661,10,8,
4:0:3:2:2:6:5:1:5,1472.0,0.09345721190737243,269.00000000000006,361.7872679158793,450382.58102637134,0.6133333333333333,0.5059518132300584,10,8,
4:0:3:2:3:4:1:1:5,1620.0,0.10769064108950777,320.2,482.83942451392494,645429.1869800495,0.48444444444444446,0.13024802140812208,9,9,
4:0:3:3:2:4:4:1:5,1440.0,0.10021402122608171,312.6,502.21547758683835,630183.0016980211,0.49777777777777776,0.48010495748125964,8,8,
4:0:3:3:2:4:5:0:5,1572.0,0.10426248457444466,276.0,497.9059029250048,605794.7463148391,0.4622222222222222,0.5687758708528032,6,9,
4:0:3:3:2:5:5:0:5,1556.0,0.10677259003987108,338.19999999999993,508.1832758970997,622880.5355607303,0.5022222222222222,0.5502022501688895,5,9,
4:0:3:3:3:2:1:1:5,1620.0,0.10979917421516014,289.20000000000005,561.2814198411033,750027.6398759101,0.24444444444444444,0.13331874811089,9,9,
4:0:3:3:3:2:3:0:5,1572.0,0.11139471178597489,330.0,604.3810151844349,781444.2797603777,0.29777777777777775,0.35521286457511264,6,9,
4:0:3:3:3:3:1:1:5,1456.0,0.10355146572573906,307.2,566.7079788291288,756173.7055299075,0.37333333333333335,0.14614120728894253,9,8,
4:0:3:3:3:3:2:1:5,1456.0,0.10255066291106632,273.0,578.3899154989922,757621.9931279961,0.3288888888888889,0.281970807906112,9,8,
4:0:3:3:3:4:1:1:5,1456.0,0.10517414643978812,331.6,578.8182948952327,772980.627192914,0.48444444444444446,0.13882572296770268,9,8,
4:0:3:3:3:4:2:1:5,1604.0,0.11296572163679772,334.0,603.7287368279486,795224.6350133086,0.4533333333333333,0.2456316505646378,8,9,
4:0:3:3:3:4:3:0:5,1572.0,0.11008177812389479,271.8,633.0400077876324,823331.9518612539,0.4088888888888889,0.32386408078716,6,9,
4:0:3:3:3:4:5:0:5,1408.0,0.10258558972746148,282.0,618.1757688678834,768621.6417451982,0.4622222222222222,0.5096990010627119,6,8,
4:0:3:3:3:5:1:1:5,1604.0,0.11233423478008414,332.80000000000007,590.720282551893,790204.1867560393,0.5422222222222223,0.12377163559199755,8,9,
4:0:3:3:3:5:3:1:5,1440.0,0.10464036297134395,292.6,621.8081668552389,804969.8110034881,0.5066666666666667,0.3488692058042848,8,8,
4:0:3:3:3:5:4:1:5,1604.0,0.106890350488261,301.0,500.03288598587244,640361.7688863426,0.52,0.4007750182783854,8,9,
4:0:3:4:3:4:4:0:5,1540.0,0.11127945823720725,303.4,660.387810337163,836813.3184145968,0.4177777777777778,0.44458325053544007,4,9,
4:0:3:4:4:2:0:0:5,1588.0,0.11524927917320484,295.40000000000003,709.7087813971089,953448.8786787969,0.23555555555555555,0.08312004882568907,7,9,
4:0:3:4:4:2:1:0:5,1588.0,0.11486544231657152,310.99999999999994,685.4724521228593,919025.0713301616,0.28,0.10279090725783083,7,9,
4:0:3:4:4:2:2:0:5,1572.0,0.11476536678702008,299.6000000000001,710.6207527079517,941009.0409766407,0.23555555555555555,0.2075286134963025,6,9,
4:0:3:4:4:2:3:0:5,1540.0,0.11576130281249962,315.4000000000001,749.2293132812415,965327.4804735843,0.27555555555555555,0.3726703717464358,4,9,
4:0:3:4:4:3:0:1:5,1440.0,0.10906458015403152,300.6000000000001,713.3530534657092,957876.8195297797,0.38222222222222224,0.08793649334526742,8,8,
4:0:3:4:4:3:1:1:5,1604.0,0.11574118852565221,306.80000000000007,693.3767418271748,928175.1283361607,0.36,0.117380162481096,8,9,
4:0:3:4:4:3:2:0:5,1572.0,0.11432161082247316,285.59999999999997,714.6362435056462,943999.0484656445,0.3377777777777778,0.22562619948836124,6,9,
4:0:3:4:4:3:3:0:5,1540.0,0.11526853382281081,320.6,732.9420110132434,943517.7377981959,0.3111111111111111,0.3768712002702938,4,9,
4:0:3:4:4:4:0:0:5,1588.0,0.11562604025969325,308.4,705.1859058430982,947664.7543735628,0.4266666666666667,0.0800549174767464,7,9,
4:0:3:4:4:4:1:1:5,1456.0,0.10964123321902035,318.20000000000005,692.7277474279582,928558.1526014607,0.4088888888888889,0.10477577772785321,9,8,
4:0:3:4:4:4:3:0:5,1540.0,0.1172937351870649,334.00000000000006,765.1090417089605,987737.4592579511,0.4088888888888889,0.36297048231355505,4,9,
4:0:3:4:4:5:0:1:5,1440.0,0.10769872056170487,271.4,711.8212126383595,955363.5677236326,0.5066666666666667,0.09259964899201971,8,8,
4:0:3:5:5:1:0:0:5,1572.0,0.12051924723471877,298.59999999999997,841.0830627811724,1131022.9378823382,0.16444444444444445,0.07354733390324326,6,9,
4:0:3:5:5:1:2:0:5,1540.0,0.12043466204577762,308.0,861.7798960299965,1132867.8508057334,0.18666666666666668,0.25903443201597703,4,9,
4:0:3:5:5:2:0:0:5,1572.0,0.11903976504211636,277.2,829.1947134476183,1115882.861612003,0.22666666666666666,0.06581409406039478,6,9,
4:0:3:5:5:2:1:0:5,1556.0,0.12022432403687584,287.2,861.8472908297066,1148140.727036586,0.27555555555555555,0.1598285698526793,5,9,
4:0:3:5:5:2:2:0:5,1540.0,0.12226860945816552,336.79999999999995,874.2437128087246,1151605.324711671,0.27111111111111114,0.24526639025831792,4,9,
4:0:3:5:5:3:0:0:5,1572.0,0.11985806070609882,280.79999999999995,844.0063658872238,1136811.8185092844,0.3111111111111111,0.056724205530234585,6,9,
4:0:3:5:5:3:3:0:5,1524.0,0.1199996166433923,311.8,864.1913744763264,1122533.7355115828,0.35555555555555557,0.3309013240225454,3,9,
4:0:3:6:6:1:0:0:5,1556.0,0.12766868675400592,334.00000000000006,982.5454519651331,1325452.069132773,0.16,0.04035001702250482,5,9,
4:0:3:6:6:1:1:0:5,1540.0,0.12563871196445647,316.4,970.4710192002701,1292595.0429315146,0.1511111111111111,0.16146604806342588,4,9,
4:0:3:6:6:1:1:0:6,1672.0,0.13721946943410568,309.80000000000007,1105.6380622673773,1480918.1522861575,0.1511111111111111,0.11188393568158252,2,10,
4:0:3:6:6:2:0:0:5,1572.0,0.1278030260579639,320.4,983.1680863041877,1326342.5163218381,0.28444444444444444,0.039937998324386964,6,9,
4:0:3:6:6:2:1:0:5,1540.0,0.12661315273453552,330.6,978.195936527049,1305861.572852473,0.2577777777777778,0.1419558118847074,4,9,
4:0:3:6:6:2:2:0:5,1540.0,0.126391671957698,332.8,971.0126190482046,1280622.2841055042,0.24,0.23689879463594402,4,9,
4:0:3:6:6:3:1:0:5,1392.0,0.11773285827031633,276.20000000000005,980.7893110821177,1307814.0888123612,0.3333333333333333,0.15192210190407776,5,8,
4:0:3:7:7:1:0:0:5,1524.0,0.13711463632690446,332.8,1228.27931735535,1659563.6307467467,0.10222222222222223,0.022989282906377462,3,9,
4:0:3:7:7:1:1:0:6,1672.0,0.13719019029795837,289.8,1124.9792817040634,1507193.7235237854,0.17777777777777778,0.10959140349373393,2,10,
4:0:3:7:7:2:1:0:5,1524.0,0.13144214095393042,295.6,1137.8481714634343,1525637.5366050003,0.2222222222222222,0.10214014383751231,3,9,
4:0:4:0:0:4:8:1:5,1636.0,0.09465832709882749,368.80000000000007,125.01235972361869,116570.44372883253,0.49333333333333335,0.8409445881009628,10,9,
4:0:4:0:0:6:7:1:5,1504.0,0.08730244023837454,340.80000000000007,119.50490536342694,122667.14502954418,0.6977777777777778,0.7886576897455069,12,8,
4:0:4:0:0:6:8:1:5,1472.0,0.087523128935104,378.8,118.47040103983991,105878.11356109231,0.6844444444444444,0.8576285803212154,10,8,
4:0:4:0:0:7:8:1:5,1504.0,0.08658531732621089,341.20000000000005,102.96963983974511,98687.23476491746,0.7688888888888888,0.8283955979622029,12,8,
4:0:4:1:1:4:6:1:5,1620.0,0.09817178406464042,340.00000000000006,248.86514145440904,298601.3876337351,0.4622222222222222,0.6002599898403395,9,9,
4:0:4:1:1:5:2:1:5,1488.0,0.09676274791787699,371.59999999999997,317.5618281522324,416616.6678907042,0.5377777777777778,0.2721340164686748,11,8,
4:0:4:1:1:5:6:1:5,1472.0,0.0910495116757596,362.20000000000005,214.41401270459076,250421.7951142313,0.52,0.6506415535262099,10,8,
4:0:4:1:1:5:7:1:5,1472.0,0.09116189991115516,352.20000000000005,226.94274800099097,251292.25756266847,0.56,0.7226189362123292,10,8,
4:0:4:1:1:6:6:1:5,1488.0,0.09336086904575382,381.60000000000014,231.0195535294611,273134.6632679426,0.6444444444444445,0.6293005026560221,11,8,
4:0:4:1:1:6:7:1:5,1456.0,0.09383319054271655,401.6,253.64678721112244,275719.34616959264,0.6311111111111111,0.7417313754762073,9,8,
4:0:4:2:1:5:6:1:5,1440.0,0.097246059308561,387.6,360.4363344426227,419681.9047402502,0.5777777777777777,0.655635771508055,8,8,
4:0:4:2:1:6:5:1:5,1472.0,0.09781099356737201,385.0,343.7473552658705,425230.09700643166,0.6533333333333333,0.5248804866022737,10,8,
4:0:4:2:2:2:3:1:5,1604.0,0.10733420626482612,349.0,462.01964095858796,603302.260273759,0.25333333333333335,0.30097049128229836,8,9,
4:0:4:2:2:2:4:1:5,1440.0,0.1008048494718522,369.0,459.1091131166746,583445.9499458052,0.28888888888888886,0.4332266446458306,8,8,
4:0:4:2:2:3:1:1:5,1620.0,0.10809662380839846,342.2,469.97403568896567,627345.8656261564,0.3022222222222222,0.14272180296987153,9,9,
4:0:4:2:2:3:3:1:5,1604.0,0.1094875570890868,388.6,470.8700345044529,613717.0937382327,0.39111111111111113,0.3118285679217942,8,9,
4:0:4:2:2:3:4:1:5,1440.0,0.10289670290576913,388.59999999999997,486.57581537980565,622300.5501903938,0.37333333333333335,0.4066235994142097,8,8,
4:0:4:2:2:3:5:0:5,1588.0,0.10350124152655835,370.2,370.57793434756275,452741.31056035333,0.3688888888888889,0.5585692303833556,7,9,
4:0:4:2:2:3:6:0:5,1588.0,0.10491122156357714,387.8,384.7024851804854,452235.08392784954,0.3466666666666667,0.6395878328985405,7,9,
4:0:4:2:2:4:1:1:5,1472.0,0.10303251120474036,380.80000000000007,465.4315021066578,619568.6713640387,0.4622222222222222,0.16618195753921242,10,8,
4:0:4:2:2:4:3:1:5,1472.0,0.09697413118482247,363.40000000000003,346.5179516585053,444471.26145279035,0.49333333333333335,0.39362873726114306,10,8,
4:0:4:2:2:4:4:1:5,1620.0,0.10428425925660759,349.40000000000003,376.99583327367054,471733.0562375893,0.47555555555555556,0.4895052274600498,9,9,
4:0:4:2:2:4:5:1:5,1472.0,0.0985033341229647,391.4000000000001,352.9250177667057,437396.1402899987,0.48,0.5194471266920635,10,8,
4:0:4:2:2:4:6:0:5,1572.0,0.10474224956936568,394.20000000000005,390.500615310728,466810.15669463866,0.4311111111111111,0.6079403547324842,6,9,
4:0:4:2:2:5:3:1:5,1620.0,0.10544818789526053,399.4,353.18422764336185,453912.4503196801,0.5466666666666666,0.3845880315094596,9,9,
4:0:4:2:2:5:4:1:5,1488.0,0.09766673819250452,373.79999999999995,335.7016093313513,428320.2240365272,0.5911111111111111,0.41684445216912747,11,8,
4:0:4:2:2:5:5:1:5,1472.0,0.0965869678439454,356.8,344.4067764887716,427376.4688545133,0.5333333333333333,0.5157070632431222,10,8,
4:0:4:2:2:5:6:1:5,1456.0,0.09556779019955507,338.20000000000005,356.07527948998865,426025.038678879,0.5333333333333333,0.6061758049392557,9,8,
4:0:4:2:2:6:4:1:5,1620.0,0.10429410744892706,367.0,359.61741760085926,448723.72199579823,0.6222222222222222,0.4986305109973539,9,9,
4:0:4:2:2:6:5:1:5,1456.0,0.0972986469146687,378.4,354.8195555800457,426001.3699537255,0.6533333333333333,0.5989167688137687,9,8,
4:0:4:2:3:3:1:1:5,1620.0,0.10857786705042559,343.40000000000003,479.6020086345757,640105.8026909571,0.38666666666666666,0.14397318465624323,9,9,
4:0:4:3:2:3:4:1:5,1604.0,0.11071874540126232,393.2000000000001,493.97177152840175,630618.4717149867,0.39555555555555555,0.41441055386251857,8,9,
4:0:4:3:2:3:6:0:5,1540.0,0.10823973452239467,388.40000000000003,506.99402675387995,606855.5027888303,0.3377777777777778,0.605279649055423,4,9,
4:0:4:3:2:4:6:0:5,1556.0,0.1094254990842143,387.6,518.473729394822,621869.518157737,0.49777777777777776,0.601012750730159,5,9,
4:0:4:3:2:5:4:1:5,1440.0,0.10341570038960868,394.4000000000001,492.45325876619523,615671.3635543528,0.5466666666666666,0.49234537216993923,8,8,
4:0:4:3:3:2:1:1:5,1456.0,0.10815645835579413,402.8,574.7203130053675,768874.9854483278,0.28,0.12289700791360356,9,8,
4:0:4:3:3:2:2:0:5,1588.0,0.11382145383819489,376.59999999999997,596.3827113593853,783566.499182759,0.25333333333333335,0.2625538315818474,7,9,
4:0:4:3:3:3:0:1:5,1604.0,0.11346570540214188,349.6,599.3783715481924,804146.5480571631,0.39111111111111113,0.0962465766715818,8,9,
4:0:4:3:3:3:1:1:5,1456.0,0.10638759818948086,361.6,576.1209592633193,771353.5849478592,0.3688888888888889,0.11569668323912606,9,8,
4:0:4:3:3:3:2:0:5,1588.0,0.11301197416325547,355.8,598.9694186732476,790439.7179741152,0.3377777777777778,0.23256089958954687,7,9,
4:0:4:3:3:3:3:0:5,1424.0,0.10489081902952549,343.20000000000005,592.8434281643233,764742.5895654134,0.37777777777777777,0.3668794886937261,7,8,
4:0:4:3:3:3:4:0:5,1588.0,0.10884798318244998,358.6000000000001,502.47962160512435,643092.3134457305,0.37777777777777777,0.40354423608896545,7,9,
4:0:4:3:3:4:1:1:5,1472.0,0.10719442131656524,379.59999999999997,560.2744796227178,747894.8711621462,0.4177777777777778,0.14259046945138865,10,8,
4:0:4:3:3:4:2:1:5,1620.0,0.1098259671624667,355.0,496.0842611555007,648668.6056147108,0.4488888888888889,0.2927888952158129,9,9,
4:0:4:3:3:4:3:1:5,1440.0,0.10773464201404408,388.40000000000003,595.6294453159917,769875.4359229526,0.44,0.3568846828461025,8,8,
4:0:4:3:3:6:5:0:5,1424.0,0.1032024048401168,374.2,523.854108902628,646884.5927953627,0.6044444444444445,0.5299432197960129,7,8,
4:0:4:4:4:2:0:0:5,1588.0,0.118548250996436,367.00000000000006,712.3356474198097,957541.9277141624,0.29777777777777775,0.07724414874636926,7,9,
4:0:4:4:4:2:1:0:5,1588.0,0.12021129965361976,402.6,714.1542422064448,957511.6299848593,0.24444444444444444,0.10246923430018023,7,9,
4:0:4:4:4:2:2:0:5,1572.0,0.11892020447825472,370.00000000000006,733.704600760731,971169.7936453583,0.28888888888888886,0.21066470791899716,6,9,
4:0:4:4:4:2:3:0:5,1392.0,0.11080555533819271,372.20000000000005,728.924995109336,937566.265718981,0.28888888888888886,0.38082268450365464,5,8,
4:0:4:4:4:3:0:1:5,1440.0,0.11321741778673723,385.4000000000001,721.9919002015879,969994.620378522,0.3022222222222222,0.08266869222419813,8,8,
4:0:4:4:4:3:1:1:5,1440.0,0.11217197965703575,393.00000000000006,690.8695422833042,925635.1658884755,0.37777777777777777,0.10917581553160725,8,8,
4:0:4:4:4:3:2:0:5,1572.0,0.11603093535093291,346.0,692.6960453959906,914227.7336412587,0.3022222222222222,0.23178569147859063,6,9,
4:0:4:4:4:3:3:0:5,1540.0,0.11635988563310647,363.40000000000003,714.6974267448953,918244.0504106388,0.39111111111111113,0.3860346566475429,4,9,
4:0:4:4:4:3:4:0:5,1540.0,0.11875315443600024,384.8,747.1459748100053,948283.3785462432,0.37777777777777777,0.43827402160673073,4,9,
4:0:4:4:4:4:0:0:5,1588.0,0.11746890206909985,341.20000000000005,713.8502965547469,959395.0064139486,0.4266666666666667,0.0791535848213806,7,9,
4:0:4:4:4:4:1:1:5,1456.0,0.1139838005804705,394.20000000000005,714.435513060586,957442.5829629981,0.4222222222222222,0.1068823318695367,9,8,
4:0:4:4:4:5:0:1:5,1604.0,0.11978982441344842,345.4000000000001,745.8710493025892,1001318.3190418654,0.5288888888888889,0.09011709452149361,8,9,
4:0:4:4:4:5:1:1:5,1456.0,0.11186812256685112,372.20000000000005,688.8327577541504,921297.0321405788,0.5066666666666667,0.1252672979409981,9,8,
4:0:4:5:5:1:0:0:5,1572.0,0.12193755845488892,349.4,822.1950652350004,1106635.2245850305,0.19111111111111112,0.06421397254601893,6,9,
4:0:4:5:5:1:1:0:5,1556.0,0.12293272267739022,347.6,862.38626024128,1149850.095947922,0.19111111111111112,0.1525293951847881,5,9,
4:0:4:5:5:2:0:0:5,1588.0,0.12355095786690719,375.2,816.6965520054121,1096594.2345836842,0.28444444444444444,0.0883859895510324,7,9,
4:0:4:5:5:2:1:0:5,1556.0,0.12496378016767311,389.0,866.6850537726449,1154035.0824030912,0.27555555555555555,0.1638129033579283,5,9,
4:0:4:5:5:2:2:0:5,1540.0,0.12504057128767532,400.8,872.612853972694,1148536.9868887246,0.27555555555555555,0.2507139670193963,4,9,
4:0:4:5:5:3:0:0:5,1588.0,0.12289635425536641,362.00000000000006,815.1679707457445,1096249.664438439,0.32,0.07285213637774329,7,9,
4:0:4:5:5:3:1:0:5,1408.0,0.11609050969980983,349.20000000000005,854.8364682457213,1137966.009696401,0.3288888888888889,0.16594236689190678,6,8,
4:0:4:5:5:3:2:0:5,1540.0,0.12531947479730185,394.79999999999995,884.888182939291,1166488.988379485,0.3377777777777778,0.2401696587966395,4,9,
4:0:4:5:5:3:3:0:5,1524.0,0.1243313957799641,400.4,873.0564050491919,1135870.0818328578,0.3022222222222222,0.32203195985553446,3,9,
4:0:4:5:5:3:3:0:6,1672.0,0.13214854467056708,401.00000000000006,900.3422550877592,1173684.3654056147,0.37777777777777777,0.3108130811165489,2,10,
4:0:4:5:5:4:0:0:5,1572.0,0.12529637887599424,405.20000000000005,841.9685247098704,1133548.5070849513,0.4,0.06148628559069105,6,9,
4:0:4:5:5:4:1:0:5,1408.0,0.11761455250875832,391.6,846.7274314470626,1126698.1556964167,0.44,0.16940317409364908,6,8,
4:0:4:5:5:4:2:0:5,1424.0,0.11809061658624018,393.0,840.0388731904043,1113178.4178283405,0.4311111111111111,0.20214084885877828,7,8,
4:0:4:5:5:5:0:0:5,1424.0,0.11635256024621293,353.40000000000003,840.532605539791,1129731.30247382,0.5333333333333333,0.07845609576109694,7,8,
4:0:4:5:6:0:0:0:5,1572.0,0.1288930479924437,371.6,956.4935798299831,1290111.8632305444,0.09777777777777778,0.04199237169479876,6,9,
4:0:4:5:6:2:0:0:5,1408.0,0.12029684960857925,342.20000000000005,956.4791161930332,1290023.5074940457,0.24444444444444444,0.04256725050523879,6,8,
4:0:4:5:6:2:1:0:5,1392.0,0.12259437418985498,405.2,961.1734192717371,1281069.924046516,0.2311111111111111,0.15582392619991406,5,8,
4:0:4:5:6:3:0:0:5,1572.0,0.12868505915233472,369.8,953.6138309275311,1283250.8644501194,0.32,0.066359184927114,6,9,
4:0:4:6:6:1:0:0:5,1556.0,0.1285498872413245,359.99999999999994,976.3724629298011,1316333.444089887,0.16444444444444445,0.04680653827858941,5,9,
4:0:4:6:6:1:1:0:5,1540.0,0.12811524737773802,360.80000000000007,981.7930659991054,1311935.2783600453,0.17777777777777778,0.13340386907431806,4,9,
4:0:4:6:6:1:2:0:5,1524.0,0.1267364189104508,352.6,974.9694254851431,1285820.6303476521,0.15555555555555556,0.23700809399926123,3,9,
4:0:4:6:6:2:0:0:5,1572.0,0.13072297807259897,405.20000000000005,964.0670066334764,1297808.278313299,0.24888888888888888,0.06246205831958552,6,9,
4:0:4:6:6:2:1:0:5,1556.0,0.13035792890715306,406.00000000000006,971.0534004109437,1296339.2175459513,0.27555555555555555,0.14187014377541582,5,9,
4:0:4:6:6:2:2:0:5,1376.0,0.12227795601975215,401.0,974.2540104444232,1283512.8284148604,0.28,0.24436850734825055,4,8,
4:0:4:6:6:2:2:0:6,1672.0,0.1360459575684783,394.40000000000003,994.6340452907618,1314619.2186029975,0.2222222222222222,0.22146356273864604,2,10,
4:0:4:6:6:3:0:0:5,1408.0,0.12245570290055037,379.6,967.6533152623834,1303256.6860602368,0.3466666666666667,0.05751108157993292,6,8,
4:0:4:6:6:3:2:0:5,1540.0,0.12896411647426484,366.2,995.4926206709591,1315307.937608661,0.36444444444444446,0.22391928839235986,4,9,
4:0:4:6:7:1:0:0:5,1392.0,0.12881154531789848,401.40000000000003,1104.859769652716,1490857.5687717977,0.18666666666666668,0.03741289592319484,5,8,
4:0:4:6:7:2:1:0:5,1524.0,0.13374007564415755,370.40000000000003,1114.7517019935447,1492812.6840855186,0.22666666666666666,0.11383226261942482,3,9,
4:0:4:7:6:3:2:0:5,1376.0,0.1282972539059522,389.4,1121.2882128839246,1486123.9167974864,0.35555555555555557,0.20087089693873914,4,8,
4:0:4:7:7:0:0:0:5,1524.0,0.13910543336224795,395.40000000000003,1210.4722506505784,1636856.7007954651,0.09333333333333334,0.013652825096344925,3,9,
4:0:4:7:7:0:1:0:6,1672.0,0.13960387853616724,343.00000000000006,1126.087267063763,1508828.1013243229,0.057777777777777775,0.10865884596938274,2,10,
4:0:4:7:7:1:1:0:6,1672.0,0.14561645738447537,380.4000000000001,1223.9702911506959,1641121.7852358804,0.1511111111111111,0.10207688461994072,2,10,
4:0:4:8:8:0:0:0:5,1508.0,0.14392424391431272,407.8,1322.4954880720363,1788908.504026802,0.03111111111111111,0.010016025703890078,2,9,
4:0:4:8:8:1:0:0:6,1672.0,0.1515329979453891,376.79999999999995,1360.6924537712553,1841314.1361533955,0.1511111111111111,0.005397847900738233,2,10,
4:0:4:9:9:0:0:0:6,1656.0,0.15587838552850983,403.2,1448.063674391471,1960001.3422945607,0.057777777777777775,0.0027033323256516815,1,10,
4:0:5:0:0:4:8:0:5,1588.0,0.09696343010548375,445.8,147.8771773733843,123480.91686976366,0.49333333333333335,0.8790740879199906,7,9,
4:0:5:1:1:3:7:0:5,1588.0,0.10300033304293482,468.20000000000005,261.30749346603363,289514.4169747166,0.3688888888888889,0.7219700106720611,7,9,
4:0:5:1:1:5:7:1:5,1472.0,0.09503823201762172,452.0,214.3602203964888,233502.02690706198,0.5733333333333334,0.7396839064504479,10,8,
4:0:5:1:1:6:6:1:5,1488.0,0.09388899185515248,422.0000000000001,202.50231674093095,231444.00335336465,0.6355555555555555,0.6834676166421679,11,8,
4:0:5:1:1:6:7:1:5,1456.0,0.09334477069500861,413.4,230.8573406376935,257611.85077989212,0.6622222222222223,0.7138706282843085,9,8,
4:0:5:2:1:5:6:1:5,1440.0,0.09869123166365056,440.2,340.3527124321374,392151.0339761735,0.5288888888888889,0.6718870635794618,8,8,
4:0:5:2:1:6:5:1:5,1456.0,0.09875054686849463,411.59999999999997,354.287304541129,425230.09700643166,0.6533333333333333,0.5995757322825921,9,8,
4:0:5:2:2:3:4:1:5,1456.0,0.10520515768019907,429.0,482.1160478044789,615824.0817458128,0.32,0.4120452792492495,9,8,
4:0:5:2:2:4:2:1:5,1604.0,0.11120968009912398,411.0,487.21780223028975,636613.2236391926,0.43555555555555553,0.2971568037713299,8,9,
4:0:5:2:2:4:4:1:5,1456.0,0.0993228721885273,420.8,357.9646242418639,448004.850247936,0.4177777777777778,0.48887519810855046,9,8,
4:0:5:2:2:4:5:0:5,1424.0,0.10409214722153362,444.80000000000007,473.2733124845065,586520.7279827504,0.4577777777777778,0.5195908373870424,7,8,
4:0:5:2:2:5:3:1:5,1456.0,0.10585016839252931,464.4000000000001,461.22878883190907,599437.3954443608,0.52,0.3278974916985606,9,8,
4:0:5:2:2:5:4:1:5,1472.0,0.10167414561944826,442.99999999999994,372.668276437586,465905.27668715356,0.56,0.49241102880913085,10,8,
4:0:5:2:2:5:5:1:5,1604.0,0.10691485016839876,436.8,364.78412878897205,441896.8047297797,0.5022222222222222,0.5790997172378614,8,9,
4:0:5:2:2:5:6:0:5,1588.0,0.10833392326722703,477.6,371.9132735126082,438223.3009542274,0.5244444444444445,0.6354570098754989,7,9,
4:0:5:2:2:5:7:0:5,1408.0,0.10031291897458233,453.4,395.6406769281028,442508.01360511733,0.5288888888888889,0.7111778727896805,6,8,
4:0:5:2:2:6:4:1:5,1604.0,0.11216797067771626,438.6,481.17934024861586,613171.439560568,0.6044444444444445,0.42205235756393084,8,9,
4:0:5:2:2:6:5:1:5,1456.0,0.09937185199051396,418.20000000000016,361.666669786564,449862.59293569095,0.6311111111111111,0.5084920919267529,9,8,
4:0:5:2:2:6:6:1:5,1440.0,0.10094570631438504,441.80000000000007,389.4783920736634,460981.41862646234,0.6133333333333333,0.6272899453042515,8,8,
4:0:5:3:2:4:5:0:5,1572.0,0.11278308994883322,468.0,497.61952384874775,608748.4026857283,0.40444444444444444,0.555231300518746,6,9,
4:0:5:3:2:5:4:0:5,1588.0,0.11152527845476758,420.80000000000007,500.51876523227037,627093.5397781901,0.5333333333333333,0.48527857175888844,7,9,
4:0:5:3:3:2:1:1:5,1456.0,0.111115291099582,459.20000000000005,584.8940497405949,781843.0044554127,0.28888888888888886,0.13032078667520608,9,8,
4:0:5:3:3:2:2:1:5,1604.0,0.11750756715795424,433.40000000000003,606.5202610539703,799832.7099842961,0.26222222222222225,0.2375799568819625,8,9,
4:0:5:3:3:3:1:1:5,1604.0,0.11559778748945561,434.00000000000006,562.950218512751,752222.3464265849,0.39111111111111113,0.13373604326875801,8,9,
4:0:5:3:3:3:3:1:5,1440.0,0.10866476672934906,422.6,582.3572514103537,749254.376563902,0.3688888888888889,0.37950823382052074,8,8,
4:0:5:3:3:3:4:0:5,1556.0,0.11479517023717117,423.00000000000006,603.8913303363514,765229.1946819363,0.3466666666666667,0.4445548304048705,5,9,
4:0:5:3:3:3:5:0:5,1556.0,0.11062828104927347,412.6000000000001,520.5363236086531,640891.0713515863,0.3511111111111111,0.5381833641533894,5,9,
4:0:5:3:3:4:1:1:5,1472.0,0.11094814772588053,439.59999999999997,584.7333238323122,781827.8626359913,0.43555555555555553,0.12802541617458726,10,8,
4:0:5:3:3:4:3:0:5,1424.0,0.10839740708001429,413.8000000000001,601.1416593003213,774930.6342773517,0.4222222222222222,0.37014208147683536,7,8,
4:0:5:3:3:4:4:1:5,1604.0,0.11365022215203655,447.6,505.5299984208225,647127.1018912127,0.4622222222222222,0.402652926812639,8,9,
4:0:5:3:3:4:5:0:5,1376.0,0.10840443710271219,451.8,611.2998348110241,748510.8701554503,0.41333333333333333,0.55284034114617,4,8,
4:0:5:3:3:5:2:0:5,1588.0,0.11793897204182922,429.19999999999993,636.4268709411575,841090.2281099607,0.5066666666666667,0.2221750903627569,7,9,
4:0:5:3:3:5:4:1:5,1440.0,0.10574249443677286,423.20000000000005,516.006124827389,651445.5955025984,0.5066666666666667,0.45851358751912696,8,8,
4:0:5:3:3:5:5:0:5,1376.0,0.10895955482191859,460.8,614.7899834931682,756400.3255481548,0.5466666666666666,0.5401234247814758,4,8,
4:0:5:4:3:3:5:0:5,1376.0,0.11218464480287445,474.4000000000001,673.7545080646753,836243.4663858179,0.37777777777777777,0.5150711510336863,4,8,
4:0:5:4:4:2:1:0:5,1572.0,0.1216892951872234,435.60000000000014,730.4091417125264,968653.4894964333,0.28888888888888886,0.19619719553391846,6,9,
4:0:5:4:4:2:2:0:5,1572.0,0.1212103893686216,424.00000000000006,731.2337607939857,968622.8385819049,0.25333333333333335,0.205055387069419,6,9,
4:0:5:4:4:2:3:0:5,1572.0,0.12103589144989702,435.00000000000006,716.3075576226827,934628.245130078,0.29333333333333333,0.30551676010396067,6,9,
4:0:5:4:4:2:4:0:5,1524.0,0.12113073672320057,424.2,777.2415762720132,991197.8797505356,0.24888888888888888,0.41888718771560746,3,9,
4:0:5:4:4:3:0:1:5,1604.0,0.12210458188665614,425.8,717.5530924497631,964783.8546365618,0.3377777777777778,0.07486177800155185,8,9,
4:0:5:4:4:3:1:1:5,1456.0,0.11604748364763685,469.59999999999997,685.4683820718291,917788.1696255086,0.3244444444444444,0.11537275243428576,9,8,
4:0:5:4:4:3:2:0:5,1424.0,0.1150808001583492,439.00000000000006,726.318003562857,962691.385465888,0.3333333333333333,0.2004751315548349,7,8,
4:0:5:4:4:3:3:0:5,1540.0,0.12135549420237815,474.0000000000001,716.4986195535084,918319.6582166448,0.3333333333333333,0.3971581873742437,4,9,
4:0:5:4:4:3:4:0:5,1524.0,0.12211215648316433,452.40000000000003,771.1235208711973,983587.7918998494,0.3022222222222222,0.4180667355530578,3,9,
4:0:5:4:4:4:0:0:5,1588.0,0.12084216996097263,413.6,717.3488241218844,963130.9494274679,0.4488888888888889,0.08906922381839577,7,9,
4:0:5:4:4:4:2:1:5,1440.0,0.11426908975700283,419.19999999999993,711.8545195325638,941629.00738919,0.4311111111111111,0.2155348317429808,8,8,
4:0:5:4:4:4:3:0:5,1540.0,0.12162457793588723,450.0,746.5530035574625,962965.9403189415,0.41333333333333333,0.36716257277170816,4,9,
4:0:5:4:4:4:4:0:5,1524.0,0.12116439379252038,446.2,755.9988603317088,965442.251634368,0.4622222222222222,0.4130300301878857,3,9,
4:0:5:4:4:5:0:1:5,1440.0,0.11434840960901703,412.2,720.6392162028834,966485.8567844268,0.52,0.0997093770622393,8,8,
4:0:5:5:5:1:0:0:5,1572.0,0.1271173613617065,444.00000000000006,844.1406306383966,1134078.6252211505,0.19111111111111112,0.08286602310860264,6,9,
4:0:5:5:5:1:1:0:5,1572.0,0.12814407963344437,458.59999999999997,852.6417917524985,1135671.2468740102,0.19111111111111112,0.16134858927735893,6,9,
4:0:5:5:5:1:2:0:5,1540.0,0.12817280654179003,472.00000000000006,871.8881471902754,1149054.2432899133,0.18222222222222223,0.24196257207919314,4,9,
4:0:5:5:5:1:3:0:6,1672.0,0.13082206183052048,412.8,858.6963911867106,1101968.8385380607,0.17333333333333334,0.391407513489293,2,10,
4:0:5:5:5:2:0:0:5,1572.0,0.12763072743085746,473.80000000000007,825.8913671942926,1110860.34167681,0.28444444444444444,0.07111990256599784,6,9,
4:0:5:5:5:2:1:0:5,1556.0,0.12548579998391696,439.2000000000001,828.2304996381312,1100810.7075015004,0.2088888888888889,0.1788037705676464,5,9,
4:0:5:5:5:2:2:0:5,1556.0,0.12374180270034295,412.20000000000005,815.9905607577164,1081114.296111232,0.2577777777777778,0.20352131242943663,5,9,
4:0:5:5:5:2:3:0:5,1392.0,0.11720082573458375,428.6,816.4185790281342,1066200.28208415,0.29333333333333333,0.30026829563047647,5,8,
4:0:5:5:5:3:0:1:5,1440.0,0.12050084002834344,429.3999999999999,841.868900637727,1132412.1426022435,0.3022222222222222,0.07056941822157257,8,8,
4:0:5:5:5:3:1:0:5,1408.0,0.11803565086226511,410.6,837.2021444009649,1112294.8859619945,0.3022222222222222,0.1819717181602237,6,8,
4:0:5:5:5:3:2:0:5,1540.0,0.12561752513978394,413.99999999999994,872.3943156451387,1146066.147932299,0.31555555555555553,0.2633675548232185,4,9,
4:0:5:5:5:3:3:0:5,1392.0,0.11831068773290888,429.8,840.1904739904498,1085695.4990035351,0.35555555555555557,0.3582128206812798,5,8,
4:0:5:5:5:3:4:0:5,1376.0,0.11749008237912019,413.00000000000006,854.5268535302042,1089640.4051345189,0.36444444444444446,0.4193394001500901,4,8,
4:0:5:5:5:4:0:0:5,1588.0,0.12761623724008925,436.0,847.3653379020079,1140405.0964435474,0.4444444444444444,0.06518994220253528,7,9,
4:0:5:5:5:4:1:0:5,1424.0,0.12115897879353828,456.0,846.0770228546111,1125039.7618850304,0.4266666666666667,0.17515123506688676,7,8,
4:0:5:5:5:4:2:0:5,1408.0,0.12174786719792056,465.80000000000007,865.5270119532124,1138261.8813482549,0.49333333333333335,0.25630325679977173,6,8,
4:0:5:5:5:4:3:0:5,1540.0,0.1277277572300558,458.8,875.074537676255,1136964.3249720756,0.41333333333333333,0.3294866211301619,4,9,
4:0:5:5:6:1:0:0:5,1556.0,0.13161617191590014,443.0,962.3638681077531,1296685.6453711493,0.1688888888888889,0.0530352988125776,5,9,
4:0:5:5:6:1:1:0:5,1408.0,0.12598194343836394,467.6,958.993727363189,1278680.2967964327,0.18222222222222223,0.15239559423215143,6,8,
4:0:5:5:6:4:0:0:5,1408.0,0.12390326994072211,424.20000000000005,955.6235736662474,1286831.138248537,0.4533333333333333,0.05932311771387723,6,8,
4:0:5:6:5:2:3:0:5,1376.0,0.12426947336563353,449.0000000000001,971.0631507267547,1266622.7733886428,0.29777777777777775,0.3073933956450531,4,8,
4:0:5:6:6:1:0:0:5,1556.0,0.13206145714431294,424.0,991.3827857470415,1336695.6016384095,0.14222222222222222,0.04580384139720815,5,9,
4:0:5:6:6:1:1:0:5,1392.0,0.12498013856829113,454.2,965.8531177865508,1287478.209684852,0.19555555555555557,0.15469691244891026,5,8,
4:0:5:6:6:1:2:0:5,1376.0,0.12640263218494757,467.80000000000007,1000.2592241613203,1320830.5200348862,0.1688888888888889,0.22813497376281064,4,8,
4:0:5:6:6:2:0:0:5,1572.0,0.13202714742351127,415.6,983.0108170290036,1325735.2443987518,0.26222222222222225,0.04315260687833829,6,9,
4:0:5:6:6:2:1:0:5,1556.0,0.13281845214328228,459.80000000000007,972.6151732238516,1297103.329365179,0.26666666666666666,0.15067611949170248,5,9,
4:0:5:6:6:2:1:0:6,1672.0,0.14333730008910303,450.40000000000003,1102.6892520048182,1476200.1599193914,0.2,0.11671214700723838,2,10,
4:0:5:6:6:2:2:0:5,1524.0,0.13046289478050685,435.8,975.6151325614035,1288700.2085659397,0.22666666666666666,0.22584382782323886,3,9,
4:0:5:6:6:2:2:0:6,1672.0,0.13699096972117292,416.59999999999997,993.6968187263905,1312291.461768837,0.27111111111111114,0.22744533316216006,2,10,
4:0:5:6:6:3:1:0:5,1540.0,0.13262450228028794,433.2,1010.8513013064787,1350823.7119892393,0.3333333333333333,0.1330152454320955,4,9,
4:0:5:6:6:3:2:0:5,1376.0,0.12502260550600983,449.0,988.0086238852214,1303692.8671848974,0.3111111111111111,0.23336668001907326,4,8,
4:0:5:6:7:2:1:0:5,1524.0,0.13582749198186772,413.6,1118.5185695920238,1496501.332342628,0.24888888888888888,0.12216813284073985,3,9,
4:0:5:7:7:0:0:0:5,1524.0,0.14304078548986818,476.40000000000003,1218.017673522034,1645263.1633285305,0.07111111111111111,0.025943609095573087,3,9,
4:0:5:7:7:0:0:0:6,1672.0,0.14860732172120092,453.6,1218.0647387270208,1647917.0376109309,0.08444444444444445,0.008135218269182757,2,10,
4:0:5:7:7:1:0:0:5,1376.0,0.1329750495793428,432.20000000000005,1183.7386155352135,1597636.7661320884,0.11555555555555555,0.03507234785425528,4,8,
4:0:5:7:7:1:0:0:6,1672.0,0.14963559717095684,472.20000000000005,1222.6009363465291,1640167.4698541423,0.19111111111111112,0.09692697127170223,2,10,
4:0:5:7:7:1:1:0:5,1376.0,0.12948947225363008,412.40000000000003,1125.1131257066768,1505829.0464091254,0.17777777777777778,0.11910000787179455,4,8,
4:0:5:7:7:2:1:0:5,1540.0,0.13784070713315627,433.40000000000003,1128.0159104960162,1510278.1007345058,0.23555555555555555,0.11565679029067014,4,9,
4:0:5:7:7:2:1:0:6,1672.0,0.14354275936508162,429.8,1127.9120857143366,1496006.9866484439,0.27111111111111114,0.19519873614498587,2,10,
4:0:5:8:8:0:0:0:5,1508.0,0.14589555110081062,450.8,1323.8498997682393,1791133.871020581,0.08444444444444445,0.007489608203790738,2,9,
4:0:5:8:8:0:0:0:6,1672.0,0.15487438415470223,454.40000000000003,1358.2736434808005,1837955.2398107164,0.07111111111111111,0.005937589029897793,2,10,
4:0:5:8:8:1:0:0:5,1508.0,0.14592906429379424,412.6,1362.8039466103705,1843624.6120592551,0.1111111111111111,0.00882057974150387,2,9,
4:0:5:9:9:0:0:0:6,1656.0,0.15735680289347198,427.8,1456.7280651031197,1971731.594334947,0.057777777777777775,0.0026872928436574486,1,10,
4:0:6:1:1:4:7:1:5,1440.0,0.09720624535921907,508.8,238.34052058242906,257048.77365463146,0.4888888888888889,0.749194274420916,8,8,
4:0:6:1:1:5:7:0:5,1588.0,0.10487072517612481,496.59999999999997,274.9913164628083,292657.917871792,0.5555555555555556,0.7609829429554464,7,9,
4:0:6:1:1:6:7:1:5,1456.0,0.09790653922514919,513.8000000000002,233.09713256585633,245579.14119723876,0.6133333333333333,0.769314333521127,9,8,
4:0:6:2:2:3:5:1:5,1440.0,0.10714906290577017,501.4,469.45391537982863,583578.6853020239,0.32,0.5103622723848538,8,8,
4:0:6:2:2:4:5:0:5,1424.0,0.1053026895069784,494.40000000000003,450.91051390701404,542283.3820852834,0.4711111111111111,0.5953079951014644,7,8,
4:0:6:2:2:4:6:0:5,1424.0,0.10228215168910378,490.2,387.1484130048351,461012.0586562952,0.4488888888888889,0.6156957705080688,7,8,
4:0:6:2:2:5:6:1:5,1440.0,0.10168776914921107,482.00000000000006,365.9748058572491,429241.02293543075,0.5511111111111111,0.6435354792051281,8,8,
4:0:6:3:2:3:4:1:5,1440.0,0.10809088445902107,494.40000000000003,497.6449003279739,623968.6463654609,0.3333333333333333,0.4827120187413403,8,8,
4:0:6:3:2:4:4:1:5,1440.0,0.10991673614474473,533.6,499.52656325675656,627422.4199471632,0.4533333333333333,0.47674720162566264,8,8,
4:0:6:3:2:4:5:0:5,1424.0,0.10679183730927155,486.2000000000001,492.61633945860973,613171.4469279349,0.4888888888888889,0.5063462423512889,7,8,
4:0:6:3:3:3:3:0:5,1588.0,0.1192403175143957,490.20000000000005,604.7071440739037,782454.4635854585,0.3111111111111111,0.35135911442822926,7,9,
4:0:6:3:3:4:3:0:5,1424.0,0.11247462821963382,484.2000000000001,622.4791349417605,808470.671174086,0.48,0.33152935301555564,7,8,
4:0:6:3:3:5:4:0:5,1408.0,0.11351154468495601,506.4,639.6097554115104,802202.9274666014,0.5155555555555555,0.48172989780877534,6,8,
4:0:6:4:4:1:2:0:5,1572.0,0.12371340390066826,496.8000000000001,714.751587765036,946877.8669934268,0.19555555555555557,0.20435243566547706,6,9,
4:0:6:4:4:1:3:0:5,1556.0,0.12287393872113157,483.40000000000003,725.2636212254599,946877.8669934268,0.19555555555555557,0.30201236652095287,5,9,
4:0:6:4:4:2:3:0:5,1408.0,0.1173411522741351,513.4000000000001,718.7759261680392,937255.8003547052,0.23555555555555555,0.3092025112207777,6,8,
4:0:6:4:4:3:2:0:5,1588.0,0.12453066914869718,519.2,694.7400558456868,917872.3064565969,0.35555555555555557,0.22440894596959515,7,9,
4:0:6:4:4:3:3:0:5,1572.0,0.12480910677522399,521.0,715.2049024425394,930176.6400426319,0.31555555555555553,0.32397772440583406,6,9,
4:0:6:4:4:3:4:0:5,1376.0,0.1161602942829851,523.0,714.606621367165,902554.3008784448,0.3333333333333333,0.45695924206045263,4,8,
4:0:6:4:4:4:3:0:5,1408.0,0.11989595230076136,523.8,765.8589267671302,988450.5957087699,0.47555555555555556,0.3642521538437956,6,8,
4:0:6:4:4:4:4:0:5,1392.0,0.11643526447920845,521.4000000000001,706.39345078219,889523.4578755471,0.4711111111111111,0.4677882296009738,5,8,
4:0:6:5:5:1:1:0:5,1572.0,0.12973760622240557,487.4,859.6961400041257,1143394.792913526,0.19111111111111112,0.17340726567321132,6,9,
4:0:6:5:5:2:0:0:5,1572.0,0.12847314012114716,499.8,818.8456527258109,1100232.6930280717,0.23555555555555555,0.0816281833176442,6,9,
4:0:6:5:5:2:1:0:5,1572.0,0.12917335718813416,492.6,841.800536733019,1120625.9350530787,0.23555555555555555,0.16584282259832098,6,9,
4:0:6:5:5:2:2:0:5,1556.0,0.1276776268731201,488.40000000000003,828.3466046452022,1086097.6977570427,0.23555555555555555,0.275821341850292,5,9,
4:0:6:5:5:2:3:0:5,1376.0,0.1224098349718905,490.80000000000007,887.4212868675361,1153679.0192971847,0.26222222222222225,0.326274631349708,4,8,
4:0:6:5:5:3:1:0:5,1572.0,0.13074722310128037,512.6,857.212519778808,1140248.3692041303,0.36444444444444446,0.1722868246424285,6,9,
4:0:6:5:5:3:3:0:5,1524.0,0.12744982184729134,479.00000000000006,864.6209915640553,1124649.4616487816,0.30666666666666664,0.3232534155440559,3,9,
4:0:6:5:5:4:1:0:5,1556.0,0.12935654784014572,504.20000000000005,850.3223264032787,1129111.5183879638,0.4088888888888889,0.18629185242296095,5,9,
4:0:6:5:5:4:2:0:5,1424.0,0.12301927759212239,510.20000000000005,833.7337458227535,1105054.8363547884,0.4711111111111111,0.20054244049645553,7,8,
4:0:6:5:5:4:3:0:5,1376.0,0.12325588591715697,502.0,895.2574331360319,1154259.076895833,0.4622222222222222,0.36936265425400866,4,8,
4:0:6:5:6:2:0:0:5,1408.0,0.1278976024626623,511.80000000000007,957.8960554099016,1290432.7309044886,0.21333333333333335,0.054934955024728636,6,8,
4:0:6:6:6:1:1:0:5,1556.0,0.13639124073323278,544.0000000000001,968.8029164977376,1292842.5853421334,0.19555555555555557,0.1451842615811551,5,9,
4:0:6:6:6:2:1:0:5,1540.0,0.13264037052076658,480.99999999999994,963.408336717248,1284034.0910787485,0.2222222222222222,0.15592003570089724,4,9,
4:0:6:6:6:2:1:0:6,1672.0,0.14084866001287324,479.40000000000003,1017.694850289648,1349154.4772918408,0.2222222222222222,0.1989980250241593,2,10,
4:0:6:6:6:2:2:0:5,1540.0,0.13422998173742806,497.80000000000007,982.374589092131,1296990.7602575913,0.2088888888888889,0.2293634949993908,4,9,
4:0:6:6:6:3:0:0:5,1572.0,0.13565375945788513,510.0,970.2095878024159,1309141.3249994183,0.32,0.037613819688895295,6,9,
4:0:6:6:6:3:2:0:5,1524.0,0.13435702134416327,496.0,1003.0329802436736,1310812.2350055028,0.3511111111111111,0.29615207425466045,3,9,
4:0:6:7:7:0:1:0:5,1508.0,0.14584495266247535,523.0000000000001,1250.5114349056953,1676810.1246601525,0.08888888888888889,0.10150002233676583,2,9,
4:0:6:7:7:0:1:0:6,1672.0,0.15272947505217913,514.4000000000001,1250.01318867403,1676135.5759157445,0.08888888888888889,0.10153672272538168,2,10,
4:0:6:7:7:1:0:0:5,1376.0,0.1360829791290061,484.4,1201.4670304026372,1621979.4070165595,0.1511111111111111,0.032265408504803875,4,8,
4:0:6:7:7:1:1:0:5,1376.0,0.13704544266173135,509.8,1197.7224598889554,1604357.7679081862,0.1688888888888889,0.11130469423956739,4,8,
4:0:6:7:7:2:1:0:5,1376.0,0.1371206301526449,510.6,1198.61417843451,1601487.5102763455,0.27555555555555555,0.13439294371249488,4,8,
4:0:6:7:7:2:2:0:6,1672.0,0.14778524059025064,520.2,1132.967913280639,1501452.9883214121,0.24,0.20163709598143303,2,10,
4:0:6:8:8:0:0:0:5,1508.0,0.15000964374280212,520.2,1347.0169842130483,1821031.7499887003,0.04888888888888889,0.016567154997351195,2,9,
4:0:6:8:8:0:0:0:6,1656.0,0.15664887992118223,480.6,1387.9997982266002,1878738.1732206782,0.09333333333333334,0.002484937680627371,1,10,
4:0:6:9:9:0:0:0:6,1656.0,0.1636733076375563,549.0000000000001,1477.6494218450168,1999018.787798121,0.09333333333333334,0.008652278991372617,1,10,
4:0:6:9:9:1:0:0:5,1508.0,0.15666910892327413,547.8000000000001,1469.2549507736678,1986291.6840106181,0.12444444444444444,0.016530222751662473,2,9,
4:0:7:2:2:4:5:1:5,1440.0,0.11136703667000697,580.9999999999999,484.75832507515685,604332.856522217,0.49777777777777776,0.5014620364739738,8,8,
4:0:7:3:3:3:4:0:5,1424.0,0.11659539386260763,603.8,595.5963619086715,755630.4402678779,0.38666666666666666,0.4398591033468632,7,8,
4:0:7:3:3:4:2:1:5,1456.0,0.11564119657548258,577.6000000000001,568.3269229483582,742875.0633334757,0.4577777777777778,0.2948740529691486,9,8,
4:0:7:3:3:4:5:0:5,1392.0,0.11626310825174757,612.2,611.7199356643202,747757.5275064899,0.4311111111111111,0.5571831128196137,5,8,
4:0:7:4:3:4:5:0:5,1524.0,0.12274493107670319,584.6,653.1609492258216,806797.7149806966,0.40444444444444444,0.5291065437768857,3,9,
4:0:7:4:4:2:3:0:5,1572.0,0.12627491007367994,553.6,715.5854766577987,932468.3436595752,0.23555555555555555,0.3130799379339857,6,9,
4:0:7:4:4:2:4:0:5,1376.0,0.12138052137028349,592.8,762.2617308313784,970390.8847507869,0.28444444444444444,0.42615848078804625,4,8,
4:0:7:4:4:3:2:0:5,1424.0,0.11949826611115548,549.8000000000001,714.910987500998,943712.5795825822,0.37777777777777777,0.230542868609843,7,8,
4:0:7:4:4:3:3:0:5,1540.0,0.1272044322611561,617.2000000000002,704.8997258760118,903456.8405948546,0.3377777777777778,0.39714220243277687,4,9,
4:0:7:5:5:2:1:0:5,1408.0,0.12410118058764975,550.0,834.2765632221194,1107667.8129807466,0.2,0.18726851233894784,6,8,
4:0:7:5:5:2:2:0:5,1392.0,0.12567779185668587,587.6000000000001,848.1503167754315,1113863.3109922472,0.21777777777777776,0.2654378420451661,5,8,
4:0:7:5:5:2:3:0:5,1392.0,0.12604376884668045,577.0,866.9847990503102,1123966.072746765,0.24,0.3414012665945836,5,8,
4:0:7:5:5:2:3:0:6,1672.0,0.13864230249765577,556.8000000000001,890.6518061972549,1159083.2732479142,0.28,0.3204781318247084,2,10,
4:0:7:5:5:3:2:0:5,1540.0,0.13525510133815805,618.0,885.2397801085563,1168137.0734574175,0.3022222222222222,0.23306876232743648,4,9,
4:0:7:5:5:3:3:0:5,1376.0,0.12311020380544584,563.4000000000001,830.5795856225312,1072846.3947922192,0.3511111111111111,0.36022964715690925,4,8,
4:0:7:6:5:1:2:0:5,1376.0,0.1304063255161361,595.0,963.1423241130623,1267430.1441167889,0.1688888888888889,0.25210882110479066,4,8,
4:0:7:6:5:2:2:0:5,1376.0,0.12875386437744432,553.5999999999999,967.3619484924976,1275548.9862220415,0.28888888888888886,0.23831410754225354,4,8,
4:0:7:6:6:1:1:0:5,1508.0,0.1429273249348403,599.6,1108.2648110339069,1471454.7143915296,0.17777777777777778,0.18719838988095316,2,9,
4:0:7:6:6:1:2:0:5,1524.0,0.13562488829586125,554.2,973.359986656878,1284411.8941329846,0.12444444444444444,0.23310219075284735,3,9,
4:0:7:6:6:1:2:0:6,1672.0,0.1442800352113356,580.0000000000001,994.3007922550509,1313085.9236076295,0.18666666666666668,0.22746253331522942,2,10,
4:0:7:6:6:2:1:0:5,1376.0,0.13581697069934012,603.8,1076.0818407351524,1436036.798577783,0.21333333333333335,0.14498340921980155,4,8,
4:0:7:6:6:2:2:0:5,1524.0,0.1380784975129501,605.1999999999999,977.5661940413769,1290320.2244719572,0.2222222222222222,0.23113858682593652,3,9,
4:0:7:6:6:3:2:0:5,1376.0,0.12903806837657067,554.6,972.75653847284,1283161.5633059097,0.3688888888888889,0.23559220196504846,4,8,
4:0:7:6:6:4:3:0:5,1524.0,0.13721625492929562,570.2,993.1657359091511,1296358.3170637991,0.4,0.30329958119084693,3,9,
4:0:7:7:6:2:2:0:5,1376.0,0.13551718416831077,552.8000000000001,1120.3366437869922,1484942.7178953907,0.24,0.2004595876285422,4,8,
4:0:7:7:7:0:0:0:5,1524.0,0.1468193320811689,568.8000000000001,1210.6349718263002,1635690.3568194977,0.07555555555555556,0.02321835012570181,3,9,
4:0:7:7:7:1:0:0:5,1508.0,0.14926096037373715,593.2,1257.1716084090858,1686221.7773768064,0.18222222222222223,0.0987712383763209,2,9,
4:0:7:7:7:1:1:0:5,1524.0,0.15007127318049748,615.0,1237.603646561193,1657709.6851547402,0.17777777777777778,0.11169448010384207,3,9,
4:0:7:7:7:2:2:0:5,1508.0,0.14481304690234548,595.4000000000001,1154.893555302773,1522090.4036131662,0.21777777777777776,0.24166455722063615,2,9,
4:0:7:8:8:0:0:0:5,1508.0,0.15232706869814525,595.8000000000001,1323.5590457082676,1788981.7921682503,0.08,0.018698302113689842,2,9,
4:0:7:8:8:1:0:0:5,1508.0,0.1517060343712572,555.1999999999999,1350.1857733532875,1811673.5653857016,0.18222222222222223,0.09508419549797019,2,9,
4:0:8:5:5:2:2:0:5,1392.0,0.12711117001357156,628.2,839.80132530536,1103588.5433258053,0.21333333333333335,0.2613470618815836,5,8,
4:0:8:5:5:2:4:0:5,1376.0,0.1284893570051676,660.6,854.4105326162706,1091466.1780996383,0.29333333333333333,0.41166394740313245,4,8,
4:0:8:5:5:3:3:0:5,1524.0,0.13367294403990984,627.6000000000001,856.0412408979709,1111314.0430393599,0.31555555555555553,0.33399732225853773,3,9,
4:0:8:5:6:2:1:0:5,1556.0,0.13995860970574353,633.6,959.4687183792299,1276831.1697863971,0.23555555555555555,0.16867070358029332,5,9,
4:0:8:6:6:2:1:0:5,1376.0,0.13869167504937166,632.0,1112.5626886108626,1487787.4150763047,0.28888888888888886,0.1267149914331772,4,8,
4:0:9:6:6:3:2:0:5,1376.0,0.13799741769982718,720.4000000000001,1008.5418982461115,1334356.3061101108,0.36,0.21401706521328695,4,8,
5:0:0:0:0:4:3:1:6,1980.0,0.09929041724229279,120.2,133.83438795158793,172244.10175198602,0.4666666666666667,0.3780113173429085,11,11,
5:0:0:0:0:4:4:1:6,1980.0,0.09934292801099764,126.20000000000002,129.01588024744706,165110.90903856626,0.43555555555555553,0.40376990700624366,11,11,
5:0:0:0:0:5:4:1:6,1980.0,0.09930265831829947,124.59999999999998,129.70981216173843,166138.18768551727,0.5422222222222223,0.400060312971733,11,11,
5:0:0:1:1:4:4:1:6,1800.0,0.09772636417914633,126.80000000000001,272.0431940307922,345959.016772341,0.4533333333333333,0.43042892498233737,10,10,
5:0:0:2:2:3:1:1:6,1948.0,0.10835456466129828,126.00000000000001,363.97770487921105,485369.8608312932,0.35555555555555557,0.15137612434260275,9,11,
5:0:0:3:3:2:0:0:6,1916.0,0.1181840383398078,114.00000000000001,629.1408626456755,847041.9352185206,0.24888888888888888,0.06118157672105873,7,11,
5:0:0:3:3:3:1:1:6,1784.0,0.10650834691170848,120.60000000000001,491.837805513441,658895.0020920576,0.36,0.11024379692801684,9,10,
5:0:1:0:0:3:4:1:6,1980.0,0.09935665081647094,130.99999999999997,124.52464337059612,158462.1994937701,0.36444444444444446,0.4277789851057188,11,11,
5:0:1:0:0:3:5:1:6,1980.0,0.09945476115898924,160.60000000000002,97.1321260772578,117911.0337062487,0.39111111111111113,0.574212830629831,11,11,
5:0:1:0:0:3:7:1:6,1800.0,0.09431925286904902,186.2,135.98318955360298,146528.10677184403,0.3244444444444444,0.7500045011812038,10,10,
5:0:1:0:0:4:4:1:6,1964.0,0.0986252126429319,129.8,125.26728446596759,159561.58593775932,0.4666666666666667,0.42380900343974287,10,11,
5:0:1:0:0:4:5:1:6,1832.0,0.09292353346187152,159.0,99.779502892109,121830.14106580414,0.48444444444444446,0.5600605873949853,12,10,
5:0:1:0:0:4:6:1:6,1980.0,0.09953281955731172,171.00000000000003,88.4884400395134,105115.1470858869,0.4577777777777778,0.6204199087327916,11,11,
5:0:1:0:0:4:7:1:6,1964.0,0.09929267856390975,162.80000000000004,107.2852676879695,119734.82310876292,0.49333333333333335,0.71371471206194,10,11,
5:0:1:0:0:4:8:1:6,1800.0,0.09291604975296393,180.80000000000004,109.81111944168852,106641.11161602374,0.48444444444444446,0.8217741694498835,10,10,
5:0:1:0:0:5:4:1:6,1980.0,0.09937160425316251,141.8,114.0610956961563,142972.23732899196,0.5511111111111111,0.4837146082317368,11,11,
5:0:1:0:0:5:5:1:6,1832.0,0.0928881569819288,159.8,98.18353209339799,119467.50765911417,0.5466666666666666,0.5685922655498907,12,10,
5:0:1:0:0:5:6:1:6,1980.0,0.09951312094930684,170.20000000000002,88.84522135940415,105643.31681551959,0.5511111111111111,0.6185126411340054,11,11,
5:0:1:0:0:5:7:1:6,1816.0,0.09325589996663236,182.60000000000002,99.65774924922832,106739.85627208008,0.5688888888888889,0.7554431168585979,11,10,
5:0:1:0:0:6:4:1:6,1964.0,0.09868031904540624,141.0,115.30717852164017,144816.90573606337,0.6311111111111111,0.4770533474931508,10,11,
5:0:1:0:0:6:5:1:6,1980.0,0.09939764066176714,146.2,110.24691488976094,137325.8238735431,0.6622222222222223,0.5041043065213702,11,11,
5:0:1:0:0:6:7:1:6,1816.0,0.09356588050605479,176.20000000000005,113.0323113862325,127021.35582741386,0.6755555555555556,0.7054941282537571,11,10,
5:0:1:0:0:7:5:1:6,1832.0,0.09292258239543834,165.4,93.35810389736262,112324.0700305908,0.7155555555555555,0.5943878505076038,12,10,
5:0:1:1:1:2:2:1:6,1964.0,0.1067763798398949,194.60000000000005,243.86854639763513,320750.5793813405,0.26222222222222225,0.2555341098724489,10,11,
5:0:1:1:1:3:1:1:6,1948.0,0.1042366211832257,127.20000000000002,270.1239766225785,358456.00128986407,0.3333333333333333,0.19136369551768986,9,11,
5:0:1:1:1:3:2:1:6,1964.0,0.10340949241364021,134.60000000000002,228.11357930690485,298851.4959618094,0.3466666666666667,0.2809295498274089,10,11,
5:0:1:1:1:3:3:1:6,1964.0,0.10468701266666151,165.20000000000002,226.25778499988408,294894.6621750807,0.3333333333333333,0.3118787378714712,10,11,
5:0:1:1:1:3:4:1:6,1948.0,0.10365245351926816,149.20000000000002,234.9802041835338,295174.3210865031,0.37333333333333335,0.4763824355057265,9,11,
5:0:1:1:1:4:2:1:6,1964.0,0.10361221529270447,142.6,224.6748440858504,293800.10882064723,0.4,0.2923691198422184,10,11,
5:0:1:1:1:4:3:1:6,1816.0,0.09686540740887997,142.2,221.27166669979948,288744.51794791245,0.4666666666666667,0.30486132760736434,11,10,
5:0:1:1:1:4:4:1:6,1784.0,0.09758369954555908,162.20000000000002,249.43323977507922,314623.3938245863,0.4533333333333333,0.46177023778165294,9,10,
5:0:1:1:1:4:5:1:6,1932.0,0.1035523786239502,174.40000000000003,223.52851903887938,276108.9272193601,0.4711111111111111,0.5290865091031185,8,11,
5:0:1:1:1:5:2:1:6,1964.0,0.1039791994422933,130.60000000000002,244.93198745159899,322061.6450883684,0.5377777777777778,0.2573459424108153,10,11,
5:0:1:1:1:5:3:1:6,1816.0,0.09802974519607291,174.6,215.06926691164048,279858.83875328756,0.5422222222222223,0.32107309574657905,11,10,
5:0:1:1:1:5:4:1:6,1800.0,0.0991224048499972,176.40000000000003,253.8541091249369,321659.9804284857,0.5422222222222223,0.444731514803704,10,10,
5:0:1:1:1:5:5:1:6,1948.0,0.10402748179303072,167.00000000000003,225.6183403431912,281270.44538461126,0.5155555555555555,0.5014709787828687,9,11,
5:0:1:1:1:5:6:1:6,1768.0,0.09697441365443024,162.20000000000002,251.72430722468053,300381.5796252291,0.5244444444444445,0.6115236976323395,8,10,
5:0:1:1:1:6:2:1:6,1816.0,0.09741327171878361,129.0,246.7986136726315,324824.9496996912,0.6133333333333333,0.250973934401632,11,10,
5:0:1:2:2:2:1:1:6,1948.0,0.11185264773566765,186.60000000000005,382.0845740525223,509482.2072600981,0.24444444444444444,0.15193725062265756,9,11,
5:0:1:2:2:2:3:1:6,1932.0,0.10890425466338474,142.0,376.34572992615676,488236.0796750142,0.24888888888888888,0.3377068670353526,8,11,
5:0:1:2:2:3:1:1:6,1800.0,0.10181495047654164,132.4,358.43638572218714,477166.63695771765,0.38222222222222224,0.16571869523185428,10,10,
5:0:1:2:2:3:2:1:6,1784.0,0.10090992709148135,152.2,334.27335955833064,441303.82659046864,0.38666666666666666,0.22975435082813417,9,10,
5:0:1:2:2:3:3:1:6,1768.0,0.10215007652341361,165.00000000000003,365.37672177680616,472556.7118604131,0.3288888888888889,0.3537336508824041,8,10,
5:0:1:2:2:3:4:1:6,1768.0,0.1023702242628997,197.20000000000005,338.1300459152435,432493.9433437955,0.3466666666666667,0.40615533322045627,8,10,
5:0:1:2:2:4:1:1:6,1800.0,0.10352805957183044,168.40000000000003,360.9813403661846,479275.8359843137,0.4088888888888889,0.18724514779110513,10,10,
5:0:1:2:2:4:2:1:6,1800.0,0.10266261104573932,165.20000000000002,344.70874852913516,455887.30971032684,0.4311111111111111,0.21694728608772185,10,10,
5:0:1:2:2:4:3:1:6,1784.0,0.10222537866840653,152.0,364.0710200391466,470149.92699328205,0.4666666666666667,0.36145290464561114,9,10,
5:0:1:2:2:4:4:0:6,1916.0,0.10968747136521255,184.60000000000008,367.3681057172828,461648.6458224726,0.4088888888888889,0.47508329265470567,7,11,
5:0:1:2:2:5:1:1:6,1932.0,0.10905995581057129,144.79999999999998,377.04900573785375,502257.9556506352,0.5022222222222222,0.16051945799719206,8,11,
5:0:1:2:2:5:4:1:6,1768.0,0.10334591843894549,187.20000000000002,370.0831648762739,462864.55696843425,0.52,0.49105929653809016,8,10,
5:0:1:2:2:5:5:1:6,1768.0,0.10251702231385548,183.60000000000002,355.0330020617485,441834.88321070105,0.5155555555555555,0.5069299639434808,8,10,
5:0:1:2:3:2:0:1:6,1932.0,0.11569264019301237,184.0,487.08440434277816,653607.7852719218,0.25333333333333335,0.09449236092764536,8,11,
5:0:1:2:3:2:1:0:6,1916.0,0.11527764156763824,196.40000000000003,481.3469352718604,643843.5692149564,0.28888888888888886,0.12450984691165158,7,11,
5:0:1:2:3:3:1:1:6,1768.0,0.1074934453917568,162.2,488.40252131452826,654080.4227368388,0.37777777777777777,0.11327410530594698,8,10,
5:0:1:2:3:4:1:1:6,1784.0,0.1090257395123247,180.8,488.27913902730546,652281.475501742,0.4577777777777778,0.13597065887892654,9,10,
5:0:1:3:3:1:0:0:6,1916.0,0.12033655496529745,168.2,623.3724867191926,836876.4471407754,0.19111111111111112,0.08999778132695127,7,11,
5:0:1:3:3:2:0:0:6,1916.0,0.1200398016393191,179.0,605.8955368846797,813318.7700796811,0.29777777777777775,0.09113646390130452,7,11,
5:0:1:3:3:2:2:0:6,1900.0,0.11500912964971358,174.39999999999998,513.3054171185554,674971.4583103945,0.22666666666666666,0.25710016000444136,6,11,
5:0:1:3:3:2:3:0:6,1884.0,0.11529042466850194,190.2,519.8345550412937,669852.6082640251,0.2088888888888889,0.3720660302638299,5,11,
5:0:1:3:3:3:0:0:6,1916.0,0.11594019862528468,187.20000000000002,505.45446906890555,677930.395530376,0.3511111111111111,0.09914796501163549,7,11,
5:0:1:3:3:3:1:1:6,1784.0,0.10793313987546459,141.6,502.8956471979532,673763.8979091432,0.37333333333333335,0.10947683684611594,9,10,
5:0:1:3:3:3:2:0:6,1900.0,0.11350394834287945,139.8,514.0388377147874,676707.1169614565,0.3333333333333333,0.24944506043702896,6,11,
5:0:1:3:3:4:0:0:6,1752.0,0.11240151970491163,163.0,614.034193360512,824240.5821400151,0.44,0.09117247129763052,7,10,
5:0:1:3:3:4:1:0:6,1916.0,0.11461230854307183,164.39999999999998,498.3769422191165,666888.8017979177,0.4088888888888889,0.12087283205797712,7,11,
5:0:1:3:3:4:2:0:6,1900.0,0.11435774533184716,146.00000000000003,527.049269966561,695594.6611673667,0.4488888888888889,0.23189428668456105,6,11,
5:0:1:3:4:2:0:0:6,1900.0,0.11927194732824395,142.0,641.6188148854891,862732.7970079365,0.2088888888888889,0.07432212559412507,6,11,
5:0:1:4:4:2:0:0:6,1900.0,0.12525213577465458,194.40000000000003,723.7730549297279,974564.9168584881,0.2088888888888889,0.05995411305570953,6,11,
5:0:1:4:4:2:2:0:6,1884.0,0.12114330122281004,191.39999999999998,650.324277513226,861040.0977404005,0.2,0.20860831397154633,5,11,
5:0:1:5:5:1:0:0:6,1884.0,0.1292617432332686,144.8,879.5892227485432,1185832.58414249,0.16,0.04697643295119874,5,11,
5:0:1:6:6:0:0:0:7,2000.0,0.1422891198810682,184.6,1016.905197324035,1375209.6611196937,0.06666666666666667,0.012796010962549233,2,12,
5:0:2:0:0:4:8:1:6,1932.0,0.10265398792000079,258.40000000000003,119.31472820001764,120197.7721795722,0.4888888888888889,0.8009407533743405,8,11,
5:0:2:0:0:5:7:1:6,1816.0,0.09523995335025254,217.20000000000007,109.69895038068161,123102.86579539753,0.5644444444444444,0.707198206834693,11,10,
5:0:2:0:0:5:8:1:6,1800.0,0.09682527585453661,264.40000000000003,114.16870672707373,112579.73665327016,0.5466666666666666,0.8135569640173105,10,10,
5:0:2:0:0:6:7:1:6,1800.0,0.09691389835487009,250.20000000000002,130.36271298457734,139143.5327321812,0.6666666666666666,0.7584773120484473,10,10,
5:0:2:1:1:3:7:0:6,1900.0,0.10719331503933394,235.4,276.4495883850136,307870.762307768,0.35555555555555557,0.7161812643887093,6,11,
5:0:2:1:1:4:4:1:6,1948.0,0.10650175598712083,199.4,248.8895097102186,313508.82253104524,0.4577777777777778,0.46669968146217916,9,11,
5:0:2:1:1:4:5:1:6,1800.0,0.09914055922991037,208.4,222.26258267298346,273940.3420714068,0.43555555555555553,0.535282902818474,10,10,
5:0:2:1:1:4:6:0:6,1916.0,0.10707473060635964,250.00000000000003,243.18143864309195,289548.041115081,0.4266666666666667,0.6158974025693893,7,11,
5:0:2:1:1:5:5:1:6,1800.0,0.09934596447197314,207.00000000000003,228.2842006193952,282964.64105065,0.5111111111111111,0.5190130830191033,10,10,
5:0:2:1:1:6:7:0:6,1736.0,0.1010343204318594,262.00000000000006,275.2722097168367,305655.34976504394,0.6177777777777778,0.7195306722960416,6,10,
5:0:2:2:2:2:1:0:6,1916.0,0.11664920944249507,238.60000000000002,470.0072124561394,627376.212002254,0.23555555555555555,0.14291553119791212,7,11,
5:0:2:2:2:2:2:0:6,1916.0,0.11549957046305806,197.40000000000003,485.3403354188061,635449.5275187811,0.29333333333333333,0.28479106476272353,7,11,
5:0:2:2:2:2:3:0:6,1916.0,0.11096285821678092,220.40000000000003,360.26430987757067,463233.0705730985,0.28,0.3823499874389327,7,11,
5:0:2:2:2:3:1:1:6,1932.0,0.11291664037537695,226.00000000000003,382.62440844598154,510200.5230239829,0.3333333333333333,0.15196261013751275,8,11,
5:0:2:2:2:3:2:1:6,1800.0,0.10679490339970524,255.0,347.88532649336764,459972.3907343638,0.37777777777777777,0.218795551752648,10,10,
5:0:2:2:2:3:3:1:6,1768.0,0.10517992961946343,230.0,368.54841643792713,476159.1056229534,0.35555555555555557,0.35905743677578333,8,10,
5:0:2:2:2:3:4:1:6,1932.0,0.11138877987969778,231.20000000000007,343.04754729319995,438133.49153027317,0.39111111111111113,0.4125674704023647,8,11,
5:0:2:2:2:3:5:0:6,1884.0,0.11322509685329443,264.0,399.56467919912495,489800.5336732511,0.3022222222222222,0.549914476512058,5,11,
5:0:2:2:2:3:6:0:6,1736.0,0.1032540970433337,216.4,370.8171834750085,433848.42921836977,0.32,0.6477262026799598,6,10,
5:0:2:2:2:4:1:1:6,1948.0,0.11322095178156429,219.59999999999997,379.87141508519653,507216.48078153987,0.47555555555555556,0.1402336276878165,9,11,
5:0:2:2:2:4:2:1:6,1784.0,0.10381439953700695,203.39999999999995,348.4239895826564,461124.41968654725,0.4533333333333333,0.21175946746574018,9,10,
5:0:2:2:2:4:3:1:6,1784.0,0.1040318942725794,202.0,354.7176211330366,456011.8763226678,0.4888888888888889,0.3832677165790171,9,10,
5:0:2:2:2:4:4:0:6,1916.0,0.1140991181645736,262.8,388.43015870290594,493651.7689019063,0.4177777777777778,0.43301416179148644,7,11,
5:0:2:2:2:4:5:0:6,1736.0,0.1039870738331673,229.8,373.90916124626386,454490.6216081802,0.41333333333333333,0.5711023298201323,6,10,
5:0:2:2:3:2:2:0:6,1916.0,0.11793848759075516,248.6,489.01597079199104,639604.083079088,0.24888888888888888,0.2911004848625501,7,11,
5:0:2:2:3:3:1:1:6,1932.0,0.11722947861486763,226.20000000000005,479.46326883452195,639761.6323655276,0.3333333333333333,0.1461291529829289,8,11,
5:0:2:2:3:4:1:1:6,1768.0,0.11048461172935571,230.2,487.7037639105039,651633.0711095103,0.41333333333333333,0.13433435182339393,8,10,
5:0:2:3:2:2:4:0:6,1720.0,0.11044964863580133,257.6,507.51709430553,637685.1667708356,0.28,0.47551862531551714,5,10,
5:0:2:3:2:3:3:0:6,1736.0,0.11019415194176638,247.20000000000005,496.16841868974313,636297.8415950562,0.3377777777777778,0.39453304839796766,6,10,
5:0:2:3:3:1:0:0:6,1916.0,0.1223749967391089,216.00000000000006,621.43742662995,834256.6734814931,0.19111111111111112,0.09025488934175899,7,11,
5:0:2:3:3:1:3:0:6,1884.0,0.11705508602860105,223.6,526.1394356435239,678002.648557139,0.19111111111111112,0.3718826342745699,5,11,
5:0:2:3:3:2:0:0:6,1900.0,0.1225745376100561,266.6,591.3270962262624,793166.8608555534,0.29333333333333333,0.09840333074543292,6,11,
5:0:2:3:3:2:1:0:6,1900.0,0.12093888246645557,239.0,582.1248554952504,780641.4837841096,0.28444444444444444,0.10063706364399139,6,11,
5:0:2:3:3:2:2:0:6,1916.0,0.11792021131799275,236.60000000000002,500.6047546548369,656079.5947417401,0.26222222222222225,0.2786589888227938,7,11,
5:0:2:3:3:2:3:0:6,1884.0,0.1211907648102875,216.4,626.3922082314685,813269.2651465035,0.24888888888888888,0.3334248818516937,5,11,
5:0:2:3:3:3:0:0:6,1900.0,0.1212733222835772,225.20000000000002,603.4497513804871,810171.7623965419,0.31555555555555553,0.08949638859489747,6,11,
5:0:2:3:3:3:1:1:6,1768.0,0.1147183629062044,210.60000000000002,602.5631653895988,806009.4939700672,0.39111111111111113,0.1241873195536146,8,10,
5:0:2:3:3:3:2:0:6,1884.0,0.12204058973210134,241.8,620.1132689722798,819302.1340693707,0.32,0.22419077529049605,5,11,
5:0:2:3:3:3:3:0:6,1900.0,0.11745852273531585,233.80000000000004,509.0167615446061,653242.7263488672,0.3688888888888889,0.3912724997386759,6,11,
5:0:2:3:3:4:0:0:6,1752.0,0.11723511969750182,265.6,620.190193193791,832445.7603403078,0.43555555555555553,0.09185392999584774,7,10,
5:0:2:3:3:4:1:0:6,1916.0,0.11632493907465283,206.4,494.9111291796883,662827.1510385874,0.4088888888888889,0.11284955871795314,7,11,
5:0:2:3:3:4:2:0:6,1752.0,0.11651640771829483,226.0,643.6191736616337,850802.7236458093,0.4311111111111111,0.22040442007962402,7,10,
5:0:2:3:3:4:3:1:6,1768.0,0.1109244837140984,236.00000000000003,491.8008835672139,642175.9221914875,0.41333333333333333,0.30110423314298085,8,10,
5:0:2:3:3:5:1:1:6,1784.0,0.11165442454669412,234.79999999999998,493.4245523006176,658929.5440924112,0.5066666666666667,0.138990475897361,9,10,
5:0:2:3:4:2:0:0:6,1900.0,0.12396472160469936,253.20000000000007,636.0062361057351,854994.7543965906,0.24444444444444444,0.07657473096783568,6,11,
5:0:2:3:4:3:0:1:6,1768.0,0.11588534837699485,199.60000000000002,639.8203384823843,860067.9897793612,0.37777777777777777,0.07720667593264441,8,10,
5:0:2:3:4:4:1:0:6,1900.0,0.12223514039692454,206.0,644.2906589308022,854149.9335320283,0.40444444444444444,0.1988537040564643,6,11,
5:0:2:4:4:1:1:0:6,1720.0,0.11901977732783316,232.0,725.9449898762459,962930.9284680372,0.1688888888888889,0.19460963289587013,5,10,
5:0:2:4:4:1:2:0:6,1884.0,0.12621861829835695,228.00000000000003,727.9189117130319,964473.2665018508,0.16444444444444445,0.20315937802767686,5,11,
5:0:2:4:4:2:0:0:6,1752.0,0.12013525128400358,228.6,722.4431538900806,971684.1996406564,0.24444444444444444,0.07147247950327966,7,10,
5:0:2:4:4:2:1:0:6,1868.0,0.1261265962346322,219.4,750.448415279225,997033.8229198436,0.26222222222222225,0.18198203963810927,4,11,
5:0:2:4:4:2:2:0:6,1720.0,0.11857145554523088,203.00000000000003,744.8577497676947,986806.0533499708,0.29333333333333333,0.20401020155224545,5,10,
5:0:2:4:4:3:0:0:6,1736.0,0.11898205531747637,215.0,726.0962446432183,976660.0884207762,0.35555555555555557,0.0708223475425321,6,10,
5:0:2:4:4:3:2:0:6,1868.0,0.12690941929997512,242.39999999999998,745.0619342494401,973575.1091341308,0.3111111111111111,0.2968177230122147,4,11,
5:0:2:4:4:4:0:0:6,1752.0,0.11914955067705016,229.40000000000003,699.4648902336285,939059.0134159662,0.4488888888888889,0.08969957780003107,7,10,
5:0:2:5:5:1:0:0:6,1736.0,0.12422499578216183,211.40000000000003,847.6624050986412,1142852.3280719232,0.12444444444444444,0.0463933733818539,6,10,
5:0:2:5:5:2:0:0:6,1736.0,0.12532709045526136,231.79999999999998,852.0595352433802,1148601.8995399496,0.26222222222222225,0.048053741367663064,6,10,
5:0:2:5:5:2:1:0:6,1868.0,0.13280087385963782,267.0,853.0196618418508,1134521.7685053549,0.2222222222222222,0.1733593271417308,4,11,
5:0:2:5:5:3:0:0:6,1736.0,0.12824343253534431,267.0,882.477232045247,1188189.8185890904,0.3511111111111111,0.060577146991095836,6,10,
5:0:2:6:6:0:0:0:7,2000.0,0.1445165607928083,236.00000000000003,1015.6226178381866,1373055.7813679932,0.07555555555555556,0.01627037355636148,2,12,
5:0:2:6:6:1:0:0:6,1868.0,0.13772525866790827,262.0,968.8183200279366,1306399.6291652243,0.14666666666666667,0.04475449871901555,4,11,
5:0:2:6:6:2:0:0:6,1868.0,0.13962442691402469,265.6,1007.9496055655557,1360584.161175683,0.20444444444444446,0.03345032950905092,4,11,
5:0:2:6:7:1:0:0:6,1704.0,0.13571693400057638,243.2,1106.431015012969,1493760.9796198064,0.13333333333333333,0.03167576223616239,4,10,
5:0:2:7:7:0:0:0:6,1836.0,0.14300995364389038,257.6,1124.1239569875338,1520074.5203952459,0.08888888888888889,0.013787860929642293,2,11,
5:0:3:0:0:4:8:1:6,1800.0,0.096828821452603,268.0,110.64848268356783,108430.37411094974,0.48,0.816984944421124,10,10,
5:0:3:0:0:5:8:1:6,1784.0,0.0961228363071501,269.6,109.16381691087713,105170.62873845207,0.5688888888888889,0.8258271701363432,9,10,
5:0:3:1:1:3:5:0:6,1916.0,0.11018045281444797,299.0,264.0601883250791,321404.5324422188,0.30666666666666664,0.5678216156873392,7,11,
5:0:3:1:1:3:6:0:6,1916.0,0.10830433219830402,278.00000000000006,242.84747446184014,291258.47113037686,0.30666666666666664,0.6011460239205588,7,11,
5:0:3:1:1:4:6:1:6,1784.0,0.10331744911964055,316.0,224.64260519191268,263943.75097500166,0.4533333333333333,0.6404725417090986,9,10,
5:0:3:1:1:4:7:0:6,1720.0,0.10145802493315365,279.80000000000007,283.0055609959569,303427.3982920699,0.48444444444444446,0.7545353728866799,5,10,
5:0:3:1:1:5:5:1:6,1784.0,0.10416721301694724,304.4,255.36229288131292,308773.7483554038,0.5733333333333334,0.5833348040788287,9,10,
5:0:3:1:1:5:6:1:6,1768.0,0.10461484101586797,333.99999999999994,251.83392285702934,288523.13124637643,0.56,0.6800770143621641,8,10,
5:0:3:2:2:2:2:0:6,1900.0,0.1210546186628642,337.2,486.5289199144443,637483.872660658,0.25333333333333335,0.2801190213023122,6,11,
5:0:3:2:2:2:3:1:6,1932.0,0.11557718541603046,294.8,373.6866718606854,483892.8604230222,0.28,0.3474516238642708,8,11,
5:0:3:2:2:2:4:0:6,1752.0,0.10734535962383356,296.4,366.8705915362547,462399.0417703389,0.25333333333333335,0.46454349984168886,7,10,
5:0:3:2:2:2:5:0:6,1900.0,0.11459324927901045,271.2,407.14810877773516,503426.8761648043,0.28,0.5262125414365108,6,11,
5:0:3:2:2:3:1:1:6,1948.0,0.11465884315072579,278.8,353.0239708913299,468196.1662033036,0.38222222222222224,0.1958165806349802,9,11,
5:0:3:2:2:3:3:1:6,1932.0,0.11483486605775381,289.20000000000005,362.5844862994608,468477.27250716963,0.3111111111111111,0.35880494286106784,8,11,
5:0:3:2:2:3:4:0:6,1752.0,0.11269579790008906,310.6,473.05545275200393,602600.715837563,0.35555555555555557,0.4235530909318884,7,10,
5:0:3:2:2:3:5:0:6,1884.0,0.11383711685550067,279.79999999999995,397.5351292487655,487095.6945004361,0.3422222222222222,0.5510773297092665,5,11,
5:0:3:2:2:4:1:1:6,1768.0,0.11297909080351627,297.0,477.02954307911625,636511.2820532682,0.4533333333333333,0.14616940110250204,8,10,
5:0:3:2:2:4:3:1:6,1932.0,0.11487449066464285,272.4,380.2760399544641,493651.7689019063,0.4177777777777778,0.3342511973727381,8,11,
5:0:3:2:2:4:4:0:6,1752.0,0.10885192921607523,327.20000000000005,369.9684073616922,464535.19900092005,0.4266666666666667,0.47791714448139927,7,10,
5:0:3:2:2:4:5:0:6,1900.0,0.11495020666044711,313.2,373.17964986006035,456811.94644021866,0.40444444444444444,0.5535797469235041,6,11,
5:0:3:2:2:4:6:0:6,1868.0,0.1147781816849078,325.80000000000007,388.70908791042535,460734.1360756607,0.44,0.6245943320855126,4,11,
5:0:3:2:2:5:3:1:6,1784.0,0.10832891885350893,279.6,373.8006742039509,484065.8068936699,0.5111111111111111,0.34717902044771615,9,10,
5:0:3:2:2:5:4:0:6,1752.0,0.10837947386266064,304.59999999999997,381.9381619098643,482435.3789995439,0.5288888888888889,0.45662018986998437,7,10,
5:0:3:2:3:2:1:1:6,1932.0,0.12186705611149802,324.6,485.4087625087056,650195.031310706,0.27111111111111114,0.11149805123263413,8,11,
5:0:3:2:3:3:1:1:6,1784.0,0.11483023235916577,310.59999999999997,489.0802280812301,655455.1912149516,0.3022222222222222,0.10659576254843578,9,10,
5:0:3:2:3:4:1:1:6,1932.0,0.12051899117316571,295.40000000000003,484.27730139622844,646641.2395205568,0.4088888888888889,0.13998029628633668,8,11,
5:0:3:2:3:4:2:0:6,1916.0,0.12064338649539474,310.80000000000007,487.67619614638147,639862.7368450051,0.4,0.27144241730808827,7,11,
5:0:3:3:2:2:4:0:6,1884.0,0.11917760573122703,300.20000000000005,497.29612895260794,636614.8980799218,0.25333333333333335,0.4024590644569572,5,11,
5:0:3:3:2:5:4:0:6,1884.0,0.11973802958562292,317.8,492.30566567651545,615862.1449475465,0.5022222222222222,0.49034774974342643,5,11,
5:0:3:3:3:1:0:0:6,1916.0,0.12588477544732768,308.2,608.2074475648727,816847.2589915297,0.18666666666666668,0.0860351036872616,7,11,
5:0:3:3:3:1:4:0:6,1868.0,0.12295748561349523,290.8,607.7434263036425,772094.49616168,0.19111111111111112,0.4344644149683133,4,11,
5:0:3:3:3:2:0:0:6,1900.0,0.12356046018028961,275.8,604.3103540565164,812500.1748362421,0.2088888888888889,0.07515327109681055,6,11,
5:0:3:3:3:2:1:0:6,1916.0,0.1221712531346896,336.20000000000005,496.6531955305165,664176.6819071939,0.28888888888888886,0.1264236871135522,7,11,
5:0:3:3:3:2:2:0:6,1900.0,0.12019157161729774,290.6,513.710361389199,672792.5181982658,0.24,0.28296053962078993,6,11,
5:0:3:3:3:2:3:0:6,1884.0,0.1236342353090174,280.2,617.5702944528915,801425.8145078255,0.2311111111111111,0.33604987233362327,5,11,
5:0:3:3:3:2:4:0:6,1720.0,0.11420339100091674,323.6,525.9762975206268,662002.3437230106,0.28444444444444444,0.46956618196625194,5,10,
5:0:3:3:3:3:0:0:6,1900.0,0.12487875052559533,297.40000000000003,612.3718868258949,823510.7477008131,0.3111111111111111,0.07304651487249136,6,11,
5:0:3:3:3:3:1:1:6,1932.0,0.12158825216149774,300.8,502.9356736336992,672523.7856117741,0.3022222222222222,0.127155373869246,8,11,
5:0:3:3:3:3:2:0:6,1900.0,0.12173132144446044,336.40000000000003,502.55473250036016,658437.7965337082,0.3422222222222222,0.28053938112801824,6,11,
5:0:3:3:3:3:3:0:6,1884.0,0.12584168279840974,318.6,628.8378629642194,816673.6010444029,0.38222222222222224,0.33190105950353715,5,11,
5:0:3:3:3:3:4:0:6,1900.0,0.12156862654821626,329.80000000000007,505.49409733486596,647046.2973737145,0.3333333333333333,0.40289062809301285,6,11,
5:0:3:3:3:4:0:1:6,1768.0,0.11937947097367925,308.8,609.2380969077833,818073.8006978584,0.4222222222222222,0.08792988346499131,8,10,
5:0:3:3:3:4:1:1:6,1768.0,0.1187165780272439,301.19999999999993,601.9230056129883,806373.0182880893,0.4533333333333333,0.11022784897011981,8,10,
5:0:3:3:3:4:2:1:6,1768.0,0.11296602822190104,279.0,494.7356349927733,648331.7535259834,0.4,0.27920106444866716,8,10,
5:0:3:3:3:4:3:0:6,1720.0,0.11754455680305487,314.2,610.5525280687347,790520.7837907163,0.4488888888888889,0.34806692612406936,5,10,
5:0:3:3:3:4:4:0:6,1720.0,0.11186372630938794,278.20000000000005,518.7338419612284,655291.5237265425,0.4577777777777778,0.4562459013405362,5,10,
5:0:3:3:3:4:5:0:6,1852.0,0.12010981630810452,333.2,517.2708669323517,640639.9507077036,0.4533333333333333,0.5214544590858969,3,11,
5:0:3:3:3:5:1:1:6,1768.0,0.11933981358506159,301.00000000000006,616.1458056638858,825423.8996261954,0.5288888888888889,0.11026022481442638,8,10,
5:0:3:3:3:5:5:0:6,1688.0,0.11273817172539517,313.00000000000006,535.6088638213917,650483.9338636061,0.5066666666666667,0.5731358260609846,3,10,
5:0:3:3:4:3:0:0:6,1900.0,0.1263891173036398,306.20000000000005,637.5551393318951,857659.1290554464,0.32,0.06970403771989446,6,11,
5:0:3:3:4:4:0:0:6,1916.0,0.1261047011271651,286.20000000000005,635.1557753612148,854304.5664736201,0.4444444444444444,0.07121487288079519,7,11,
5:0:3:4:3:1:3:0:6,1852.0,0.12563828641696342,322.40000000000003,652.4614443816774,836498.6641385166,0.19555555555555557,0.3957914655867673,3,11,
5:0:3:4:3:2:3:0:7,2000.0,0.1299681858971447,275.40000000000003,648.8841826857558,834029.129975692,0.24444444444444444,0.3841229850400101,2,12,
5:0:3:4:4:1:0:0:6,1884.0,0.12932142874791,286.20000000000005,739.5321468279752,995524.490219582,0.15555555555555556,0.0626627449182721,5,11,
5:0:3:4:4:1:1:0:6,1868.0,0.12866528110772535,269.6,757.3688249238207,1006759.6533691031,0.19111111111111112,0.17774855226845504,4,11,
5:0:3:4:4:1:2:0:6,1868.0,0.1315245473295114,331.59999999999997,759.7023149140068,996971.4768262228,0.17333333333333334,0.27020066432273393,4,11,
5:0:3:4:4:1:3:0:6,1704.0,0.12221813237591024,301.00000000000006,744.9079784579804,972642.4683192235,0.19555555555555557,0.3012967104722527,4,10,
5:0:3:4:4:2:0:0:6,1752.0,0.12224835890727108,272.4,726.1880754135989,977069.2799795467,0.23555555555555555,0.06784014841502611,7,10,
5:0:3:4:4:2:1:0:6,1900.0,0.12867192430115212,332.40000000000003,662.7182967759225,878760.4286036488,0.26666666666666666,0.19727470280893822,6,11,
5:0:3:4:4:2:2:0:6,1884.0,0.12989158139218326,320.8,717.7605813241236,950807.8560239628,0.2222222222222222,0.2047997507002288,5,11,
5:0:3:4:4:2:3:0:6,1704.0,0.12156488393613973,306.0,725.2098885631437,946824.6558895018,0.28888888888888886,0.3019065946537769,4,10,
5:0:3:4:4:3:0:1:6,1768.0,0.12142384115756694,315.59999999999997,648.4364260452561,872636.0274487665,0.32,0.06572768761567789,8,10,
5:0:3:4:4:3:1:0:6,1720.0,0.12458279352274769,334.6,748.5128542618229,995543.7594537628,0.30666666666666664,0.1732225135651248,5,10,
5:0:3:4:4:3:2:0:6,1868.0,0.12752993554519118,336.6,664.8235497668015,869428.2455616379,0.31555555555555553,0.2919520306996505,4,11,
5:0:3:4:4:4:0:0:6,1752.0,0.12560906064688834,332.40000000000003,741.8038645549875,998689.6718436508,0.4444444444444444,0.061552753404525956,7,10,
5:0:3:5:5:0:2:0:6,1688.0,0.12763022867597928,306.00000000000006,877.6801452095344,1155712.1184482216,0.08444444444444445,0.24774675019699718,3,10,
5:0:3:5:5:1:0:0:6,1868.0,0.13448604520353322,328.80000000000007,829.136017079497,1117237.8293567852,0.16444444444444445,0.05244126378181812,4,11,
5:0:3:5:5:1:1:0:6,1704.0,0.12657870286341485,298.80000000000007,845.2208144268343,1123491.7971977333,0.15555555555555556,0.1780944884088675,4,10,
5:0:3:5:5:1:1:0:7,2000.0,0.1417895417575069,323.00000000000006,867.2646895439058,1155716.0020603023,0.17777777777777778,0.15721844709006913,2,12,
5:0:3:5:5:2:0:0:6,1720.0,0.12518528091881634,271.4000000000001,825.2688206733674,1111602.2252285366,0.2577777777777778,0.05645639285997056,5,10,
5:0:3:5:5:2:1:0:6,1720.0,0.12767937273029728,319.0,833.785886431689,1107406.4132285698,0.28,0.1844832093178959,5,10,
5:0:3:5:5:2:1:0:7,2000.0,0.14270803631430012,314.8,896.1308170717525,1196013.0136076356,0.28444444444444444,0.1440988898998964,2,12,
5:0:3:5:5:2:2:0:6,1852.0,0.13385946138086893,282.20000000000005,877.6378810695514,1156877.5678048602,0.28888888888888886,0.24049233271917755,3,11,
5:0:3:5:5:2:2:0:7,2000.0,0.14016471174010423,272.00000000000006,881.7060141523448,1161732.0379848327,0.2222222222222222,0.24351158650946175,2,12,
5:0:3:5:5:3:0:0:6,1736.0,0.12955651254139083,335.0,844.0215321812938,1134879.7523013675,0.32,0.0743894309750071,6,10,
5:0:3:5:5:3:1:0:6,1852.0,0.13619554246229537,325.6,886.799705401646,1182199.4800698329,0.3244444444444444,0.15398424946947797,3,11,
5:0:3:5:6:1:0:0:6,1704.0,0.13075974889626896,277.8,960.2943501660516,1294009.7102211933,0.19111111111111112,0.052117678241740906,4,10,
5:0:3:5:6:2:0:0:6,1720.0,0.1315161227913192,291.20000000000005,947.9127628046817,1276970.2509935312,0.2,0.055045598594549175,5,10,
5:0:3:6:6:0:0:0:6,1852.0,0.13921211391522076,300.00000000000006,980.2725630924668,1324410.6693931108,0.07111111111111111,0.02352873313497435,3,11,
5:0:3:6:6:0:0:0:7,2000.0,0.14683061086481938,290.0,1013.6887444584363,1370562.2326635446,0.08888888888888889,0.015268989078295228,2,12,
5:0:3:6:6:0:1:0:7,2000.0,0.14810449455032615,334.8,997.5511273823382,1333663.9212235238,0.09777777777777778,0.12889694242062225,2,12,
5:0:3:6:6:1:0:0:6,1852.0,0.13726828349903594,269.6,966.9363787283088,1305132.31419262,0.1111111111111111,0.03420575087536175,3,11,
5:0:3:6:6:1:0:0:7,2000.0,0.14809704374744515,310.0,1022.1834843175154,1381276.9634755952,0.14222222222222222,0.021566498145305684,2,12,
5:0:3:6:6:1:1:0:6,1852.0,0.13769110166104231,283.20000000000005,962.8497873734518,1284158.128716024,0.13333333333333333,0.1501543483111303,3,11,
5:0:3:6:6:2:0:0:6,1720.0,0.13405380601904981,328.8,967.4106354286209,1305429.1651680218,0.28444444444444444,0.0370756912126025,5,10,
5:0:3:6:6:2:2:0:6,1836.0,0.13837707013989314,282.20000000000005,995.2840781475961,1315499.263086096,0.2222222222222222,0.22134820158543372,2,11,
5:0:3:6:6:3:0:0:6,1868.0,0.14038312173025316,321.59999999999997,969.0202389306965,1306714.0788199634,0.3111111111111111,0.04440843113843629,4,11,
5:0:3:6:7:0:0:0:6,1688.0,0.13879489350477708,318.6000000000001,1116.2851038574843,1508828.1013243229,0.057777777777777775,0.01864542836122282,3,10,
5:0:3:6:7:0:0:0:7,1984.0,0.15176525476535566,326.6000000000001,1104.118232220502,1493625.5781910215,0.04,0.009163576445857566,1,12,
5:0:3:6:7:1:0:0:6,1852.0,0.1466220463189395,329.8,1117.1960421761387,1509909.349499578,0.14222222222222222,0.019765517442035974,3,11,
5:0:3:7:7:0:0:0:6,1820.0,0.15024087252176785,328.6,1231.819631739777,1666513.6267709627,0.04,0.008220740498692185,1,11,
5:0:3:7:7:0:0:0:7,1984.0,0.15198512430058972,302.80000000000007,1132.8652967632684,1533325.3097010904,0.09333333333333334,0.0030430172500620425,1,12,
5:0:3:7:7:1:0:0:6,1852.0,0.14688381803269607,323.19999999999993,1129.6859057356617,1528315.7105822251,0.11555555555555555,0.00838991805389714,3,11,
5:0:3:7:8:0:0:0:6,1836.0,0.15291252300525415,337.6,1266.9317676182186,1714050.0568833149,0.04,0.00799457411706676,2,11,
5:0:4:0:0:6:7:1:6,1800.0,0.10084856972706085,348.00000000000006,121.09281885886887,124310.77632929468,0.6444444444444445,0.7885817016275899,10,10,
5:0:4:1:1:4:6:1:6,1932.0,0.11342105460026015,384.80000000000007,235.1737285058534,279809.9063773246,0.49333333333333335,0.6173204089564552,8,11,
5:0:4:1:1:5:6:1:6,1784.0,0.10611471549244159,379.59999999999997,223.98109857993566,263680.67658426944,0.5511111111111111,0.6370421291056152,9,10,
5:0:4:2:2:2:1:1:6,1768.0,0.11495164667873622,348.8,469.61205027156484,626356.9956195956,0.26666666666666666,0.1497051105138412,8,10,
5:0:4:2:2:2:4:0:6,1752.0,0.10881293554573188,344.4,351.89104977896693,442119.046775857,0.25333333333333335,0.4757152756101409,7,10,
5:0:4:2:2:3:1:1:6,1932.0,0.12214951684601215,354.0,462.36412903527355,617030.2039241301,0.35555555555555557,0.14494297288054414,8,11,
5:0:4:2:2:3:3:1:6,1768.0,0.11030598515936457,369.99999999999994,343.884666085703,442212.41713226645,0.36444444444444446,0.38191895540189996,8,10,
5:0:4:2:2:3:4:0:6,1752.0,0.11021218642628197,350.4,377.3741945913445,476159.1056229534,0.35555555555555557,0.46056813210626835,7,10,
5:0:4:2:2:3:5:0:6,1736.0,0.1116015391846573,382.79999999999995,392.2346316547892,483212.2796903587,0.3022222222222222,0.5365426690903433,6,10,
5:0:4:2:2:4:4:1:6,1784.0,0.11060066155223222,368.2,336.3148849252251,430430.2014285069,0.49777777777777776,0.40352617088232184,9,10,
5:0:4:2:2:5:4:1:6,1768.0,0.11314228429361352,400.60000000000014,377.101396606304,472711.75862024055,0.6,0.48352770101453185,8,10,
5:0:4:2:3:2:1:0:6,1916.0,0.12224267260899097,351.20000000000005,483.2601337022969,645695.1135507947,0.2577777777777778,0.13434416510714975,7,11,
5:0:4:2:3:3:1:1:6,1784.0,0.11690476780410367,359.6,486.75727559233263,649491.1067803355,0.3466666666666667,0.14617084341666606,9,10,
5:0:4:3:2:2:3:0:6,1736.0,0.1170125493460633,401.4,495.3823602864242,637443.5402956377,0.2577777777777778,0.3788375655123536,6,10,
5:0:4:3:2:3:4:0:6,1736.0,0.11589985612507536,368.2,503.54676281419603,631863.609944994,0.3511111111111111,0.48005039355531665,6,10,
5:0:4:3:2:4:4:0:6,1900.0,0.12200398858914756,354.6,490.4897432558201,627875.9770607585,0.4088888888888889,0.40263991135339733,6,11,
5:0:4:3:2:4:5:0:6,1720.0,0.11472495209719426,356.6,504.71142218687095,618627.6651543194,0.4088888888888889,0.5501913342583207,5,10,
5:0:4:3:3:1:0:0:6,1916.0,0.12802616367989017,340.99999999999994,623.5886827975286,837915.5396943311,0.16444444444444445,0.08118103628967209,7,11,
5:0:4:3:3:1:2:0:6,1884.0,0.12764076972000876,361.19999999999993,626.7173187001973,829012.041999603,0.18222222222222223,0.21552531491525415,5,11,
5:0:4:3:3:1:3:0:6,1720.0,0.12073072412682426,369.40000000000003,627.0412928535457,815497.3532421653,0.18222222222222223,0.3240870513685509,5,10,
5:0:4:3:3:1:4:0:6,1852.0,0.12558110661008007,338.6,634.9748987268017,811150.2376103984,0.18222222222222223,0.411653539135748,3,11,
5:0:4:3:3:2:0:0:6,1916.0,0.1300131975883711,400.8,608.4969457383497,816449.1888342168,0.2088888888888889,0.09543265455137491,7,11,
5:0:4:3:3:2:1:0:6,1916.0,0.12828859855535493,386.8,583.6934674954861,780199.5815126202,0.20444444444444446,0.13076367504442069,7,11,
5:0:4:3:3:2:2:0:6,1884.0,0.12913850085863432,389.8,631.8162693192722,836463.8465701849,0.2222222222222222,0.20924686240973744,5,11,
5:0:4:3:3:2:3:0:6,1884.0,0.12305784514007669,361.00000000000006,523.8015156517254,675869.8497329513,0.2577777777777778,0.3655047098566989,5,11,
5:0:4:3:3:2:4:0:6,1884.0,0.1242072182092157,387.2,523.4624097073535,662027.2799419982,0.26666666666666666,0.45194270108388224,5,11,
5:0:4:3:3:2:5:0:6,1704.0,0.11445692967510676,352.40000000000003,518.8809176899024,640189.9392330962,0.28444444444444444,0.5323808720567507,4,10,
5:0:4:3:3:3:0:0:6,1916.0,0.12990544943700555,405.2,601.672612332625,807842.2075721237,0.31555555555555553,0.08881333161291884,7,11,
5:0:4:3:3:3:1:1:6,1932.0,0.12437984761874893,368.20000000000005,498.3465714218511,665488.2495796919,0.3466666666666667,0.13917889064015765,8,11,
5:0:4:3:3:3:2:0:6,1900.0,0.12824861792595058,406.4,579.193903333888,762262.9911447872,0.31555555555555553,0.2513750270742665,6,11,
5:0:4:3:3:3:3:0:6,1720.0,0.12053795433051212,394.6000000000001,597.5039724365229,773309.4047370342,0.3466666666666667,0.35018871903756593,5,10,
5:0:4:3:3:3:4:0:6,1752.0,0.11613687207133887,358.6000000000001,502.47962160512435,643092.3134457305,0.37777777777777777,0.40354423608896545,7,10,
5:0:4:3:3:4:0:0:6,1752.0,0.12203984637096195,392.4,601.4965433466438,807536.5745839775,0.4444444444444444,0.08965230589047124,7,10,
5:0:4:3:3:4:1:0:6,1752.0,0.11991796979835047,345.40000000000003,600.7543204628854,805015.4316505225,0.47555555555555556,0.10780193309299586,7,10,
5:0:4:3:3:4:2:0:6,1752.0,0.12055921812330198,343.0,617.5824077742943,814710.5243557275,0.4088888888888889,0.23508737464824914,7,10,
5:0:4:3:3:4:3:0:6,1720.0,0.12193240124791227,389.8,633.6790280780261,822921.1098374843,0.4311111111111111,0.33216377195356556,5,10,
5:0:4:3:3:4:4:0:6,1868.0,0.12096465823889335,346.4,507.30481037510043,640639.9507077036,0.4533333333333333,0.4574805158538431,4,11,
5:0:4:3:3:5:3:0:6,1900.0,0.12240613226155383,338.6,515.5379758849614,663645.6846844977,0.5244444444444445,0.37692445384056905,6,11,
5:0:4:4:3:1:3:0:6,1884.0,0.12806864470546914,345.80000000000007,651.7445058730555,850201.435015867,0.16444444444444445,0.30679417032238654,5,11,
5:0:4:4:3:2:3:0:6,1852.0,0.12955127953863044,403.00000000000006,659.903789619185,848069.3081366068,0.26222222222222225,0.38480368036567864,3,11,
5:0:4:4:4:1:0:0:6,1752.0,0.12541262839572095,353.8,715.9841389037214,962760.3180348943,0.18666666666666668,0.07396026636149435,7,10,
5:0:4:4:4:1:1:0:6,1868.0,0.13452422197194872,396.4000000000001,762.3949943688457,1015407.8973572569,0.18666666666666668,0.16183971060427746,4,11,
5:0:4:4:4:1:2:0:6,1720.0,0.1280823644588638,403.80000000000007,758.0532003244358,994127.0521192742,0.16444444444444445,0.27457333258300065,5,10,
5:0:4:4:4:1:3:0:6,1720.0,0.12672179401445569,393.19999999999993,738.0403653252536,963782.6144731748,0.19111111111111112,0.30063651631574434,5,10,
5:0:4:4:4:2:0:0:6,1884.0,0.13127598786246378,344.4,725.309726905435,977688.0967223855,0.23555555555555555,0.048611552044272366,5,11,
5:0:4:4:4:2:1:0:6,1752.0,0.12702695436066372,396.80000000000007,709.3064731149336,950360.9689015626,0.22666666666666666,0.10894094222381531,7,10,
5:0:4:4:4:2:2:0:6,1868.0,0.13085132419516013,358.4,717.7547943911026,950826.4072751497,0.28,0.2045912090873685,4,11,
5:0:4:4:4:2:2:0:7,2000.0,0.14013081066188088,355.59999999999997,797.3432398923202,1049849.2632070938,0.27111111111111114,0.2482442834252646,2,12,
5:0:4:4:4:2:3:0:6,1868.0,0.13407987597389712,394.59999999999997,754.1972094126849,984652.8735269993,0.21333333333333335,0.3020101833435614,4,11,
5:0:4:4:4:3:0:0:6,1884.0,0.13210714728792422,346.00000000000006,742.4108139782946,1000736.831206762,0.32,0.04864170802142786,5,11,
5:0:4:4:4:3:1:0:6,1752.0,0.12623191557418467,368.0,720.2181004191552,965615.1529646642,0.38222222222222224,0.10273205583598677,7,10,
5:0:4:4:4:3:2:0:6,1704.0,0.12575361509874572,406.0,719.4563397217792,939673.879978208,0.3288888888888889,0.29962781962952567,4,10,
5:0:4:4:4:3:3:0:6,1720.0,0.12192764211983402,368.8,654.5719476962654,852740.7165458167,0.3111111111111111,0.31456889335410415,5,10,
5:0:4:4:4:3:3:0:7,2000.0,0.13873988310701876,364.2,757.4473699079222,977915.1333770333,0.3022222222222222,0.36262045068574955,2,12,
5:0:4:4:4:4:0:0:6,1736.0,0.1273237133751833,396.00000000000006,732.7835509416243,985980.1151120176,0.4177777777777778,0.06745844675375912,6,10,
5:0:4:4:4:4:2:0:6,1868.0,0.13482277836068202,398.2000000000001,767.312513115345,1007889.1651569257,0.41333333333333333,0.26421573282161054,4,11,
5:0:4:4:4:4:3:0:6,1704.0,0.1255998918605978,358.0,763.9975668634504,989126.9485259103,0.4266666666666667,0.34842830836083954,4,10,
5:0:4:5:5:0:1:0:6,1852.0,0.1388165280084928,391.59999999999997,879.7718801910881,1174401.3011472751,0.09333333333333334,0.1424552058648466,3,11,
5:0:4:5:5:1:0:0:6,1868.0,0.13630770647198498,359.79999999999995,839.1233956196623,1132581.453473553,0.17777777777777778,0.034533988170794096,4,11,
5:0:4:5:5:1:1:0:6,1852.0,0.1364671625125196,360.6,857.9111565316912,1144505.4258352895,0.16444444444444445,0.14786579382569892,3,11,
5:0:4:5:5:1:1:0:7,2000.0,0.14356599182554983,365.8,864.434816074871,1152070.9414603992,0.1111111111111111,0.15629387222001714,2,12,
5:0:4:5:5:1:2:0:6,1704.0,0.13360899840805832,404.40000000000003,897.8024641813117,1182754.534311385,0.19111111111111112,0.24459264036938322,4,10,
5:0:4:5:5:2:0:0:6,1720.0,0.131418684156086,398.40000000000003,838.520393511935,1130061.8283212562,0.25333333333333335,0.0507682211099022,5,10,
5:0:4:5:5:2:1:0:6,1704.0,0.12792994149991624,339.0,835.4236837481152,1111204.203816324,0.2577777777777778,0.17273484625812768,4,10,
5:0:4:5:5:2:2:0:6,1852.0,0.13733667765626023,396.79999999999995,841.2752472658551,1105650.6888344674,0.24,0.2606012657998029,3,11,
5:0:4:5:5:3:0:0:6,1720.0,0.13114202258670613,370.20000000000005,860.4955082008879,1158918.8849873506,0.39555555555555555,0.05764915284297945,5,10,
5:0:4:5:5:3:1:0:6,1704.0,0.1297148311888098,351.0,863.5837017482206,1150496.9330280875,0.3288888888888889,0.15951487324599165,4,10,
5:0:4:5:5:3:2:0:6,1704.0,0.1309557947219365,379.40000000000003,863.1053812435714,1136331.8546304302,0.37777777777777777,0.24887426253037873,4,10,
5:0:4:5:5:4:0:0:6,1736.0,0.13327671424778983,405.8,856.9260705752711,1154049.9878468006,0.4177777777777778,0.05820598036633624,6,10,
5:0:4:5:5:4:2:0:6,1704.0,0.13055279945791065,349.6,883.8379878029903,1164977.1867619862,0.41333333333333333,0.24092756093625559,4,10,
5:0:4:5:6:1:0:0:6,1852.0,0.14245741186017402,400.6,952.6917668539152,1285790.0233336561,0.1288888888888889,0.035187863059446656,3,11,
5:0:4:5:6:3:0:0:6,1720.0,0.1343692732629047,344.0,959.3086484153558,1292385.4354609202,0.3511111111111111,0.05453072055648327,5,10,
5:0:4:6:6:0:0:0:6,1852.0,0.14173974299454276,364.20000000000005,972.9442173772122,1314352.6573673238,0.07111111111111111,0.024861809262150925,3,11,
5:0:4:6:6:0:0:0:7,2000.0,0.1492150641795558,342.99999999999994,1014.3389440400055,1370992.1517527003,0.08444444444444445,0.018977069219889304,2,12,
5:0:4:6:6:1:0:0:6,1852.0,0.14155472598991942,363.40000000000003,969.5813347731868,1309436.5286457634,0.18222222222222223,0.028029266708048395,3,11,
5:0:4:6:6:1:1:0:6,1688.0,0.13624911554940436,379.2,998.4050998615979,1336361.193705027,0.11555555555555555,0.11830449752635462,3,10,
5:0:4:6:6:2:0:0:6,1720.0,0.13517849337847412,355.0,966.5161010156681,1302723.5714571108,0.27111111111111114,0.049434948858186376,5,10,
5:0:4:6:6:2:1:0:6,1688.0,0.13533171976044697,360.2000000000001,996.7636946100564,1333824.5345420744,0.26666666666666666,0.12064090907649284,3,10,
5:0:4:6:6:2:2:0:6,1820.0,0.1434246835198736,381.2,1025.8553791971567,1342920.7328462126,0.26666666666666666,0.2857934293675609,1,11,
5:0:4:6:7:0:1:0:6,1820.0,0.14863629920500218,404.4,1119.9167321125492,1499144.1185947016,0.09777777777777778,0.11744393770440362,1,11,
5:0:4:6:7:1:0:0:6,1688.0,0.1415399580187947,394.00000000000006,1102.6490554228808,1490083.9378812078,0.11555555555555555,0.02101027798148988,3,10,
5:0:4:7:7:0:0:0:6,1836.0,0.149517774280068,395.59999999999997,1132.5499213015298,1531720.8951558445,0.08,0.011905916554277245,2,11,
5:0:4:7:7:0:0:0:7,1984.0,0.15564216031028252,388.6,1129.3486069813573,1528564.2527655803,0.09333333333333334,0.0030524664794868324,1,12,
5:0:4:7:7:1:0:0:6,1688.0,0.14185051344606386,379.2000000000001,1124.4365525364367,1518996.3009527575,0.19555555555555557,0.02491841566258552,3,10,
5:0:4:7:7:1:0:0:7,2000.0,0.15728884680110652,407.20000000000005,1131.7990530248974,1529893.372992871,0.13777777777777778,0.017938025348019675,2,12,
5:0:4:7:7:1:1:0:6,1836.0,0.14962726399751514,407.4,1123.2134399440904,1502659.1781118955,0.1511111111111111,0.12291772340041868,2,11,
5:0:4:8:8:0:0:0:6,1804.0,0.15625772589349585,364.0,1347.7988326036564,1824712.2656787962,0.0,0.0,0,11,
5:0:4:9:9:0:0:0:6,1804.0,0.1629700989977138,396.00000000000006,1466.827227448561,1985858.400238052,0.0,0.0,0,11,
5:0:5:0:0:4:8:0:6,1752.0,0.1049404358490863,459.20000000000005,149.95980660444152,139419.60941338216,0.4622222222222222,0.8422093839325131,7,10,
5:0:5:1:1:3:6:1:6,1768.0,0.1105582208431556,464.00000000000006,255.55996897100115,295747.3264121022,0.3466666666666667,0.6652827171785314,8,10,
5:0:5:1:1:4:6:0:6,1752.0,0.1072851548976057,417.6000000000001,244.31598519612848,279809.9063773246,0.49333333333333335,0.6805820096007177,7,10,
5:0:5:1:1:4:7:0:6,1884.0,0.11419478422932841,413.00000000000006,272.3826451598894,303932.5515195666,0.47555555555555556,0.7139358177333546,5,11,
5:0:5:2:2:2:4:0:6,1900.0,0.11961657278532507,421.00000000000006,370.3728876698143,467302.40564991615,0.23555555555555555,0.46074526683476535,6,11,
5:0:5:2:2:3:4:0:6,1752.0,0.11851747487809304,431.8,482.8431847570933,617509.2026689036,0.36444444444444446,0.4067474569556088,7,10,
5:0:5:2:2:4:4:0:6,1752.0,0.11832951273947181,435.4000000000001,475.01403663811584,606448.1725929505,0.4444444444444444,0.41418815880819687,7,10,
5:0:5:3:2:2:4:0:6,1868.0,0.12588919330757187,465.20000000000005,499.3068494203668,624875.1833244939,0.25333333333333335,0.48900347519607007,4,11,
5:0:5:3:2:3:4:0:6,1884.0,0.12496574818423599,432.2,495.52933414530963,633536.1659831713,0.31555555555555553,0.4081024514833176,5,11,
5:0:5:3:2:4:4:0:6,1736.0,0.11741367167686494,410.6,495.2076127294613,620869.1403040101,0.4,0.4829489179284161,6,10,
5:0:5:3:2:4:5:0:6,1868.0,0.1251977417887722,440.40000000000003,508.5491902473742,623875.062316102,0.4311111111111111,0.5479022090046937,4,11,
5:0:5:3:3:1:1:0:6,1900.0,0.13004975572973362,425.40000000000003,600.7195039190066,805204.9820267499,0.16,0.10503308951071928,6,11,
5:0:5:3:3:1:2:0:6,1884.0,0.1315297068678423,463.40000000000003,612.0184045264511,807831.4225554211,0.19555555555555557,0.23105805203297516,5,11,
5:0:5:3:3:2:0:0:6,1752.0,0.12468768713997003,427.2,626.272960649326,841358.5053993018,0.2311111111111111,0.08311560825268609,7,10,
5:0:5:3:3:2:1:0:6,1916.0,0.12995049948948328,417.40000000000003,590.4862385133736,791337.9630960982,0.27555555555555555,0.10682772618578334,7,11,
5:0:5:3:3:2:2:0:6,1900.0,0.1264483223386829,445.0,500.08725262036523,655499.3034658142,0.25333333333333335,0.27771818350258015,6,11,
5:0:5:3:3:2:3:0:6,1868.0,0.12962349431815406,420.20000000000005,628.3286221584666,816623.2421012615,0.24888888888888888,0.3278028161544709,4,11,
5:0:5:3:3:2:4:0:6,1704.0,0.12430652769335766,449.2,643.6968731005478,824212.880066588,0.22666666666666666,0.40147813553897005,4,10,
5:0:5:3:3:3:1:1:6,1768.0,0.12358919752770166,438.0,574.7569443732875,768975.2361879301,0.3022222222222222,0.12228958406091976,8,10,
5:0:5:3:3:3:2:0:6,1900.0,0.1290033326120916,419.4000000000001,583.1749837720611,766323.5622407818,0.35555555555555557,0.2616094758483343,6,11,
5:0:5:3:3:3:3:0:6,1884.0,0.12671228350894856,455.8,511.2263789513427,658548.0714948816,0.32,0.3736235485801509,5,11,
5:0:5:3:3:3:4:0:6,1704.0,0.12180540199639013,414.0,622.6215449187779,794578.1973833969,0.30666666666666664,0.4158967325979725,4,10,
5:0:5:3:3:4:1:0:6,1752.0,0.12450508951910423,431.6000000000001,617.7645141798453,827952.1549033676,0.40444444444444444,0.10617456128660215,7,10,
5:0:5:3:3:4:2:0:6,1752.0,0.12576384464305218,470.00000000000006,607.6865044686735,798065.8106903869,0.4088888888888889,0.2654371860062521,7,10,
5:0:5:3:4:2:2:0:6,1884.0,0.13102308204887236,420.0,644.0193460996279,853158.8834062772,0.22666666666666666,0.2044889317337979,5,11,
5:0:5:4:3:3:3:0:6,1852.0,0.12993882056601794,418.80000000000007,652.8234627354034,838472.8892653655,0.30666666666666664,0.38755744668319136,3,11,
5:0:5:4:3:3:5:0:6,1688.0,0.12362068228061125,429.40000000000003,664.0653513137531,824170.1840579371,0.3511111111111111,0.5152436813282419,3,10,
5:0:5:4:4:0:2:0:7,2000.0,0.14253103492720076,424.4,782.548285862017,1027398.6661412749,0.08888888888888889,0.2673992366094731,2,12,
5:0:5:4:4:1:0:0:6,1736.0,0.12845852251134388,437.20000000000005,717.1167565052369,964274.233093712,0.18222222222222223,0.07405536448495059,6,10,
5:0:5:4:4:1:1:0:6,1868.0,0.1357336616113204,420.8,765.2073862547088,1017450.8059529085,0.16444444444444445,0.17559338113265666,4,11,
5:0:5:4:4:1:2:0:6,1852.0,0.1347714726983131,422.20000000000005,758.1581357120449,995764.7329084213,0.19555555555555557,0.2648699223625478,3,11,
5:0:5:4:4:2:0:0:6,1884.0,0.13487923226473986,433.80000000000007,716.9827259566466,963266.9503917975,0.24,0.08264659658683086,5,11,
5:0:5:4:4:2:1:0:6,1720.0,0.12790948332461582,442.6,715.3633748038565,948711.359565061,0.2311111111111111,0.19610563564952654,5,10,
5:0:5:4:4:2:2:0:6,1720.0,0.12722659748379953,435.2,707.3984433854896,936203.5596035399,0.28444444444444444,0.2118259707124958,5,10,
5:0:5:4:4:2:2:0:7,2000.0,0.14133074464654222,412.40000000000003,767.5417545472003,1005013.9852818366,0.20444444444444446,0.2842860162428472,2,12,
5:0:5:4:4:2:3:0:6,1704.0,0.12928824108558828,466.00000000000006,738.9854244257369,964339.358066335,0.24,0.3047792124922413,4,10,
5:0:5:4:4:3:0:0:6,1900.0,0.13714243226945683,458.79999999999995,726.9047260627785,977909.5857665942,0.3022222222222222,0.06913475485861431,6,11,
5:0:5:4:4:3:2:0:6,1720.0,0.12751513165498327,414.80000000000007,734.2904622371235,973295.770049371,0.38666666666666666,0.20018175403954644,5,10,
5:0:5:4:4:3:3:0:6,1704.0,0.12749462485039456,418.20000000000005,746.4290591338779,974643.4578190326,0.3111111111111111,0.30120627297156416,4,10,
5:0:5:4:4:4:4:0:6,1688.0,0.12997734051617718,453.80000000000007,782.6901616139869,1001729.3838905676,0.4088888888888889,0.40348671498906113,3,10,
5:0:5:5:5:1:0:0:6,1736.0,0.13336044048528253,441.8,822.8099109188568,1108044.9661211397,0.14222222222222222,0.05876762535956559,6,10,
5:0:5:5:5:1:1:0:6,1720.0,0.13445712894323866,453.6000000000001,851.6854012228699,1134408.5359715957,0.14222222222222222,0.16126638449879754,5,10,
5:0:5:5:5:1:1:0:7,2000.0,0.14758290276709857,431.59999999999997,889.0153122597176,1186913.4163219691,0.17777777777777778,0.14118052256502936,2,12,
5:0:5:5:5:1:2:0:7,1984.0,0.14868562801933383,478.4000000000001,883.0266304350107,1165989.294741711,0.12,0.22836148533289052,1,12,
5:0:5:5:5:2:0:0:6,1720.0,0.13409157108279507,469.0000000000001,828.060349362889,1114325.2677016149,0.21333333333333335,0.06610006256749638,5,10,
5:0:5:5:5:2:1:0:6,1720.0,0.13236865752987134,424.8,833.4947944221054,1107274.9660256305,0.24,0.18265123422699364,5,10,
5:0:5:5:5:2:2:0:6,1852.0,0.14026518690751344,415.79999999999995,888.1667054190522,1173122.9414547496,0.28,0.2262462805874151,3,11,
5:0:5:5:5:2:3:0:6,1688.0,0.13409399803900904,474.80000000000007,854.3149558777029,1107174.1577000758,0.24,0.34315155512537815,3,10,
5:0:5:5:5:3:0:0:6,1720.0,0.1325507988541517,418.8,843.5929742184123,1134800.0955737317,0.32,0.06995162501335311,5,10,
5:0:5:5:5:3:1:0:6,1720.0,0.13235445358920916,421.59999999999997,836.3752057572063,1110631.1993820716,0.3333333333333333,0.186010519579633,5,10,
5:0:5:5:5:4:0:0:6,1736.0,0.13448446347261306,430.20000000000005,859.7004281337937,1157806.0411568007,0.4177777777777778,0.05802811086507058,6,10,
5:0:5:5:6:1:0:0:6,1720.0,0.13940293985271093,466.2,950.3661466859963,1281357.0148141165,0.17333333333333334,0.04609813574250372,5,10,
5:0:5:6:6:0:0:0:6,1852.0,0.14412478642998192,421.20000000000005,969.607694674593,1308489.6708793116,0.07111111111111111,0.03627830216866684,3,11,
5:0:5:6:6:0:0:0:7,2000.0,0.1521908992357516,453.59999999999997,970.6952328044114,1310986.3453246462,0.08888888888888889,0.027644731898432,2,12,
5:0:5:6:6:0:1:0:6,1836.0,0.14649544316465055,450.6000000000001,1009.5474712046368,1351234.3704038926,0.07555555555555556,0.11858248060348271,2,11,
5:0:5:6:6:1:0:0:6,1704.0,0.13824528008522705,435.20000000000005,971.3188019176088,1310478.7127143994,0.18666666666666668,0.03893381139248181,4,10,
5:0:5:6:6:1:0:0:7,2000.0,0.15419284307107217,468.80000000000007,1000.5389690991237,1352168.097821426,0.10222222222222223,0.020408416842709907,2,12,
5:0:5:6:6:1:1:0:6,1688.0,0.13883262534249136,464.0000000000001,971.7340702060555,1297490.5326640066,0.1511111111111111,0.14023310537020428,3,10,
5:0:5:6:6:1:1:0:7,2000.0,0.15442006583781295,463.6,1010.8514813507916,1352051.9542861874,0.1511111111111111,0.12484669562345842,2,12,
5:0:5:6:6:2:0:0:6,1704.0,0.13796722877202885,420.6,979.662647370649,1320757.097943585,0.24444444444444444,0.04690459012547314,4,10,
5:0:5:6:6:2:1:0:6,1688.0,0.13821344813175312,429.59999999999997,992.2025829644456,1326784.4165610643,0.26666666666666666,0.1270555906314313,3,10,
5:0:5:6:6:2:2:0:6,1688.0,0.13720633115517003,411.8,987.3424509913256,1304804.9466139139,0.24,0.22244707719858164,3,10,
5:0:5:6:6:3:0:0:6,1704.0,0.14010492328641036,477.0,971.360773944233,1309104.623844664,0.31555555555555553,0.05064093011572214,4,10,
5:0:5:6:6:3:2:0:6,1688.0,0.14118404864425116,463.0,1025.641094495651,1358529.4204454997,0.36444444444444446,0.20548730575208143,3,10,
5:0:5:6:7:0:0:0:7,1984.0,0.1585789907690908,475.0,1109.027292304543,1499447.3159246366,0.04888888888888889,0.015403914179901649,1,12,
5:0:5:6:7:0:1:0:6,1836.0,0.15134327782635876,453.2000000000001,1116.0237510930717,1494057.6271703627,0.09777777777777778,0.1166737763518278,2,11,
5:0:5:6:7:1:0:0:6,1852.0,0.15128812550544993,441.3999999999999,1110.582823872623,1499007.6839729685,0.16,0.034299911450884096,3,11,
5:0:5:6:7:1:1:0:6,1836.0,0.1502179351438745,426.0,1117.9035407371762,1497032.8388592398,0.12,0.1138360483141468,2,11,
5:0:5:6:7:2:1:0:6,1688.0,0.14554206350343707,469.2,1117.496428827334,1496443.8464729362,0.2577777777777778,0.11410791032311408,3,10,
5:0:5:7:7:0:0:0:6,1820.0,0.15498262957293232,438.20000000000005,1228.9091653909768,1663052.816745256,0.02666666666666667,0.0049084183836595584,1,11,
5:0:5:7:7:0:0:0:7,1984.0,0.15690742227494206,411.6,1134.8170011861966,1535716.5182276114,0.057777777777777775,0.00493608823036612,1,12,
5:0:5:7:7:1:0:0:7,2000.0,0.15783984171284393,413.8,1137.5964385389877,1538239.3490977013,0.18666666666666668,0.014180771818451208,2,12,
5:0:5:7:7:2:0:0:6,1688.0,0.1509570352026688,459.8,1248.7332920600472,1687339.2693737661,0.21777777777777776,0.022062003379739126,3,10,
5:0:5:7:7:2:1:0:6,1836.0,0.15089377130668694,433.0,1126.1098544004562,1508807.6743186503,0.20444444444444446,0.10897429014092658,2,11,
5:0:5:7:8:1:0:0:6,1836.0,0.15747999819429817,447.8,1259.4999593717089,1703277.961917385,0.18666666666666668,0.012824351333249686,2,11,
5:0:5:9:9:0:0:0:6,1804.0,0.1658881657565229,434.6000000000001,1493.8837295217654,2022488.74150639,0.0,0.0,0,11,
5:0:6:2:2:4:6:0:6,1720.0,0.11607292779633221,491.0,400.6408754174749,462771.2685816423,0.4,0.6681451158014026,5,10,
5:0:6:3:2:4:5:0:6,1720.0,0.12010172760818852,480.6000000000001,501.6888711842416,612744.3686282411,0.4622222222222222,0.5592994040208521,5,10,
5:0:6:3:3:2:3:0:6,1720.0,0.1291000747603433,546.0,638.751682107724,831431.881961979,0.24,0.3193384092060203,5,10,
5:0:6:3:3:2:4:0:6,1868.0,0.13312007745709392,495.80000000000007,631.4017427846128,804467.3897626855,0.2577777777777778,0.42274259021795213,4,11,
5:0:6:3:3:3:3:0:6,1720.0,0.12760143591923415,519.2,631.8323081827684,820895.3542714663,0.39111111111111113,0.3296862525537848,5,10,
5:0:6:3:3:4:3:0:6,1736.0,0.12691683382928662,502.80000000000007,616.8287611589485,798065.8106903869,0.4088888888888889,0.3518317777058613,6,10,
5:0:6:4:3:3:5:0:6,1688.0,0.12565317301613768,480.40000000000003,658.7963928630977,817033.5462037785,0.30666666666666664,0.5174265151125897,3,10,
5:0:6:4:4:1:1:0:6,1868.0,0.1367301785786618,479.2,729.2290180198906,966920.2473025864,0.18666666666666668,0.1975372670807927,4,11,
5:0:6:4:4:1:2:0:6,1852.0,0.13718209243798685,479.6,754.9970798547043,990763.3657081986,0.14222222222222222,0.27041695469084054,3,11,
5:0:6:4:4:1:3:0:6,1852.0,0.13830155221681298,495.0,764.7849248782924,989509.7546565961,0.19555555555555557,0.3517527647960068,3,11,
5:0:6:4:4:2:1:0:6,1752.0,0.13178651747892986,510.2,702.9966432759218,942524.0537542775,0.21777777777777776,0.10275065841112525,7,10,
5:0:6:4:4:2:2:0:6,1852.0,0.137157294443594,493.00000000000006,741.039124980865,972754.1971758051,0.25333333333333335,0.2683802363038404,3,11,
5:0:6:4:4:2:3:0:6,1852.0,0.13692176497174025,502.8,725.9397118641552,948050.4584671066,0.25333333333333335,0.3002001356254753,3,11,
5:0:6:4:4:2:4:0:6,1836.0,0.13797726960136833,483.0,785.4885660307875,1004878.2190769232,0.28,0.40537707585157,2,11,
5:0:6:4:4:3:2:0:6,1704.0,0.13022416182551738,485.8,740.2436410741407,967271.5839261663,0.32,0.2968638499106971,4,10,
5:0:6:4:4:3:3:0:6,1868.0,0.13847498836742853,523.8,723.8872382671414,944798.9690338046,0.3511111111111111,0.30377181794069597,4,11,
5:0:6:4:4:4:4:0:6,1688.0,0.1307756728696378,507.4,747.0526395668504,949493.7453916448,0.4444444444444444,0.4327081856662941,3,10,
5:0:6:5:5:1:0:0:6,1720.0,0.1360018222128886,489.2,850.8409997899937,1146855.5901166901,0.19555555555555557,0.04901547954069141,5,10,
5:0:6:5:5:1:2:0:6,1688.0,0.13767924084224384,543.8,865.9829189504862,1139446.3208900515,0.14222222222222222,0.2528680407011383,3,10,
5:0:6:5:5:2:0:0:6,1736.0,0.13893580276824977,531.4,858.6555622856198,1155551.1650289998,0.2577777777777778,0.06562225275415509,6,10,
5:0:6:5:5:2:1:0:6,1868.0,0.1439596075121032,504.2000000000001,866.8911690223223,1154089.6956883906,0.2,0.16539432858734404,4,11,
5:0:6:5:5:2:2:0:6,1704.0,0.13992777281036287,546.8000000000001,897.5748882331646,1185527.3246574567,0.24888888888888888,0.2263812340092811,4,10,
5:0:6:5:5:2:3:0:6,1688.0,0.1350160077402234,487.2000000000001,862.6601741550262,1122828.167875025,0.2311111111111111,0.31961179247147414,3,10,
5:0:6:5:5:3:2:0:6,1688.0,0.13748136963427593,549.4,855.9308167712085,1123979.125893104,0.3244444444444444,0.2660291322673189,3,10,
5:0:6:5:5:3:3:0:6,1688.0,0.13750527596061987,504.00000000000006,901.8687091139474,1177488.860675362,0.35555555555555557,0.30180247519677705,3,10,
5:0:6:6:6:0:1:0:7,2000.0,0.15492537194629685,512.6,973.2208687916792,1302371.592125185,0.08,0.1202822336414506,2,12,
5:0:6:6:6:1:0:0:6,1868.0,0.1489449780664515,518.6,964.6620064951584,1301603.5411628345,0.15555555555555556,0.03804980914088393,4,11,
5:0:6:6:6:1:1:0:6,1836.0,0.14854731709716582,505.4,1000.9146346862309,1339035.197999001,0.1511111111111111,0.12298573489382077,2,11,
5:0:6:6:6:1:1:0:7,2000.0,0.15600382039550414,532.8,977.2859588988429,1306412.0012899954,0.11555555555555555,0.12998736088803028,2,12,
5:0:6:6:6:1:2:0:6,1820.0,0.14706771272378213,505.00000000000006,984.0235362850979,1299459.294279436,0.17333333333333334,0.22776186403987653,1,11,
5:0:6:6:6:2:0:0:6,1868.0,0.14819032627081785,497.8,968.4823410934016,1305602.0085212116,0.22666666666666666,0.04757505777871784,4,11,
5:0:6:6:6:2:1:0:6,1836.0,0.14654972390347162,488.8,972.5687878281117,1297437.7167744802,0.20444444444444446,0.14805136268240565,2,11,
5:0:6:6:6:2:2:0:6,1688.0,0.140831556773953,503.2,977.5100274139432,1290444.1664628522,0.24,0.2300481193980886,3,10,
5:0:6:6:7:0:0:0:6,1836.0,0.15476036120109263,534.2,1111.9081270245845,1502166.8790381113,0.08888888888888889,0.024211575946888147,2,11,
5:0:6:6:7:1:0:0:6,1836.0,0.15446017275233961,530.4,1108.9538869276414,1498696.8221898996,0.10666666666666667,0.02031460726668471,2,11,
5:0:6:6:7:1:1:0:6,1688.0,0.14671885770795529,496.0000000000001,1117.174298428994,1496227.2214482897,0.11555555555555555,0.11277354812458672,3,10,
5:0:6:6:7:2:1:0:6,1688.0,0.1472466068493312,510.2,1114.848654109952,1492159.925046797,0.2,0.11867731901060992,3,10,
5:0:6:7:7:0:0:0:6,1836.0,0.15931694523858117,510.19999999999993,1238.4312678680765,1675823.009948001,0.04,0.005708917349124043,2,11,
5:0:6:7:7:0:0:0:7,1984.0,0.16183879246453586,535.1999999999999,1122.172830452057,1517244.3521858864,0.04888888888888889,0.015225979816506323,1,12,
5:0:6:7:7:0:1:0:7,1984.0,0.16027216672834851,482.6,1139.523751387842,1527372.275063223,0.04888888888888889,0.10532067722945564,1,12,
5:0:6:7:7:1:0:0:7,2000.0,0.16073735283464197,490.2,1126.3904387794441,1523068.1494232423,0.18666666666666668,0.014320002965241477,2,12,
5:0:6:7:7:1:1:0:6,1820.0,0.1530216216460775,493.8,1129.1864870367435,1513581.5919189223,0.13333333333333333,0.10491441851865417,1,11,
5:0:7:2:1:3:6:0:6,1752.0,0.11945965229337378,588.4,347.44217660090993,416040.01074028685,0.3377777777777778,0.6044705495833809,7,10,
5:0:7:3:2:5:4:0:6,1736.0,0.1240887953548803,560.0,495.9978954848066,621122.5688936701,0.5022222222222222,0.486927933852993,6,10,
5:0:7:4:4:2:3:0:6,1704.0,0.1364655878995612,605.0000000000001,761.4757277401274,983017.3874273873,0.2222222222222222,0.36312012557556034,4,10,
5:0:7:5:5:1:0:0:6,1720.0,0.14037998386946848,595.8000000000001,842.7496370630408,1133983.8290162964,0.19111111111111112,0.06708483872724638,5,10,
5:0:7:5:5:2:2:0:7,2000.0,0.1533585710933671,561.2,889.3678496007593,1171433.891861724,0.20444444444444446,0.24581468178956264,2,12,
5:0:7:6:6:0:0:0:6,1688.0,0.14811682035135984,588.0000000000001,1056.6284579055966,1425294.7035240268,0.09777777777777778,0.04107181575111112,3,10,
5:0:7:6:6:1:0:0:6,1868.0,0.1523253649902101,577.6,981.7207122797271,1323900.938176005,0.19111111111111112,0.043918828061479676,4,11,
5:0:7:6:6:1:1:0:6,1688.0,0.14504724488739287,588.4,987.1630099663398,1317294.144665185,0.13777777777777778,0.14551014655362635,3,10,
5:0:7:6:6:1:1:0:7,2000.0,0.15894296643971162,580.6000000000001,995.616744893511,1330488.5637798833,0.16444444444444445,0.13286027179514948,2,12,
5:0:7:6:6:1:2:0:6,1836.0,0.152479819706621,577.4,1017.3959433989726,1346350.998860641,0.19111111111111112,0.21247420147807006,2,11,
5:0:7:6:6:2:2:0:6,1688.0,0.14369070119014804,556.8,988.240776778331,1305070.8904776266,0.21777777777777776,0.2275289069186764,3,10,
5:0:7:6:7:0:0:0:7,1984.0,0.16492281433976805,607.0,1119.763322644781,1513982.2493083433,0.04888888888888889,0.015258285910701237,1,12,
5:0:7:6:7:1:1:0:6,1688.0,0.15059598487820497,581.8000000000001,1118.6096597596118,1496610.1337926,0.17777777777777778,0.12224780442307595,3,10,
5:0:7:7:7:0:0:0:6,1820.0,0.1613431519842591,581.4,1228.8209196458297,1661629.457555917,0.04888888888888889,0.013921356867062728,1,11,
5:0:7:7:7:0:0:0:7,1984.0,0.16416819605168226,583.4,1126.384411162851,1522946.1845328072,0.04888888888888889,0.015169839290615775,1,12,
5:0:7:7:8:0:0:0:7,1968.0,0.1688016785238075,562.8,1267.2377667856688,1715644.9765713667,0.0,0.0,0,12,
6:0:0:0:0:2:3:1:8,2276.0,0.11246038000483567,118.60000000000001,135.758550108803,175092.5810576203,0.29777777777777775,0.3677252066844518,9,13,
6:0:0:0:0:3:2:1:8,2276.0,0.1123901570703232,102.2,150.57853408227214,197031.69751927923,0.37333333333333335,0.28850111710548637,9,13,
6:0:0:0:0:3:3:1:7,2128.0,0.10589625496163685,124.60000000000001,130.06573663682906,166665.0889645299,0.3688888888888889,0.39815762586030257,10,12,
6:0:0:0:0:3:3:1:8,2260.0,0.11174198169421276,124.2,129.9945881197871,166559.76256173127,0.37777777777777777,0.39853796881462944,8,13,
6:0:0:0:0:3:4:1:7,2128.0,0.1059091440318808,125.39999999999999,129.55574071731795,165910.10435097324,0.37777777777777777,0.4008839420617633,10,12,
6:0:0:0:0:3:4:1:8,2276.0,0.11245206740986403,126.20000000000002,127.97151672194087,163564.86060454586,0.39555555555555555,0.4093528246157246,9,13,
6:0:0:0:0:4:3:1:7,2112.0,0.1051677368172597,120.60000000000001,133.6740783883431,172006.78366957497,0.41333333333333333,0.3788682939240986,9,12,
6:0:0:0:0:4:3:1:8,2276.0,0.11239604735223951,112.2,140.7110654253891,182424.15513376278,0.4266666666666667,0.3412502443778243,9,13,
6:0:0:0:0:4:4:1:7,2128.0,0.10589280586571431,126.60000000000001,127.98813197857221,163589.45739567117,0.48,0.40926400342792196,10,12,
6:0:0:0:0:4:4:1:8,2276.0,0.11246440460031651,126.19999999999999,128.24910350712167,163975.79281737434,0.40444444444444444,0.40786891205721765,9,13,
6:0:0:0:0:5:3:1:7,2128.0,0.10587055223410666,123.39999999999999,130.6874252673997,167585.42054473914,0.5066666666666667,0.39483422714092986,10,12,
6:0:0:0:0:5:3:1:8,2276.0,0.1124225975393209,120.19999999999999,133.30844463472087,171465.50902869873,0.5244444444444445,0.38082288451622864,9,13,
6:0:0:0:0:6:3:1:8,2276.0,0.1124560100655931,124.20000000000002,130.06022647584481,166656.93186640003,0.6044444444444445,0.39818708186296686,9,13,
6:0:0:1:1:2:1:1:7,2096.0,0.11077400437313834,119.20000000000002,277.2150983956127,368953.51240059885,0.28888888888888886,0.16768249458842371,8,12,
6:0:0:1:1:2:1:1:8,2260.0,0.11738896395777192,117.0,264.251689049868,350390.36618844443,0.2311111111111111,0.19740133873853857,8,13,
6:0:0:1:1:2:2:1:8,2260.0,0.11739579193113785,119.80000000000001,261.60531845060115,346472.74840410927,0.23555555555555555,0.20637497241244634,8,13,
6:0:0:1:1:3:1:1:7,2112.0,0.11116774973501356,123.2,266.07436903780535,353397.3779616898,0.3466666666666667,0.1843409639673777,9,12,
6:0:0:1:1:3:2:1:8,2260.0,0.11756660126132601,122.80000000000003,262.4485283798351,347204.93633879116,0.3333333333333333,0.2146317104180549,8,13,
6:0:0:1:1:4:1:1:8,2260.0,0.11760829017050344,114.60000000000001,271.5865288363274,360485.2421263358,0.4266666666666667,0.1894445364203382,8,13,
6:0:0:1:1:4:2:1:8,2260.0,0.11711148948321018,120.2,254.80851337222936,336627.2013040448,0.4088888888888889,0.2248181763818976,8,13,
6:0:0:2:2:2:1:0:7,2080.0,0.11491636146406406,126.0,379.6181329414413,507521.0997684844,0.28,0.12898150665955332,7,12,
6:0:0:2:2:2:1:0:8,2244.0,0.12178219055824403,120.80000000000001,375.29928756049037,500846.3985309937,0.23555555555555555,0.14485254136088083,7,13,
6:0:0:3:4:1:0:0:7,2064.0,0.12474354452220278,110.00000000000001,632.7297517495626,852354.8327330601,0.19111111111111112,0.05529302993222021,6,12,
6:0:1:0:0:2:4:1:7,2128.0,0.10597244730453201,140.20000000000002,116.18006435197032,146109.10307741194,0.28,0.4723871086268951,10,12,
6:0:1:0:0:2:6:1:8,2260.0,0.11246382781931628,133.20000000000002,137.23612593461684,161795.2374207562,0.29777777777777775,0.6344529025316091,8,13,
6:0:1:0:0:3:4:1:7,2112.0,0.1052454767154591,136.6,119.42322609782975,150910.19485819823,0.3422222222222222,0.4550499416547168,9,12,
6:0:1:0:0:3:4:1:8,2276.0,0.11254060026338021,141.0,115.16350592605455,144604.21658521512,0.39111111111111113,0.4778213868245762,9,13,
6:0:1:0:0:3:5:1:7,2128.0,0.10602206520179132,150.60000000000002,106.89646704030491,132365.9085524792,0.3244444444444444,0.5220149993419658,10,12,
6:0:1:0:0:3:5:1:8,2276.0,0.11257306860036521,149.00000000000003,107.89404350821712,133842.69465077165,0.38222222222222224,0.5166821941515399,9,13,
6:0:1:0:0:3:6:1:7,2112.0,0.10586117053855292,143.2,126.67633711744044,146641.4883838565,0.37333333333333335,0.6648112222985937,9,12,
6:0:1:0:0:3:6:1:8,2260.0,0.11428719542206185,175.79999999999998,135.66189699639148,159510.81271649446,0.38222222222222224,0.6392127412231361,8,13,
6:0:1:0:0:4:4:1:7,2128.0,0.10592583609503686,132.2,123.1313121383295,156399.54839852685,0.47555555555555556,0.4352274006071035,10,12,
6:0:1:0:0:4:4:1:8,2276.0,0.1124985515498182,132.20000000000002,123.01740987090963,156230.93046245855,0.4088888888888889,0.4358362948848216,9,13,
6:0:1:0:0:4:5:1:7,2128.0,0.10603267263187163,155.80000000000004,101.93513421711185,125021.28127029435,0.4311111111111111,0.5485370979298834,10,12,
6:0:1:0:0:4:5:1:8,2276.0,0.11259138101122058,150.2,107.1060727524634,132676.20336374934,0.4,0.5208944973396671,9,13,
6:0:1:0:0:4:6:1:7,2112.0,0.1057342562270657,133.60000000000002,133.42076510897806,158425.1295712653,0.4533333333333333,0.6212064071390873,9,12,
6:0:1:0:0:4:6:1:8,2260.0,0.11375285275534087,165.8,133.63918699516947,157211.94404941495,0.4622222222222222,0.6383246117475562,8,13,
6:0:1:0:0:4:7:0:7,2080.0,0.10531184966175187,147.8,141.71661738941685,153854.59045928894,0.4444444444444444,0.7429532445065947,7,12,
6:0:1:0:0:4:7:0:8,2244.0,0.11309125001670203,154.79999999999998,145.75312537579572,159967.89565891196,0.4711111111111111,0.7320798467576011,7,13,
6:0:1:0:0:5:4:1:7,2128.0,0.10590596248661777,128.2,126.68415594889971,161659.08540408118,0.52,0.41623474738881555,10,12,
6:0:1:0:0:5:4:1:8,2276.0,0.11257237685847485,141.79999999999998,115.0784793156841,144478.34541621813,0.5333333333333333,0.47827591874638153,9,13,
6:0:1:0:0:5:5:1:7,2128.0,0.10601846835646947,150.2,107.21553802056319,132838.2528821326,0.5422222222222223,0.5203093221990428,10,12,
6:0:1:0:0:5:5:1:8,2276.0,0.11258025615787975,149.0,108.05576355229476,134082.10077209782,0.5022222222222222,0.515817677477186,9,13,
6:0:1:0:0:5:6:1:7,2112.0,0.10785010588435973,194.6,120.02738239809383,138277.8901356371,0.56,0.672063303186165,9,12,
6:0:1:0:0:5:6:1:8,2260.0,0.11245029366387037,150.0,120.13160743708353,136251.3993141792,0.5688888888888889,0.6938134260051876,8,13,
6:0:1:0:0:5:7:1:7,2096.0,0.10595387415360621,153.20000000000002,134.76216845613993,144894.24893378967,0.5066666666666667,0.7520056373206709,8,12,
6:0:1:0:0:6:4:1:7,2128.0,0.10594429642224505,139.0,116.74666950051358,146947.89051226474,0.6222222222222222,0.469358173027204,10,12,
6:0:1:0:0:6:4:1:8,2276.0,0.11250756972006645,137.0,118.42031870149509,149425.5169929701,0.6266666666666667,0.4604112447134019,9,13,
6:0:1:0:0:6:7:1:7,2112.0,0.10596822790206586,168.0,104.28512779648197,112792.68552846622,0.6177777777777778,0.7465302659094135,9,12,
6:0:1:1:1:2:2:1:7,2112.0,0.11159158855284462,153.60000000000002,245.21074243900398,323163.18310222763,0.28,0.24192078081241697,9,12,
6:0:1:1:1:2:2:1:8,2260.0,0.1185682699197864,165.39999999999998,242.38607319519397,319375.2675875062,0.2222222222222222,0.2433300791870793,8,13,
6:0:1:1:1:2:4:1:7,2096.0,0.11070405393578882,131.2,263.6412135552488,335651.50366516947,0.24888888888888888,0.4258497916931274,8,12,
6:0:1:1:1:2:4:0:8,2244.0,0.11933259674647267,171.4,269.58342679563515,344886.22260400443,0.26222222222222225,0.4052854227574033,7,13,
6:0:1:1:1:3:2:1:7,2112.0,0.11146271389389165,143.39999999999998,252.5110626125619,334177.84410093125,0.3688888888888889,0.2119790795641293,9,12,
6:0:1:1:1:3:2:0:8,2244.0,0.1176208933452213,152.0,250.4701002674793,330397.6922095811,0.3111111111111111,0.23552866711005985,7,13,
6:0:1:1:1:3:4:1:7,2096.0,0.11187550070576883,170.4,250.79876587979868,318985.0045765616,0.3111111111111111,0.4298880274016977,8,12,
6:0:1:1:1:3:4:0:8,2228.0,0.1168038091704518,141.79999999999998,258.2857063351652,327501.1427057914,0.38222222222222224,0.44206060300189237,6,13,
6:0:1:1:1:3:5:0:7,2064.0,0.11125113448065199,161.8,277.3505258146695,339867.63306464674,0.3422222222222222,0.5508250351491746,6,12,
6:0:1:1:1:3:5:0:8,2228.0,0.117822556798107,159.40000000000006,263.60752795740746,319201.2312199277,0.3377777777777778,0.5800481491263471,6,13,
6:0:1:1:1:4:2:1:7,2096.0,0.11141358995360084,169.20000000000002,241.60577395601905,317788.1063101854,0.40444444444444444,0.2552470608527672,8,12,
6:0:1:1:1:4:4:1:7,2096.0,0.11104887456047034,166.0,236.59967761058275,296024.4305978167,0.47555555555555556,0.48985711532365483,8,12,
6:0:1:1:1:4:4:0:8,2244.0,0.1180979238206347,149.00000000000003,264.20328596428095,336939.5918731747,0.4,0.41879551766657036,7,13,
6:0:1:1:1:4:5:0:7,2080.0,0.11279077448772942,186.80000000000007,270.9924259739117,331170.8024776009,0.4088888888888889,0.5578449335584792,7,12,
6:0:1:1:1:5:2:1:7,2096.0,0.11045912550216365,147.2,242.13032379868216,316855.10652611585,0.5644444444444444,0.28795755487043645,8,12,
6:0:1:1:1:5:6:0:7,2080.0,0.11062684810418565,170.4,238.70408234417727,284630.61680880975,0.5022222222222222,0.6130239055673741,7,12,
6:0:1:2:2:1:1:0:8,2244.0,0.1242351498859538,166.4,384.8908724339604,514200.9673798597,0.18666666666666668,0.13539137133250045,7,13,
6:0:1:2:2:1:4:0:7,2048.0,0.11693266811827567,169.0,413.98503266120275,528838.3160408583,0.18666666666666668,0.4117174603590447,5,12,
6:0:1:2:2:2:1:1:7,2096.0,0.11651660553000863,169.60000000000002,356.023624425194,474693.2618521815,0.21777777777777776,0.15263050798293906,8,12,
6:0:1:2:2:2:1:0:8,2244.0,0.12304833682830248,160.8,363.7875786368055,486186.81649815594,0.21333333333333335,0.13211349553614668,7,13,
6:0:1:2:2:2:3:0:7,2064.0,0.11709805230675949,175.40000000000003,395.3061769020883,514790.6094925076,0.29777777777777775,0.3167013227481141,6,12,
6:0:1:2:2:2:3:0:8,2212.0,0.12247944713686068,143.4,400.387560579365,521050.40311536146,0.23555555555555555,0.3205755072803691,5,13,
6:0:1:2:2:2:4:0:7,2064.0,0.11746056482014372,192.79999999999998,386.06270845323337,484936.54053315776,0.27111111111111114,0.47654350982908256,6,12,
6:0:1:2:2:2:4:0:8,2196.0,0.12329610946951047,185.6,392.562463063986,494558.6071718794,0.2311111111111111,0.4661571338604696,4,13,
6:0:1:2:2:3:1:1:7,2096.0,0.11503310185231407,136.60000000000002,355.64479167706656,472532.08549018396,0.3466666666666667,0.18150777086269904,8,12,
6:0:1:2:2:3:1:0:8,2228.0,0.12331919741353019,169.40000000000003,377.2819418044294,503985.1276241415,0.3288888888888889,0.13627981312871362,6,13,
6:0:1:2:2:3:3:0:7,2064.0,0.1161770928162216,169.0,380.9845883649861,494854.50686024426,0.3288888888888889,0.33114451553479335,6,12,
6:0:1:2:2:4:1:1:7,2096.0,0.11755732195676837,192.20000000000005,356.83974402728785,473723.03297087783,0.41333333333333333,0.1881424190199861,8,12,
6:0:1:2:2:4:1:0:8,2244.0,0.12314569342627962,148.0,378.77810209129154,505612.59165892866,0.4266666666666667,0.1427249643375824,7,13,
6:0:1:2:2:4:3:0:7,2064.0,0.11555239893273138,138.2,397.72897598645613,517069.6787715197,0.4222222222222222,0.3261894704881044,6,12,
6:0:1:2:3:1:1:0:8,2228.0,0.12644682531791795,130.6,486.4535696531537,652350.6876099397,0.17777777777777778,0.10054362994938255,6,13,
6:0:1:2:3:3:1:0:7,2080.0,0.12082057586949878,149.79999999999998,488.66295706372256,653924.5938803721,0.38666666666666666,0.12039293813407723,7,12,
6:0:1:3:3:1:0:0:8,2228.0,0.12800520984146546,159.2,492.9172214329726,661434.7588522478,0.19111111111111112,0.09449169687024678,6,13,
6:0:1:3:3:1:1:0:8,2228.0,0.1295200110414473,189.60000000000002,496.6002484325647,664384.665591314,0.17777777777777778,0.12261413426425952,6,13,
6:0:1:3:3:1:2:0:8,2196.0,0.13110363794019933,143.0,610.8318536544847,806256.3704584497,0.18222222222222223,0.23113609388151718,4,13,
6:0:1:3:3:2:0:0:7,2064.0,0.12098553892507329,132.6,525.574625814149,705406.6530946261,0.27555555555555555,0.09243377279524886,6,12,
6:0:1:3:3:2:0:0:8,2212.0,0.12722660849964856,135.59999999999997,514.9986912420925,691070.325006221,0.29333333333333333,0.09442266669824141,5,13,
6:0:1:3:3:2:1:0:8,2212.0,0.12830513528684698,180.60000000000008,494.26554395405736,662291.4041762592,0.22666666666666666,0.10820303379817155,5,13,
6:0:1:3:3:2:2:0:7,2048.0,0.12163061873965653,170.60000000000002,518.088921642272,684185.639659701,0.2,0.22755666446519976,5,12,
6:0:1:3:3:2:2:0:8,2196.0,0.12776775300503057,171.79999999999998,506.974442613188,667407.5214642861,0.26222222222222225,0.24944163881304213,4,13,
6:0:1:3:3:2:3:0:7,2048.0,0.12252744067247694,182.39999999999998,526.4674151307311,677986.4683331974,0.24888888888888888,0.37500593155433165,5,12,
6:0:1:3:3:3:0:0:7,2064.0,0.12118762894012405,141.20000000000005,521.5216511527913,700422.6624723715,0.31555555555555553,0.08606404557051706,6,12,
6:0:1:3:3:3:0:0:8,2212.0,0.1293833244773799,175.79999999999998,523.3248007410481,703433.819569717,0.31555555555555553,0.07773353729595173,5,13,
6:0:1:3:3:3:1:0:7,2064.0,0.12069833972164605,154.00000000000003,497.71264373703616,667168.2657576057,0.36444444444444446,0.10455365801704149,6,12,
6:0:1:3:3:4:1:0:7,2080.0,0.12324839845272598,196.2,496.8889651863346,664947.6976544834,0.4666666666666667,0.12018450422159888,7,12,
6:0:1:3:4:1:0:0:8,2196.0,0.13470428915845753,197.2,637.6465060652943,860603.4510076158,0.1288888888888889,0.03505051077129781,4,13,
6:0:1:4:4:1:0:0:8,2180.0,0.13839096785985705,173.20000000000002,760.5967768467839,1027677.6373086984,0.1688888888888889,0.02284352751778241,3,13,
6:0:1:4:4:2:0:0:7,2032.0,0.1315643558533957,192.6,735.5980067014038,990730.5681903234,0.25333333333333335,0.05739448310076464,4,12,
6:0:1:4:4:2:1:0:8,2196.0,0.1324923935007868,134.0,651.0788537677025,864394.9578595909,0.2577777777777778,0.18764681953955475,4,13,
6:0:1:4:4:3:1:0:7,2032.0,0.12683499608272447,165.60000000000002,656.1874118613003,872062.5755831797,0.3511111111111111,0.17957423845891266,4,12,
6:0:1:4:4:3:2:0:7,2048.0,0.12789728956192462,178.00000000000003,651.6890151433039,863772.00017075,0.36444444444444446,0.2005024819330303,5,12,
6:0:1:4:5:1:0:0:8,2180.0,0.14033099884525996,184.40000000000003,793.047474018349,1071777.7885298894,0.12444444444444444,0.020178150285203963,3,13,
6:0:1:4:5:2:0:0:8,2180.0,0.13901342963208774,154.79999999999998,793.0021667219738,1070531.2414897953,0.2088888888888889,0.03248058622988869,3,13,
6:0:1:5:5:1:0:0:7,2016.0,0.13455829158941082,133.20000000000002,878.3615607617437,1186002.471219504,0.1288888888888889,0.030267852204426786,3,12,
6:0:1:7:7:0:0:0:8,2132.0,0.15438073648889347,189.0,1152.566571000103,1560397.8192001395,0.0,0.0,0,13,
6:0:2:0:0:4:5:1:8,2260.0,0.11597048773210182,199.00000000000003,150.33597397229084,181671.81327536775,0.4311111111111111,0.5846869429441153,8,13,
6:0:2:0:0:4:7:1:7,2112.0,0.10852936924395672,214.40000000000003,115.51080798902605,129819.83881829385,0.4488888888888889,0.7053693520961474,9,12,
6:0:2:1:1:2:2:1:7,2096.0,0.11252560671146623,210.00000000000003,225.8261510079899,295893.7310239669,0.29777777777777775,0.280104743897161,8,12,
6:0:2:1:1:2:2:1:8,2260.0,0.12122598357237399,222.20000000000005,245.38463037841458,323751.30683584936,0.2222222222222222,0.23418431942821472,8,13,
6:0:2:1:1:2:4:0:7,2080.0,0.11250160664972474,215.00000000000003,236.28614961880663,295893.7310239669,0.29777777777777775,0.48692776074680605,7,12,
6:0:2:1:1:2:4:0:8,2228.0,0.12003819717231887,205.20000000000005,267.65943637717453,339369.5741202374,0.29333333333333333,0.44225845130762964,6,13,
6:0:2:1:1:2:6:0:8,2196.0,0.11970718617547196,202.99999999999997,294.4116889481195,348213.8920243342,0.27111111111111114,0.6286084957484022,4,13,
6:0:2:1:1:3:1:1:8,2260.0,0.12175008703818932,204.6,274.7769583592597,365449.609537686,0.38666666666666666,0.1734830114441568,8,13,
6:0:2:1:1:3:4:1:7,2096.0,0.11309152087085327,207.40000000000003,241.15921959419825,303671.4796226246,0.39111111111111113,0.4678752257638901,8,12,
6:0:2:1:1:3:6:0:7,2064.0,0.11348428192855685,224.60000000000002,264.7963433925293,308107.5755194834,0.39111111111111113,0.6567517006410967,6,12,
6:0:2:1:1:3:6:0:8,2196.0,0.12031402550135938,250.00000000000003,261.065573780586,302224.0261284114,0.39555555555555555,0.6647474301482144,4,13,
6:0:2:1:1:4:5:1:7,2096.0,0.11224337057762993,199.60000000000002,229.87583799667365,284726.9554839042,0.4622222222222222,0.5211895515639818,8,12,
6:0:2:1:1:4:6:0:7,2064.0,0.1141525895920804,240.79999999999998,263.63326582180895,305162.20508550643,0.43555555555555553,0.6649203181776207,6,12,
6:0:2:2:2:1:1:0:8,2228.0,0.12773808996301866,258.20000000000005,387.9070241679198,517787.73072110437,0.19111111111111112,0.14290376321913065,6,13,
6:0:2:2:2:1:3:0:8,2212.0,0.12488951256159365,208.0,390.0140326358573,507569.57645094395,0.17333333333333334,0.32036599282467376,5,13,
6:0:2:2:2:2:1:1:7,2096.0,0.1179198897516249,207.40000000000006,349.79751941156024,463910.5894574229,0.22666666666666666,0.19592499926594653,8,12,
6:0:2:2:2:2:1:0:8,2244.0,0.1252038024339122,203.8,369.28555476302375,492047.16617285454,0.26222222222222225,0.15828728175345413,7,13,
6:0:2:2:2:2:2:1:7,2096.0,0.11867352414530657,218.40000000000003,355.75429326939786,471552.9090474576,0.2222222222222222,0.20012313806725618,8,12,
6:0:2:2:2:2:2:0:8,2228.0,0.12515199227050924,202.8,385.1198260864576,503301.38389457896,0.2577777777777778,0.29605563191701145,6,13,
6:0:2:2:2:2:3:0:7,2064.0,0.11907652130228699,261.20000000000005,354.0217293014575,456651.8741621558,0.26666666666666666,0.3671054296598534,6,12,
6:0:2:2:2:2:3:0:8,2212.0,0.12453368012569,203.60000000000002,386.4078028280249,502932.46361988736,0.20444444444444446,0.319738486024719,5,13,
6:0:2:2:2:2:4:0:7,2064.0,0.11991458191817363,237.6,396.47809315890663,501985.13371031964,0.27111111111111114,0.4477441573022389,6,12,
6:0:2:2:2:2:4:0:8,2196.0,0.12698958029935933,262.20000000000005,399.06555673558535,504913.19500122586,0.28444444444444444,0.4503611722855124,4,13,
6:0:2:2:2:2:5:0:7,2048.0,0.1176349689540884,202.20000000000002,396.58680146698924,484936.54053315776,0.27111111111111114,0.5563714653413975,5,12,
6:0:2:2:2:3:1:1:7,2096.0,0.12050499623645622,255.0,360.3624153202648,478242.38782096654,0.3688888888888889,0.19071879607054676,8,12,
6:0:2:2:2:3:1:0:8,2244.0,0.1270516519969341,247.8,366.86216993101743,487864.4544596882,0.3288888888888889,0.17443634626689372,7,13,
6:0:2:2:2:3:2:0:8,2212.0,0.12701158277574423,245.4,400.3606124542453,523996.23591083987,0.38666666666666666,0.2870337558075833,5,13,
6:0:2:2:2:3:3:0:7,2080.0,0.11971288640005782,256.80000000000007,356.7399440013011,459164.85544522165,0.3422222222222222,0.3775696457965559,7,12,
6:0:2:2:2:3:5:0:7,2048.0,0.11833767285025684,225.20000000000002,389.3976391307793,478215.6817206079,0.3422222222222222,0.5450551172728456,5,12,
6:0:2:2:2:4:5:0:7,2048.0,0.11984825708638926,236.60000000000002,411.9857844437581,509503.8508632921,0.40444444444444444,0.5256738910762511,5,12,
6:0:2:2:3:1:1:0:8,2228.0,0.1313156049193102,237.99999999999997,488.60111068448,653627.7679675409,0.18666666666666668,0.1233820924398329,6,13,
6:0:2:2:3:1:2:0:7,2064.0,0.12499076396320177,260.2,488.09218917204004,638546.8917074027,0.17333333333333334,0.289657779576398,6,12,
6:0:2:2:3:2:1:0:7,2064.0,0.12416391044759993,247.40000000000003,482.2879850709982,646579.6140083217,0.2311111111111111,0.10326780604778356,6,12,
6:0:2:3:2:4:4:0:7,2032.0,0.12377810817339102,250.00000000000003,503.00743390129816,632132.3778870846,0.43555555555555553,0.4748951751862335,4,12,
6:0:2:3:3:1:0:0:7,2064.0,0.12881282232774718,219.00000000000006,615.2885023743116,826942.49201675,0.16,0.07901090248911392,6,12,
6:0:2:3:3:1:0:0:8,2212.0,0.1312001436439434,244.80000000000004,495.20323198872615,665653.2762711593,0.18222222222222223,0.07744089509299186,5,13,
6:0:2:3:3:1:1:0:7,2064.0,0.12824135330533387,212.0,609.4304493700124,817139.3991681662,0.17777777777777778,0.10203153844552428,6,12,
6:0:2:3:3:1:1:0:8,2228.0,0.1326525802577948,245.0,511.68305580038316,685269.5245775643,0.19111111111111112,0.11312141348586871,6,13,
6:0:2:3:3:1:2:0:7,2048.0,0.12442644528277985,251.20000000000002,500.39501886254664,656538.7444153844,0.17333333333333334,0.2715586560580213,5,12,
6:0:2:3:3:1:2:0:8,2212.0,0.13190150368159045,224.6,531.1838328357851,701399.9857179603,0.18666666666666668,0.22835914020434123,5,13,
6:0:2:3:3:2:0:0:7,2064.0,0.12517025046807007,261.4000000000001,490.93063553157606,659285.2888444025,0.25333333333333335,0.08684815899326251,6,12,
6:0:2:3:3:2:0:0:8,2212.0,0.13078358687477865,235.40000000000003,495.2307046825195,664275.1057836432,0.22666666666666666,0.09832302086105084,5,13,
6:0:2:3:3:2:1:0:7,2064.0,0.12438158547077445,233.20000000000005,501.3856730924251,671266.966749164,0.28,0.11604743104531058,6,12,
6:0:2:3:3:2:1:0:8,2212.0,0.13006813003755988,224.20000000000002,490.3329258450978,657389.6682174912,0.25333333333333335,0.10291212577686923,5,13,
6:0:2:3:3:2:2:0:7,2064.0,0.12467397142924887,244.4,496.76435715809924,651042.6406673549,0.27555555555555555,0.27869597232811244,6,12,
6:0:2:3:3:2:2:0:8,2196.0,0.1293690175380658,208.60000000000002,506.20289460648075,667907.2199475679,0.24444444444444444,0.23374080487606844,4,13,
6:0:2:3:3:2:3:0:7,2032.0,0.12403768557120978,232.20000000000005,526.6479253522198,679449.4070380715,0.29777777777777775,0.36618199228211873,4,12,
6:0:2:3:3:3:0:0:7,2064.0,0.12386814303234629,212.6,510.43321822779177,685776.7131335352,0.35555555555555557,0.08251324100151532,6,12,
6:0:2:3:3:3:0:0:8,2228.0,0.13050068362961942,202.0,506.26538166643695,679675.6394836488,0.30666666666666664,0.08977819677143062,6,13,
6:0:2:3:3:3:2:0:7,2064.0,0.12329472483926919,214.20000000000005,495.93130888355637,650472.3709622724,0.36,0.2736190498624944,6,12,
6:0:2:3:3:3:4:0:7,2032.0,0.12403685697788783,239.8,519.0292820024758,654539.3816972229,0.3022222222222222,0.4625462340787161,4,12,
6:0:2:3:3:4:0:0:7,2080.0,0.12538624569793924,243.40000000000003,497.7905282036332,667906.4828282483,0.4311111111111111,0.09547111238354997,7,12,
6:0:2:3:4:1:0:0:7,2064.0,0.12920288962831147,208.0,635.0650166370084,853615.3141823902,0.19111111111111112,0.07791628314641628,6,12,
6:0:2:3:4:1:0:0:8,2196.0,0.13621426074555631,231.60000000000002,637.2208667750172,857837.9495889306,0.16444444444444445,0.06217748357670019,4,13,
6:0:2:3:4:2:0:0:8,2196.0,0.135949428422087,222.20000000000002,640.6621394969574,863460.9672948697,0.24444444444444444,0.050156398849404454,4,13,
6:0:2:3:4:3:0:0:8,2212.0,0.13681673203748138,231.59999999999997,634.7764708433309,855525.0662133234,0.35555555555555557,0.05019869081219813,5,13,
6:0:2:4:3:3:3:0:7,2032.0,0.12861404395902792,212.6,649.215989078128,844937.7876318323,0.35555555555555557,0.3201047124826215,4,12,
6:0:2:4:4:0:0:0:7,2048.0,0.13386966909641035,236.8,727.2675546692326,981221.9892356815,0.09777777777777778,0.038811845109951,5,12,
6:0:2:4:4:0:0:0:8,2180.0,0.14280727143689062,258.59999999999997,774.5636073300388,1044755.3641508886,0.09777777777777778,0.04168919932669827,3,13,
6:0:2:4:4:0:1:0:8,2312.0,0.14896389445066233,253.20000000000002,786.487625139903,1049288.1906996735,0.09333333333333334,0.14732248263862502,1,14,
6:0:2:4:4:1:0:0:7,2048.0,0.13300704971608426,211.8,732.8586186118954,987665.0870417984,0.11555555555555555,0.05074562501432546,5,12,
6:0:2:4:4:1:0:0:8,2196.0,0.14176765681360295,253.60000000000005,740.1722783060662,998643.8065884166,0.17333333333333334,0.03869349002251887,4,13,
6:0:2:4:4:1:1:0:7,2032.0,0.13535669179937826,245.60000000000005,767.9255654860108,1021983.3318804571,0.18222222222222223,0.1682532155698006,4,12,
6:0:2:4:4:1:1:0:8,2180.0,0.1368579144090816,234.40000000000003,664.903074204336,883830.4295341882,0.18666666666666668,0.1778926499053133,3,13,
6:0:2:4:4:2:0:0:7,2064.0,0.13005950920599668,212.4,649.9389571349252,875790.656412698,0.24888888888888888,0.05224954953716389,6,12,
6:0:2:4:4:2:1:0:7,2016.0,0.13538526828183503,257.6,772.5685363412887,1028904.4292769302,0.23555555555555555,0.16227199059069694,3,12,
6:0:2:4:4:2:2:0:7,2032.0,0.12992972813671277,241.60000000000002,649.8188830760372,861095.1784929481,0.21777777777777776,0.20225583778230471,4,12,
6:0:2:4:4:3:0:0:7,2048.0,0.1335250540110531,216.00000000000006,740.3137152486951,997068.0386459981,0.3244444444444444,0.05753929926178822,5,12,
6:0:2:4:5:1:0:0:8,2180.0,0.1420357335087014,224.4,791.4040039457813,1069552.7828931822,0.12444444444444444,0.020219278431500554,3,13,
6:0:2:5:5:0:0:0:7,2016.0,0.14051376748582037,266.8,878.759768430958,1186367.4189318037,0.09333333333333334,0.03187137772767371,3,12,
6:0:2:5:5:0:0:0:8,2312.0,0.1537371303738624,226.00000000000003,921.0854334119038,1246025.6162904778,0.0044444444444444444,0.009139864354843489,1,14,
6:0:2:5:5:1:0:0:7,2016.0,0.14023046569497508,265.6000000000001,873.5854781369393,1180174.7040936598,0.13333333333333333,0.024426993399143913,3,12,
6:0:2:5:5:1:0:0:8,2164.0,0.14666326413414274,255.80000000000004,880.1234430182112,1188570.2464649053,0.11555555555555555,0.02851227942863922,2,13,
6:0:2:5:5:2:0:0:7,2032.0,0.1396321894761042,265.40000000000003,844.3242632123444,1138936.8853500863,0.22666666666666666,0.040872361408165366,4,12,
6:0:2:5:5:2:1:0:7,2016.0,0.14016012019786792,248.20000000000002,889.4027044520279,1186203.1245421285,0.24888888888888888,0.15014147828028937,3,12,
6:0:2:6:6:0:0:0:8,2296.0,0.15737802439515355,263.6,981.4055488909553,1328672.1277292937,0.0,0.0,0,14,
6:0:2:6:6:1:0:0:7,2016.0,0.14602009660528245,265.4,1004.0521736188546,1356231.427061827,0.1688888888888889,0.026052760350890224,3,12,
6:0:2:7:7:0:0:0:8,2132.0,0.15486714108302355,216.60000000000002,1135.91067436803,1537848.2976059478,0.0,0.0,0,13,
6:0:3:0:0:3:7:0:8,2212.0,0.11736448200873256,277.4,151.3008451964823,154054.45168808708,0.31555555555555553,0.7941061659919403,5,13,
6:0:3:0:0:4:8:0:7,2064.0,0.11083116180031351,288.2,141.50114050705415,139547.22530672804,0.4266666666666667,0.8134950796374125,6,12,
6:0:3:1:1:3:4:1:7,2096.0,0.11619897378159594,268.20000000000005,250.27691008590799,316092.4376430936,0.31555555555555553,0.457069782690055,8,12,
6:0:3:2:2:2:3:0:8,2212.0,0.1284939973825074,282.79999999999995,396.31494110641677,516026.880578275,0.28444444444444444,0.3175520836585207,5,13,
6:0:3:2:2:2:4:0:7,2048.0,0.11996329313765099,286.80000000000007,364.3740955971471,456651.8741621558,0.26666666666666666,0.4843067226128505,5,12,
6:0:3:2:2:2:4:0:8,2196.0,0.1307535874880641,337.2,408.7557184814425,519066.45067100646,0.22666666666666666,0.43621377726761057,4,13,
6:0:3:2:2:3:1:0:8,2244.0,0.12963161488006028,293.00000000000006,379.7113348013563,506812.4968684614,0.31555555555555553,0.14351271813769526,7,13,
6:0:3:2:2:3:2:0:7,2064.0,0.12749972798443102,324.6,480.14387964969814,628164.4975415765,0.31555555555555553,0.2895022646188689,6,12,
6:0:3:2:2:3:3:0:7,2064.0,0.12214393157404965,288.40000000000003,395.838460416117,516668.16199522023,0.36,0.3034300180756852,6,12,
6:0:3:2:2:3:3:0:8,2212.0,0.1281495264093572,273.00000000000006,398.36434421053684,518992.3303377587,0.3022222222222222,0.31429428724450575,5,13,
6:0:3:2:2:3:4:0:7,2064.0,0.12061304141213716,270.8,378.993431773086,476861.403880833,0.3288888888888889,0.4706474333068068,6,12,
6:0:3:2:2:3:5:0:7,2048.0,0.1223329331397268,289.2,415.2909956438533,514918.6769606307,0.3288888888888889,0.5181278850103669,5,12,
6:0:3:2:2:3:5:0:8,2196.0,0.12771700928613058,273.6,404.0327089379386,496848.8285483494,0.30666666666666664,0.5414813346203414,4,13,
6:0:3:2:2:4:4:0:7,2064.0,0.12184101382120563,291.0,386.4228109771265,488484.0334208561,0.4222222222222222,0.4536939316189498,6,12,
6:0:3:2:3:2:0:0:8,2228.0,0.1328432539039224,275.20000000000005,485.77321283825376,652281.4315692883,0.2311111111111111,0.08801977125875068,6,13,
6:0:3:2:3:2:1:0:7,2080.0,0.1272582459429291,306.0,477.31053371590446,638696.6304904469,0.22666666666666666,0.12091238459882024,7,12,
6:0:3:3:3:1:0:0:7,2064.0,0.13090436824707438,274.80000000000007,606.5482855591732,814207.034595884,0.17333333333333334,0.09099214849862877,6,12,
6:0:3:3:3:1:0:0:8,2196.0,0.13945996768765037,320.6,621.2492729721333,837004.0315778849,0.1688888888888889,0.05385357491904318,4,13,
6:0:3:3:3:1:1:0:7,2064.0,0.133119613921609,315.6,615.5913132362027,824658.0108920266,0.19111111111111112,0.11052188054938308,6,12,
6:0:3:3:3:1:1:0:8,2228.0,0.13498293513863246,314.59999999999997,494.51604061923064,662251.0043469683,0.18222222222222223,0.11350983378319734,6,13,
6:0:3:3:3:1:2:0:7,2032.0,0.1320826233753606,313.8,626.0590259456135,827747.5918447512,0.15555555555555556,0.21901449200117112,4,12,
6:0:3:3:3:1:2:0:8,2196.0,0.13499189072532944,321.79999999999995,519.5175413199127,685832.9558441191,0.1511111111111111,0.23004588172426468,4,13,
6:0:3:3:3:1:3:0:7,2032.0,0.12485204963601619,272.40000000000003,504.7711168103643,650055.5987060212,0.19555555555555557,0.3749342692578057,4,12,
6:0:3:3:3:2:0:0:7,2048.0,0.13291764016140406,333.8,608.8469036315912,817497.1505078906,0.2,0.08854601979923558,5,12,
6:0:3:3:3:2:0:0:8,2228.0,0.13610910013600405,317.0,517.4547530600914,694506.4439962788,0.24,0.09246202943020905,6,13,
6:0:3:3:3:2:1:0:7,2064.0,0.12921258329711585,334.0,509.2831241851068,682837.7835756199,0.27111111111111114,0.10233288378067011,6,12,
6:0:3:3:3:2:1:0:8,2180.0,0.14031637811934924,337.3999999999999,639.7185076853581,848976.5554405712,0.2,0.19075110624073482,3,13,
6:0:3:3:3:2:2:0:7,2064.0,0.12645858769119148,281.40000000000003,499.918223051808,656218.514691063,0.2577777777777778,0.2685655549060487,6,12,
6:0:3:3:3:2:2:0:8,2212.0,0.134891425683816,305.4,517.6570778858602,682498.0388304519,0.29333333333333333,0.2390979252229582,5,13,
6:0:3:3:3:2:3:0:7,2032.0,0.12642077920972938,305.20000000000005,507.2675322189117,654020.029926694,0.23555555555555555,0.3693781775764012,4,12,
6:0:3:3:3:2:3:0:8,2180.0,0.13304955862676712,273.80000000000007,539.81506910226,699382.729892105,0.23555555555555555,0.3447027127525241,3,13,
6:0:3:3:3:3:0:0:7,2064.0,0.1270881256065068,275.3999999999999,520.0828261464032,698559.3117420538,0.35555555555555557,0.08508931662319458,6,12,
6:0:3:3:3:3:1:0:7,2064.0,0.1310224702382273,293.2,590.8055803601148,792205.9564217773,0.3111111111111111,0.10155942893764487,6,12,
6:0:3:3:3:3:2:0:7,2048.0,0.12646827090729634,299.4,498.1360954141673,653678.6082085969,0.3333333333333333,0.27054131641599016,5,12,
6:0:3:3:3:3:2:0:8,2196.0,0.13932231513277915,312.99999999999994,625.7520904875307,827972.1676095409,0.30666666666666664,0.2134110031008577,4,13,
6:0:3:3:3:3:3:0:7,2032.0,0.12606832780790567,287.6,516.9373756778778,667429.9332436405,0.31555555555555553,0.36240184659010277,4,12,
6:0:3:3:3:4:1:0:7,2080.0,0.12741506218067616,289.00000000000006,497.838899065214,665525.6470160261,0.49777777777777776,0.1296264994584071,7,12,
6:0:3:3:3:4:1:0:8,2228.0,0.1338303977594675,278.00000000000006,505.1839495880189,676754.0866504151,0.4177777777777778,0.11052309454854348,6,13,
6:0:3:3:3:4:4:0:7,2048.0,0.1255030497420966,273.20000000000005,502.618619197174,643245.2711160133,0.43555555555555553,0.4037148814380783,5,12,
6:0:3:3:4:1:0:0:7,2064.0,0.13454866039425337,329.79999999999995,633.5448588707003,852654.4022176061,0.14666666666666667,0.06501908947240133,6,12,
6:0:3:3:4:2:0:0:7,2064.0,0.1348986193811568,332.6000000000001,638.618936076028,858853.6478523219,0.22666666666666666,0.07250215845098651,6,12,
6:0:3:3:4:2:0:0:8,2196.0,0.139025780381519,294.2,637.8800585841776,859850.7976645905,0.2222222222222222,0.04843403235236113,4,13,
6:0:3:4:4:1:0:0:7,2032.0,0.13654290796745563,299.4,740.8154292677516,999685.975240719,0.16444444444444445,0.036796758178948376,4,12,
6:0:3:4:4:1:0:0:8,2180.0,0.1420872913720644,272.8,744.1640558714491,1004532.426421093,0.13333333333333333,0.03323118970242586,3,13,
6:0:3:4:4:1:1:0:7,2016.0,0.13586860981802984,298.2,742.8437209056715,988440.0894443593,0.19111111111111112,0.16961224690279342,3,12,
6:0:3:4:4:1:1:0:8,2180.0,0.13969331528936477,305.40000000000003,657.6995940107073,873559.9510323517,0.16,0.18425217337329533,3,13,
6:0:3:4:4:2:0:0:7,2048.0,0.13722764049545372,322.80000000000007,716.8219111477085,965962.4377628416,0.21777777777777776,0.05173315887080467,5,12,
6:0:3:4:4:2:0:0:8,2212.0,0.14030955084489571,287.4,657.5648940101532,887097.3568186453,0.24444444444444444,0.039819672830693924,5,13,
6:0:3:4:4:2:1:0:7,2032.0,0.1327386023365987,299.20000000000005,655.4185525734705,870469.8374518163,0.26666666666666666,0.18480267078809237,4,12,
6:0:3:4:4:2:1:0:8,2180.0,0.1421813736505621,273.0,746.0809071376476,992645.7430156742,0.24,0.17045320916752174,3,13,
6:0:3:4:4:2:2:0:7,2032.0,0.13687517752094477,310.0,737.6914942212575,976740.1802643987,0.23555555555555555,0.208420762715145,4,12,
6:0:3:4:4:2:2:0:8,2180.0,0.13876782143044739,277.40000000000003,664.8759821850664,869719.306414129,0.28888888888888886,0.29039519696426996,3,13,
6:0:3:4:4:3:1:0:7,2032.0,0.13335518734536464,314.6,653.8917152707047,866908.1515944459,0.3022222222222222,0.19858918880674,4,12,
6:0:3:4:4:3:2:0:7,2016.0,0.13122959079128782,269.20000000000005,667.4657928039762,872765.5639822293,0.3111111111111111,0.29277273412190014,3,12,
6:0:3:5:5:0:0:0:7,2032.0,0.14276198265902784,326.80000000000007,853.3446098281265,1151518.0666826987,0.09333333333333334,0.03697912009597039,4,12,
6:0:3:5:5:0:0:0:8,2180.0,0.1489077270935256,299.0000000000001,871.4238596043263,1176393.2348106857,0.06666666666666667,0.032528647093983315,3,13,
6:0:3:5:5:0:1:0:8,2312.0,0.15652593300701825,332.20000000000005,877.6334926579108,1172682.7921171447,0.08,0.13391779749127583,1,14,
6:0:3:5:5:1:0:0:7,2032.0,0.14167242928832366,310.40000000000003,845.2296589872823,1138395.0481002242,0.1511111111111111,0.05731626159767217,4,12,
6:0:3:5:5:1:0:0:8,2180.0,0.14884295860578128,308.4,860.566568630079,1160661.9835295132,0.1511111111111111,0.04258814945730014,3,13,
6:0:3:5:5:1:1:0:7,2016.0,0.14018042377936293,285.40000000000003,852.659535035666,1133673.591370497,0.15555555555555556,0.17600128290454212,3,12,
6:0:3:5:5:1:1:0:8,2164.0,0.14914190757748216,316.0,875.6929204933485,1169087.8877414986,0.12,0.14147209898404325,2,13,
6:0:3:5:5:2:0:0:8,2164.0,0.1506389005951837,323.40000000000003,901.9752633916332,1219495.7921807438,0.20444444444444446,0.015490162193201328,2,13,
6:0:3:5:5:3:1:0:7,2016.0,0.14348443135118427,325.6,886.799705401646,1182199.4800698329,0.3244444444444444,0.15398424946947797,3,12,
6:0:3:6:6:0:0:0:8,2148.0,0.1535436392015068,320.6,986.1318820339027,1333890.2117845484,0.04,0.01024968104878176,1,13,
6:0:3:6:6:1:0:0:7,2016.0,0.14831816899998113,327.00000000000006,994.1588024995756,1342737.275112399,0.15555555555555556,0.02713351448766417,3,12,
6:0:3:6:7:0:0:0:8,2132.0,0.15891156322800962,324.00000000000006,1119.5101726302162,1515644.5414070624,0.0,0.0,0,13,
6:0:3:7:7:0:0:0:8,2296.0,0.166900187089561,336.80000000000007,1122.4542095151223,1519630.3144204738,0.0,0.0,0,14,
6:0:4:1:1:3:6:0:7,2048.0,0.11838404009039104,359.4,256.24090203379814,296127.1440216839,0.31555555555555553,0.6673832883695512,5,12,
6:0:4:2:2:1:2:0:7,2064.0,0.13119686461279662,407.6,480.3294537879238,627594.6839869344,0.18222222222222223,0.2973287029668118,6,12,
6:0:4:2:2:2:1:0:7,2080.0,0.13071173063001998,386.00000000000006,475.01393917544954,634629.6994186557,0.2088888888888889,0.13500832323797818,7,12,
6:0:4:2:2:2:4:0:7,2048.0,0.12580419418565222,390.0,392.5943691771749,498397.09584035684,0.26666666666666666,0.43737719414510545,5,12,
6:0:4:2:2:2:5:0:7,2048.0,0.12354124216268093,356.20000000000005,375.47794866032064,458242.6742249513,0.2577777777777778,0.5612274591222298,5,12,
6:0:4:3:3:1:0:0:7,2064.0,0.13646657322585212,406.59999999999997,599.8978975816729,805181.2165265806,0.19111111111111112,0.09218450516890861,6,12,
6:0:4:3:3:1:0:0:8,2212.0,0.13757587273253982,364.40000000000003,519.0571364821459,696731.1321506668,0.17777777777777778,0.0914279633999448,5,13,
6:0:4:3:3:1:2:0:7,2048.0,0.13001293314967788,377.00000000000006,500.2909958677522,656215.230412218,0.17333333333333334,0.27337994307765323,5,12,
6:0:4:3:3:1:2:0:8,2196.0,0.13500468886645606,340.6,501.00549949526135,658432.628525632,0.19555555555555557,0.26076780424141344,4,13,
6:0:4:3:3:2:0:0:7,2064.0,0.13349230053847919,339.59999999999997,599.9767621157815,806109.1637951541,0.2222222222222222,0.08215605680018336,6,12,
6:0:4:3:3:2:0:0:8,2212.0,0.13677294860207184,343.79999999999995,521.5913435466161,701055.7060270035,0.29777777777777775,0.0784202342367331,5,13,
6:0:4:3:3:2:1:0:7,2064.0,0.12983796949595272,359.6,497.754313658936,666592.9591662585,0.2,0.11343604077463279,6,12,
6:0:4:3:3:2:2:0:7,2064.0,0.13219587182642276,399.0,511.40711609451165,672266.0215982771,0.2,0.25916388225435566,6,12,
6:0:4:3:3:2:2:0:8,2196.0,0.13626138925479306,351.0,518.8812582328437,684687.1753628674,0.20444444444444446,0.23320980249255,4,13,
6:0:4:3:3:2:3:0:7,2032.0,0.12817777609700198,353.40000000000003,498.5999621825443,640331.9338984134,0.2088888888888889,0.38798695516268134,4,12,
6:0:4:3:3:2:3:0:8,2196.0,0.13582809312532512,354.6,505.532095319815,653376.2455603895,0.28,0.35723108849109186,4,13,
6:0:4:3:3:2:4:0:7,2032.0,0.13133408786827544,404.6,518.4169770361975,654481.0569100283,0.28444444444444444,0.4585595787440015,4,12,
6:0:4:3:3:2:4:0:8,2164.0,0.1385746179241004,404.8,549.1289032922584,700984.3611979876,0.27555555555555555,0.4147095185715226,2,13,
6:0:4:3:3:3:0:0:7,2064.0,0.13597448316131933,366.59999999999997,628.8258711296851,844743.5987867458,0.36444444444444446,0.08363842998981148,6,12,
6:0:4:3:3:3:0:0:8,2212.0,0.14116961498017824,343.20000000000005,621.1163370540105,836609.8286292284,0.3022222222222222,0.056551850540490625,5,13,
6:0:4:3:3:3:1:0:8,2228.0,0.13621329533134124,343.80000000000007,492.9991449551783,660966.3165590415,0.3333333333333333,0.10288268317705032,6,13,
6:0:4:3:3:3:3:0:7,2032.0,0.12878885565250361,346.0,519.7492521813315,673136.6985565121,0.37333333333333335,0.3466376272666415,4,12,
6:0:4:3:4:1:2:0:8,2196.0,0.1428680272296039,374.40000000000003,644.1306126660879,852220.6033120576,0.1111111111111111,0.21401327877125087,4,13,
6:0:4:3:4:2:0:0:8,2212.0,0.1431853649490707,365.19999999999993,644.470711354091,867415.4655202001,0.29777777777777775,0.06434798181817855,5,13,
6:0:4:3:4:3:0:0:7,2048.0,0.13514092415314588,345.2,647.4707934457825,871920.2444884552,0.3111111111111111,0.05879863064216572,5,12,
6:0:4:4:4:0:0:0:8,2196.0,0.14690187776041708,376.40000000000003,732.8922496093842,987160.779806592,0.08,0.05660599441018086,4,13,
6:0:4:4:4:0:3:0:8,2164.0,0.14227470251902397,378.59999999999997,658.5808066780396,859565.7712460437,0.08888888888888889,0.303750780210689,2,13,
6:0:4:4:4:1:0:0:7,2048.0,0.13966329376954695,365.40000000000003,729.0241098148063,983015.6043380906,0.11555555555555555,0.04512915003503185,5,12,
6:0:4:4:4:1:0:0:8,2196.0,0.1464682535372326,373.6000000000001,725.9357045877335,977933.4570115509,0.16,0.055076108507109714,4,13,
6:0:4:4:4:1:1:0:7,2032.0,0.1395198204270998,354.6000000000001,752.5959596097455,1001364.3824098881,0.14222222222222222,0.17003989784248644,4,12,
6:0:4:4:4:1:1:0:8,2180.0,0.14322438358503237,385.80000000000007,656.748630663228,871340.1331539247,0.12444444444444444,0.1928739179545625,3,13,
6:0:4:4:4:2:0:0:7,2048.0,0.13979052036691686,385.0,712.2867082556297,958271.5463028669,0.2088888888888889,0.06884002677258773,5,12,
6:0:4:4:4:2:0:0:8,2212.0,0.14215440427540157,338.4,648.0740961965352,873142.8386446576,0.2577777777777778,0.0538783623764844,5,13,
6:0:4:4:4:2:1:0:7,2032.0,0.13887392097557433,357.79999999999995,734.863221950423,974665.574744114,0.22666666666666666,0.19536358346117805,4,12,
6:0:4:4:4:2:1:0:8,2180.0,0.1482017381030884,388.80000000000007,765.7391073194889,1019866.5465827836,0.21777777777777776,0.1618008837916842,3,13,
6:0:4:4:4:2:2:0:7,2016.0,0.14097070190310013,365.6000000000001,790.2407928197528,1040056.7750986482,0.29333333333333333,0.251114786868975,3,12,
6:0:4:4:4:2:2:0:8,2164.0,0.14221906967106693,379.0,656.9290675990059,860089.3737356634,0.26222222222222225,0.28492743640547746,2,13,
6:0:4:4:4:2:3:0:7,2032.0,0.1377709818928978,398.6,669.2470925902004,873702.5234998321,0.2,0.302297721835475,4,12,
6:0:4:4:4:3:2:0:8,2196.0,0.14312088514546942,365.3999999999999,658.8199157730619,872192.8854962168,0.30666666666666664,0.20942854997475588,4,13,
6:0:4:5:5:0:0:0:8,2312.0,0.15822448461301272,379.4,868.6509037927862,1174365.8857222714,0.06222222222222222,0.01620943661979409,1,14,
6:0:4:5:5:1:0:0:7,2032.0,0.14492351052010083,378.8,849.9789867022682,1146595.5329075856,0.1511111111111111,0.040582059573313005,4,12,
6:0:4:5:5:1:0:0:8,2164.0,0.1512254745708646,361.20000000000005,877.3731778444537,1185514.704754733,0.13333333333333333,0.022323481074906195,2,13,
6:0:4:5:5:1:1:0:7,2016.0,0.1459979694827547,391.0,877.9543133619807,1171184.9434462762,0.12444444444444444,0.14830186939996506,3,12,
6:0:4:5:5:1:1:0:8,2164.0,0.15264067947647403,382.0,888.4152882206658,1184331.1993784092,0.19555555555555557,0.15414238826761634,2,13,
6:0:4:5:5:1:2:0:8,2148.0,0.1466457241445449,342.4,809.1287932522605,1067296.2879941456,0.17777777777777778,0.23575115600159938,1,13,
6:0:4:5:5:2:0:0:7,2032.0,0.14478405236619069,378.2,847.4411782392905,1143030.6680507946,0.22666666666666666,0.041917657654841727,4,12,
6:0:4:6:6:0:0:0:8,2148.0,0.15714552554605976,404.80000000000007,982.9743247863441,1329615.3650493922,0.04,0.010282295960976857,1,13,
6:0:4:6:6:1:0:0:8,2164.0,0.15618020562566676,345.20000000000005,1004.8546265775021,1359196.1573608122,0.13333333333333333,0.010413003650647824,2,13,
6:0:4:6:6:1:1:0:8,2148.0,0.15676188945617134,375.6000000000001,1003.5425127638555,1342177.849432443,0.14222222222222222,0.1255090284484651,1,13,
6:0:4:6:6:2:0:0:7,2016.0,0.15101719628268415,385.80000000000007,996.0869163603933,1345834.8279055932,0.22666666666666666,0.023047063865281953,3,12,
6:0:4:6:7:0:0:0:8,2132.0,0.16071809139480345,381.40000000000003,1102.7570563830775,1492963.3994109358,0.0,0.0,0,13,
6:0:4:7:7:0:0:0:8,2296.0,0.1675293610959523,348.4000000000001,1125.0106246589266,1523091.307230547,0.0,0.0,0,14,
6:0:5:3:3:1:1:0:8,2196.0,0.144457643316835,416.6,637.6969746287876,845496.8746709968,0.14666666666666667,0.19805173811768265,4,13,
6:0:5:3:3:1:2:0:8,2180.0,0.1443492479120324,433.8,634.0580780207291,839073.6301351886,0.16,0.21242740622886672,3,13,
6:0:5:3:3:1:3:0:7,2032.0,0.13729876863223553,428.40000000000003,628.8222942252997,816680.6800509539,0.19111111111111112,0.33171903639245715,4,12,
6:0:5:3:3:1:3:0:8,2164.0,0.14435400423405084,443.4,640.5650952661441,833990.1939971213,0.11555555555555555,0.3179980542901816,2,13,
6:0:5:3:3:2:0:0:7,2064.0,0.1367356419362018,410.4,602.1519435645407,809193.0276552348,0.29333333333333333,0.080171248858626,6,12,
6:0:5:3:3:2:2:0:8,2196.0,0.1445145510514846,424.20000000000005,631.3773986584039,836059.6178888356,0.21777777777777776,0.20766167681676298,4,13,
6:0:5:3:3:2:3:0:7,2032.0,0.13265720658960367,412.80000000000007,539.9871482660824,698480.562086303,0.28888888888888886,0.35305172387356065,4,12,
6:0:5:3:3:2:3:0:8,2196.0,0.1426692495122879,475.2,538.858114026478,697146.2373266201,0.2088888888888889,0.3521233481555522,4,13,
6:0:5:4:4:1:0:0:8,2196.0,0.14993873597404964,420.60000000000014,757.0215594161164,1020138.3528155772,0.13777777777777778,0.05168787532973608,4,13,
6:0:5:4:4:1:1:0:7,2016.0,0.14223259033839886,420.20000000000016,764.0332826139743,1016295.62023165,0.1511111111111111,0.17234652106516443,3,12,
6:0:5:4:4:1:2:0:7,2016.0,0.14212553885009896,427.8,754.0246241272266,987624.7469276419,0.18666666666666668,0.2823356468117042,3,12,
6:0:5:4:4:1:2:0:8,2196.0,0.14519969903397018,420.6000000000001,650.3932282643292,861253.364855687,0.16444444444444445,0.20754571839014568,4,13,
6:0:5:4:4:1:3:0:8,2148.0,0.15071987221155195,464.2,778.9971247599185,1012363.3705974065,0.1688888888888889,0.32823779545311416,1,13,
6:0:5:4:4:2:1:0:7,2016.0,0.1411879780017289,419.3999999999999,741.3295050389,986542.2133961358,0.2,0.16863790379329294,3,12,
6:0:5:4:4:2:1:0:8,2180.0,0.15029961684054685,426.20000000000005,775.5413789123038,1033442.044229234,0.2088888888888889,0.15757425942108802,3,13,
6:0:5:4:4:2:2:0:7,2016.0,0.14227127226546205,413.79999999999995,771.3036259728966,1015172.9535467364,0.26666666666666666,0.2508495105826521,3,12,
6:0:5:4:4:3:2:0:7,2016.0,0.1450468033317345,476.99999999999994,770.5530749640262,1014863.0893620626,0.3288888888888889,0.24630987280833072,3,12,
6:0:5:4:4:3:2:0:8,2164.0,0.14840552039137947,409.19999999999993,765.9242088060381,1005508.0256759997,0.30666666666666664,0.26781810593006333,2,13,
6:0:5:5:5:0:0:0:8,2180.0,0.1546604287853469,412.8,887.059647670305,1198407.858337374,0.05333333333333334,0.0241460993808811,3,13,
6:0:5:5:5:0:1:0:7,2016.0,0.14747136804125768,439.4,862.7057809282979,1149705.5656394758,0.08888888888888889,0.15674261533191436,3,12,
6:0:5:5:5:1:0:0:7,2032.0,0.1471437361830624,436.8,841.9340641189038,1135799.1386669674,0.16,0.04004924130536495,4,12,
6:0:5:5:5:1:0:0:8,2180.0,0.1548167242994095,432.20000000000005,871.176296736714,1175910.2792066757,0.16444444444444445,0.0339159761506446,3,13,
6:0:5:5:5:1:1:0:7,2016.0,0.1465709895495137,434.0,847.8472648640583,1129837.5358797917,0.16444444444444445,0.15723956943107253,3,12,
6:0:5:5:5:1:1:0:8,2164.0,0.15409504740177257,414.79999999999995,888.338566539883,1184975.2592596486,0.15555555555555556,0.14875379095632296,2,13,
6:0:5:5:5:2:1:0:7,2016.0,0.14750988171475277,419.0,883.9723385819372,1179962.5238266743,0.20444444444444446,0.14279480798437233,3,12,
6:0:5:6:6:0:0:0:8,2296.0,0.1674695098425671,470.99999999999994,1001.0639714577592,1355286.6075120433,0.0,0.0,0,14,
6:0:5:6:6:1:0:0:7,2016.0,0.15598180264640868,469.8000000000001,1023.7905595441953,1384370.5250009845,0.17333333333333334,0.014035774960281095,3,12,
6:0:5:6:6:1:0:0:8,2164.0,0.15969266639784568,408.6,1020.4849939515279,1379191.262247386,0.13777777777777778,0.019859160668516777,2,13,
6:0:5:6:7:0:0:0:8,2296.0,0.17035825456223072,421.40000000000003,1115.6607276501911,1510432.985126413,0.0,0.0,0,14,
6:0:5:7:7:0:0:0:8,2296.0,0.1712887698905053,433.0,1124.997322536369,1523073.2982030844,0.0,0.0,0,14,
6:0:5:7:8:0:0:0:8,2132.0,0.1704564785828765,435.5999999999999,1267.670768114721,1716231.193755315,0.0,0.0,0,13,
6:0:6:3:3:1:2:0:8,2212.0,0.142671300354239,481.00000000000006,517.1042579703776,682024.7828498053,0.18222222222222223,0.23648210400390335,5,13,
6:0:6:3:3:2:3:0:7,2032.0,0.13990536164132894,498.4,617.4706369299009,801906.8437714726,0.21333333333333335,0.3319289409056396,4,12,
6:0:6:4:4:2:2:0:7,2016.0,0.14455882492438954,491.59999999999997,744.9735607987652,974571.0636015447,0.23555555555555555,0.28991491286129417,3,12,
6:0:6:4:4:3:2:0:7,2016.0,0.14568719766926755,492.80000000000007,769.1619475585194,1010900.5154290898,0.32,0.260437407561375,3,12,
6:0:6:5:5:0:0:0:8,2164.0,0.1572255896065476,502.00000000000006,871.5757661473208,1176714.7486721857,0.06666666666666667,0.031440603180628586,2,13,
6:0:6:5:5:0:1:0:8,2148.0,0.15724236618677007,514.8000000000001,875.1532392023262,1168130.412976925,0.09777777777777778,0.14324256206066693,1,13,
6:0:6:6:6:0:1:0:8,2148.0,0.16187391269941023,511.00000000000006,983.1630357367305,1315019.7733103752,0.057777777777777775,0.1248318067707481,1,13,
6:0:6:6:7:0:0:0:8,2132.0,0.1674808156311468,528.6,1107.7183517008032,1499680.2299949336,0.0,0.0,0,13,
6:0:6:7:7:0:0:0:8,2132.0,0.1665928335884282,482.2,1134.138755739635,1535449.3923859673,0.0,0.0,0,13,
6:0:7:4:4:3:2:0:7,2032.0,0.14434009161624578,551.4,664.2520613655295,868236.5036230357,0.3244444444444444,0.29504632182179746,4,12,
6:0:7:6:7:0:0:0:8,2132.0,0.170657456328709,589.2,1118.5927673959525,1514402.5158591354,0.0,0.0,0,13,
7:0:0:0:0:2:2:0:9,2556.0,0.124774200781056,100.19999999999999,151.21951757376016,197980.59270667844,0.28,0.28507457267472325,6,15,
7:0:0:0:0:2:3:1:8,2424.0,0.11901283764067878,118.60000000000002,135.18884691527282,174249.20735803913,0.25333333333333335,0.370770703691632,8,14,
7:0:0:0:0:2:3:0:9,2572.0,0.12558511571785697,117.00000000000001,136.6651036517813,176434.61919974885,0.24,0.36287898827924875,7,15,
7:0:0:0:0:3:2:1:8,2424.0,0.11893404322839209,99.0,153.01597263882212,200640.017774957,0.38222222222222224,0.2754711535850778,8,14,
7:0:0:0:0:3:2:0:9,2572.0,0.1254996704863257,99.79999999999998,151.94258594232804,199051.00419809102,0.3422222222222222,0.2812092221247034,7,15,
7:0:0:0:0:3:3:1:8,2424.0,0.11901952683137497,120.60000000000001,133.33935370593687,171511.26600889137,0.36444444444444446,0.380657652014547,8,14,
7:0:0:0:0:3:3:0:9,2556.0,0.12481109618241926,107.4,144.8496641044328,188550.82831844047,0.3288888888888889,0.31912628573745666,6,15,
7:0:0:0:0:3:4:1:8,2424.0,0.11907181864978791,125.4,129.71591962022777,166147.2290072435,0.36,0.4000276639594719,8,14,
7:0:0:0:0:4:2:0:9,2572.0,0.12550470751141,102.2,149.655919006725,195665.88230463746,0.4488888888888889,0.29343319662209755,7,15,
7:0:0:0:0:4:3:1:8,2424.0,0.11897527053231582,111.80000000000001,141.14358697710557,183064.44872060284,0.4,0.33893808761575484,8,14,
7:0:0:0:0:4:3:0:9,2572.0,0.12552979052522953,109.4,143.02028681766438,185842.66605466366,0.40444444444444444,0.32890569914978707,7,15,
7:0:0:0:0:5:3:1:8,2424.0,0.11905392027268549,124.2,130.51320613542404,167327.51110076773,0.5022222222222222,0.39576556094957066,8,14,
7:0:0:0:1:2:1:0:9,2572.0,0.12540249499065453,79.8,169.75613728972706,225421.71946377328,0.29333333333333333,0.18598223738623848,7,15,
7:0:0:1:1:2:1:0:8,2392.0,0.12337665190250706,94.4,289.5746678064086,387090.47186091833,0.29333333333333333,0.1301233895452863,6,14,
7:0:0:1:1:2:3:0:8,2392.0,0.1228720189083436,106.8,265.8204254377305,341465.06850438006,0.2577777777777778,0.3868679629807264,6,14,
7:0:0:1:1:3:1:0:9,2556.0,0.13018860679926522,105.4,267.8436529834675,355924.0808780646,0.3288888888888889,0.18038151101326363,6,15,
7:0:0:1:1:3:2:0:8,2408.0,0.12367373909529461,112.6,262.0591296441289,347360.82389721187,0.3422222222222222,0.2001008953553873,7,14,
7:0:0:1:1:4:1:0:8,2408.0,0.12412726663466105,104.20000000000002,280.66349927987375,373922.55164276337,0.4,0.15923058208449273,7,14,
7:0:0:2:2:1:0:0:9,2540.0,0.1364775560827973,109.99999999999999,420.7450118629397,566359.8716772819,0.16444444444444445,0.06317172522069452,5,15,
7:0:0:2:2:1:1:0:8,2392.0,0.12831957374815664,112.80000000000001,382.3904093335246,511343.90964172856,0.19111111111111112,0.12692904231065205,6,14,
7:0:0:2:2:2:0:0:8,2376.0,0.1292497128255371,103.20000000000002,428.9185385745848,577166.8796628176,0.27111111111111114,0.06665301235429687,5,14,
7:0:0:2:2:2:0:0:9,2524.0,0.13495200424130324,87.4,425.02009542932274,571517.7307278878,0.24888888888888888,0.07383315936558614,4,15,
7:0:0:2:2:2:1:0:8,2376.0,0.12827382629709969,122.80000000000003,387.361091684743,518350.9595980369,0.21333333333333335,0.12061097199972497,5,14,
7:0:0:2:2:2:1:0:9,2540.0,0.13538772585241646,113.4,392.8238316793701,526694.2351647071,0.26222222222222225,0.1022785442938278,5,15,
7:0:0:2:2:3:0:0:8,2376.0,0.1283973542817887,114.0,398.94047134024527,535522.1146057175,0.31555555555555553,0.09099568028685134,5,14,
7:0:0:2:2:3:1:0:8,2392.0,0.12885022272111804,121.80000000000001,385.3300112251558,515600.57946426276,0.31555555555555553,0.12118707239152293,6,14,
7:0:0:3:3:0:0:0:8,2376.0,0.1338501274070647,114.4,521.227866658956,701187.2965869554,0.09777777777777778,0.06948226658765444,5,14,
7:0:0:3:3:0:0:0:9,2508.0,0.13941363958794223,99.0,529.8068907287002,715059.2963565807,0.07111111111111111,0.03501639396313667,3,15,
7:0:0:3:3:1:0:0:8,2376.0,0.13298643950267455,124.2,491.9948888101776,660553.9114835153,0.1511111111111111,0.0892330847040457,5,14,
7:0:0:3:3:1:0:0:9,2508.0,0.1409776623136562,125.60000000000002,538.3974020572642,724971.7029448664,0.10666666666666667,0.05972097461208014,3,15,
7:0:0:3:3:2:2:0:9,2508.0,0.14034077536907388,113.40000000000002,536.2674458041624,710138.6186626104,0.21777777777777776,0.20742849320323256,3,15,
7:0:0:4:4:0:0:0:9,2640.0,0.15568189139399982,90.80000000000001,772.0425563649959,1044329.6223684449,0.044444444444444446,0.009951878158566515,1,16,
7:0:0:4:4:1:0:0:8,2360.0,0.13930366125619556,125.20000000000002,649.1323782644006,873868.4602421352,0.19555555555555557,0.06223640496016127,4,14,
7:0:0:5:5:0:0:0:9,2460.0,0.15590029123234125,121.4,926.3565527276783,1254144.2560005495,0.0,0.0,0,15,
7:0:1:0:0:2:4:1:8,2424.0,0.1190689999235963,129.8,125.25249828091697,159539.6968563385,0.29777777777777775,0.4238880468483646,8,14,
7:0:1:0:0:2:5:0:8,2408.0,0.11988147698299746,139.79999999999998,149.5332321174427,180646.8671828867,0.28888888888888886,0.5853726861593352,7,14,
7:0:1:0:0:3:4:1:8,2424.0,0.11906768732545778,129.80000000000004,125.22296482279988,159495.97629778011,0.3111111111111111,0.4240459256514479,8,14,
7:0:1:0:0:3:4:0:9,2572.0,0.12566626733243164,133.8,121.6910149797119,154267.37017492842,0.3022222222222222,0.4429268847171353,7,15,
7:0:1:0:0:3:6:0:8,2392.0,0.12048374957618131,183.80000000000007,135.08436546407916,158785.9131415095,0.3288888888888889,0.6397182724948333,6,14,
7:0:1:0:0:3:6:0:9,2556.0,0.12623067754795775,137.20000000000002,146.99024482904971,175769.29564596518,0.32,0.6073019524814186,6,15,
7:0:1:0:0:4:4:1:8,2424.0,0.11907819495445704,132.6,122.65938647528336,155700.9219964099,0.4577777777777778,0.4377502023234019,8,14,
7:0:1:0:0:4:5:0:8,2408.0,0.11966652522812425,135.39999999999998,149.09681763279565,180410.3071307372,0.4577777777777778,0.5817089620289018,7,14,
7:0:1:0:0:4:7:0:8,2392.0,0.11960374386870677,144.0,155.08423704590234,173781.42919671466,0.4311111111111111,0.7089444294476284,6,14,
7:0:1:1:1:1:3:0:9,2524.0,0.1312147769485584,131.20000000000002,297.1324813425646,383077.44834058883,0.1511111111111111,0.36957529848983656,4,15,
7:0:1:1:1:2:1:0:9,2556.0,0.13157746635755352,138.99999999999997,265.4929930449542,353511.3209702623,0.29333333333333333,0.16395540348929402,6,15,
7:0:1:1:1:2:2:0:8,2392.0,0.12380929871689386,134.0,259.7092211301119,343651.9702257265,0.2088888888888889,0.21310322690626401,6,14,
7:0:1:1:1:2:4:0:8,2376.0,0.12380830903883523,137.8,271.88695337379266,347647.9254742802,0.2311111111111111,0.4076100333720319,5,14,
7:0:1:1:1:2:4:0:9,2540.0,0.13091244580692582,128.20000000000002,277.33003065583125,354779.9585596241,0.26222222222222225,0.405491834487049,5,15,
7:0:1:1:1:2:5:0:8,2360.0,0.124920750497744,167.60000000000002,283.11688619923984,347936.5333520196,0.28444444444444444,0.5431808931618043,4,14,
7:0:1:1:1:3:1:0:8,2392.0,0.12442822767632122,141.6,266.035122717228,354030.27722354874,0.38222222222222224,0.1686939658750684,6,14,
7:0:1:1:1:3:1:0:9,2556.0,0.13162519352984842,130.60000000000002,274.9668544215891,366063.0399521414,0.3288888888888889,0.165383795589998,6,15,
7:0:1:1:1:3:2:0:8,2408.0,0.12472710789681324,139.00000000000003,259.35992767829805,342433.4428252196,0.37333333333333335,0.22914139520422955,7,14,
7:0:1:1:1:3:2:0:9,2556.0,0.1319162273482682,158.8,253.31511533603398,334809.0833613866,0.3022222222222222,0.22147241871554443,6,15,
7:0:1:1:1:3:4:0:8,2392.0,0.12465213772141732,146.20000000000005,266.47309873188976,340299.7632973732,0.38666666666666666,0.4129993846496824,6,14,
7:0:1:1:1:3:5:0:9,2524.0,0.13021419855108607,136.39999999999998,269.4194673994366,330100.86907753,0.30666666666666664,0.5512037794224941,4,15,
7:0:1:1:1:3:6:0:8,2360.0,0.12484921904021865,158.0,291.10742840491963,347360.82389721187,0.3422222222222222,0.6116186702718154,4,14,
7:0:1:2:2:1:0:0:9,2540.0,0.13811423800350972,170.40000000000003,397.1703550789686,533522.0271966073,0.19555555555555557,0.08407093074062873,5,15,
7:0:1:2:2:1:1:0:9,2540.0,0.13708580467572049,148.2,396.23060520371104,530217.8378890741,0.15555555555555556,0.12064457238413943,5,15,
7:0:1:2:2:1:3:0:9,2524.0,0.13545228098780693,131.0,392.67632222565595,512717.75800919125,0.19555555555555557,0.30139157561288465,4,15,
7:0:1:2:2:2:0:0:8,2376.0,0.12884809004294903,146.0,377.08202596635346,505867.56843273906,0.24888888888888888,0.09698161120256489,5,14,
7:0:1:2:2:2:0:0:9,2540.0,0.1369728146442245,136.20000000000002,405.6883294950516,544702.8883509897,0.24,0.0887937822332649,5,15,
7:0:1:2:2:2:1:0:8,2392.0,0.12898560400558431,143.40000000000003,366.77609012564716,488659.53540752194,0.21777777777777776,0.159044024109929,6,14,
7:0:1:2:2:2:3:0:9,2508.0,0.13641170753992363,156.20000000000002,405.0634196482818,528136.3073354955,0.20444444444444446,0.3097575456363787,3,15,
7:0:1:2:2:3:1:0:8,2392.0,0.12894425115862596,140.8,368.4456510690838,492466.9072410817,0.39555555555555555,0.13111944302232678,6,14,
7:0:1:2:3:1:0:0:8,2376.0,0.13300980191717435,132.6,484.12054313642295,649412.1393951462,0.1688888888888889,0.09773732921765503,5,14,
7:0:1:3:3:0:0:0:9,2508.0,0.14193357255602845,181.6,503.9053825106405,678820.9949678188,0.09333333333333334,0.055194027387765944,3,15,
7:0:1:3:3:0:2:0:8,2344.0,0.13514120908193342,159.99999999999997,536.6772043435016,708284.6527859054,0.08444444444444445,0.23206285943349342,3,14,
7:0:1:3:3:1:0:0:8,2360.0,0.13456159486600236,165.39999999999998,502.2358844850531,674758.3245694032,0.1288888888888889,0.08258847007887353,4,14,
7:0:1:3:3:1:0:0:9,2508.0,0.1415770594462125,151.6,525.8838375397809,709273.5832643423,0.15555555555555556,0.04252190279986477,3,15,
7:0:1:3:3:1:1:0:8,2360.0,0.1342609746332591,154.0,506.8719292483291,679674.32977646,0.16,0.10135931358377605,4,14,
7:0:1:3:3:1:2:0:8,2360.0,0.13462483961975427,153.00000000000003,516.058891444471,680107.0069810376,0.14666666666666667,0.24199076631745603,4,14,
7:0:1:3:3:2:0:0:8,2360.0,0.13480901679368107,171.6,501.60287785782384,674556.7826779378,0.2577777777777778,0.07294240380006464,4,14,
7:0:1:3:3:2:0:0:9,2508.0,0.14105158332180598,135.79999999999998,529.8606247406343,713676.9757737385,0.21777777777777776,0.0567921175152414,3,15,
7:0:1:3:3:2:1:0:8,2376.0,0.13532749301800232,161.39999999999998,507.468592905052,680464.9662839742,0.24444444444444444,0.10149165195525403,5,14,
7:0:1:3:3:2:2:0:8,2360.0,0.13480786588819965,160.60000000000002,512.5769824844924,676690.0848442672,0.2088888888888889,0.2298398039799519,4,14,
7:0:1:3:4:1:0:0:8,2344.0,0.13932846100500285,147.8,643.0903726125639,866709.8784658875,0.10666666666666667,0.050447144790609945,3,14,
7:0:1:3:4:1:0:0:9,2508.0,0.14679897791036303,155.0,639.9770029831683,863448.912263616,0.11555555555555555,0.03883134470945292,3,15,
7:0:1:3:4:2:0:0:8,2344.0,0.13901883067965212,148.0,635.923690292173,857480.0306084731,0.2,0.04511706570212878,3,14,
7:0:1:4:4:0:0:0:9,2640.0,0.15207609289886567,132.4,649.3120902244774,877371.5554553645,0.035555555555555556,0.022130732989014194,1,16,
7:0:1:4:4:1:0:0:8,2344.0,0.1396514693513315,136.8,661.3580604049583,892710.3249145331,0.17777777777777778,0.03377042653749976,3,14,
7:0:1:4:4:1:0:0:9,2492.0,0.14707947348990835,159.0,658.2881535229383,888755.8696431131,0.12,0.03143067297397155,2,15,
7:0:1:4:4:1:1:0:8,2328.0,0.13920305027800037,151.00000000000003,653.0686312550084,866959.3976769805,0.11555555555555555,0.1883478492470534,2,14,
7:0:1:4:5:0:0:0:8,2328.0,0.14558592039904975,143.59999999999997,804.0832089786194,1086773.2018083106,0.09777777777777778,0.01933899729310235,2,14,
7:0:1:4:5:0:0:0:9,2624.0,0.16043192745883847,196.00000000000003,789.7183678238655,1069157.1749000028,0.0,0.0,0,16,
7:0:1:5:5:0:0:0:9,2624.0,0.1647962091899495,160.99999999999997,922.9147067738637,1249484.5260938464,0.0,0.0,0,16,
7:0:1:5:5:1:0:0:8,2328.0,0.14925492475668872,135.2,895.0358070254964,1210192.4475766518,0.10222222222222223,0.014748374774385172,2,14,
7:0:2:1:1:2:4:0:8,2376.0,0.1292542045647239,260.0,272.2196027062872,348621.95132185216,0.27555555555555555,0.4006880227203964,5,14,
7:0:2:2:2:1:0:0:8,2376.0,0.13335334140070754,220.79999999999998,403.65018151591966,541544.7126139357,0.18222222222222223,0.09635684600964464,5,14,
7:0:2:2:2:1:1:0:8,2376.0,0.13294241963614675,233.20000000000002,382.00444181330204,511391.93088298524,0.18666666666666668,0.11685343981015725,5,14,
7:0:2:2:2:1:3:0:8,2376.0,0.13137838877985641,202.80000000000007,377.213747546769,489528.8419562013,0.16,0.3358783177061215,5,14,
7:0:2:2:2:1:4:0:8,2360.0,0.13318639387982734,249.00000000000003,387.69386229611507,492507.8983466348,0.14666666666666667,0.4347022532166194,4,14,
7:0:2:2:2:1:4:0:9,2492.0,0.14080608519884522,253.40000000000003,422.7369169740173,540314.5765272102,0.14222222222222222,0.40935463992957105,2,15,
7:0:2:2:2:2:0:0:8,2376.0,0.13283452944584268,206.8,405.97691253146,545242.9090036098,0.2222222222222222,0.08604491419654371,5,14,
7:0:2:2:2:2:1:0:8,2392.0,0.13360994014601751,244.20000000000002,370.02365328539395,492544.63168710173,0.23555555555555555,0.1665165558893366,6,14,
7:0:2:2:2:2:1:0:9,2540.0,0.14004153296622773,236.60000000000002,374.334491740124,501781.177232942,0.21333333333333335,0.10460135866992057,5,15,
7:0:2:2:2:2:2:0:8,2360.0,0.13243762337080608,223.00000000000003,396.8465258431369,518481.7092752998,0.2088888888888889,0.2977306714463319,4,14,
7:0:2:2:2:2:3:0:8,2376.0,0.13376097648707422,244.60000000000002,389.0219709591699,505294.90372665063,0.2088888888888889,0.3311361466081939,5,14,
7:0:2:2:2:2:4:0:8,2344.0,0.13013850043215838,214.40000000000003,369.716259723564,465385.70161005226,0.24444444444444444,0.46914897905039094,3,14,
7:0:2:2:2:3:0:0:8,2392.0,0.1338195423303467,214.60000000000002,404.33970243280106,542375.4331297757,0.31555555555555553,0.09803091714991512,6,14,
7:0:2:2:2:3:1:0:8,2392.0,0.13276908943822632,209.8,385.5045123600921,515961.93996153446,0.32,0.11891552366865858,6,14,
7:0:2:2:2:3:3:0:8,2376.0,0.1320501568926658,210.39999999999998,384.7285300849802,501523.6117732114,0.3111111111111111,0.3109020436713809,5,14,
7:0:2:3:3:0:0:0:8,2376.0,0.13957056994117148,240.8,523.5378236763581,705403.2765068668,0.09777777777777778,0.053180552928615836,5,14,
7:0:2:3:3:0:0:0:9,2524.0,0.14540615082241184,257.0,490.6383935042665,659487.2956386032,0.09777777777777778,0.07789561372218992,4,15,
7:0:2:3:3:0:2:0:8,2344.0,0.1426833082653977,230.60000000000002,635.7744359714487,842397.5742751544,0.08,0.2030395487054173,3,14,
7:0:2:3:3:0:2:0:9,2640.0,0.15224923735160803,237.2,548.4078404111806,726366.5019265969,0.07555555555555556,0.20586054200575318,1,16,
7:0:2:3:3:1:0:0:8,2376.0,0.13956545474309448,263.20000000000005,501.02273171962537,674204.523395612,0.19555555555555557,0.06647240510966891,5,14,
7:0:2:3:3:1:0:0:9,2524.0,0.1454712841943597,249.80000000000004,499.303894373093,670746.2259184844,0.17777777777777778,0.08366633624985992,4,15,
7:0:2:3:3:1:2:0:8,2360.0,0.1386183592268725,259.8,499.1130826046307,655730.13992394,0.17777777777777778,0.26292536860779664,4,14,
7:0:2:3:3:1:2:0:9,2492.0,0.14576195693924027,267.4,520.2440311329059,688270.0944314195,0.12,0.2144608706589039,2,15,
7:0:2:3:3:1:3:0:8,2328.0,0.1370591375743663,230.6,525.2305954232419,678571.983579318,0.1511111111111111,0.35919235357987706,2,14,
7:0:2:3:3:2:0:0:8,2376.0,0.1380234262773149,227.40000000000003,502.12709123958507,674484.3359765328,0.24444444444444444,0.08446516624703629,5,14,
7:0:2:3:3:2:0:0:9,2524.0,0.1439261423840306,207.4,506.93820364068824,682686.9092823315,0.2222222222222222,0.058559244069269656,4,15,
7:0:2:3:3:2:2:0:8,2360.0,0.1377332926212373,226.8,512.1990839778392,673891.8063519045,0.24444444444444444,0.2533808943167647,4,14,
7:0:2:3:3:2:2:0:9,2508.0,0.1449007820678835,222.40000000000003,529.8675965273785,700682.7602763372,0.2222222222222222,0.21781094544542587,3,15,
7:0:2:3:4:0:0:0:9,2640.0,0.15638990054577667,244.6,634.1727622799755,857749.9562287255,0.04,0.01109335600531826,1,16,
7:0:2:3:4:1:0:0:8,2360.0,0.1432259256059566,216.39999999999998,646.1833261340229,871671.6247252047,0.16,0.04070386985295328,4,14,
7:0:2:3:4:1:0:0:9,2508.0,0.1488707262501846,206.2,635.391340629154,857081.6180516863,0.17333333333333334,0.041108587123230254,3,15,
7:0:2:3:4:1:1:0:8,2328.0,0.14130850372451176,207.40000000000003,644.0413338015142,856063.4303613671,0.15555555555555556,0.17823382139902155,2,14,
7:0:2:3:4:1:2:0:8,2344.0,0.14420041266658143,255.4,645.1092849980821,853515.3610133405,0.1511111111111111,0.2140139736746142,3,14,
7:0:2:3:4:2:1:0:8,2344.0,0.1444621639076109,259.00000000000006,647.3986879212455,858704.2800836206,0.21777777777777776,0.19495926800842206,3,14,
7:0:2:4:4:0:0:0:8,2344.0,0.1492891925220948,263.00000000000006,752.0068317471333,1014143.6184106264,0.08,0.0436680787030808,3,14,
7:0:2:4:4:0:0:0:9,2640.0,0.1556594819066808,214.40000000000003,647.9383429003178,875717.6347652976,0.09333333333333334,0.01953393990733599,1,16,
7:0:2:4:4:0:1:0:9,2476.0,0.15613497223198725,260.2,776.8368752197135,1036332.0939900755,0.08,0.14799332796913964,1,15,
7:0:2:4:4:1:0:0:8,2328.0,0.14847248348416128,248.60000000000002,764.0308783936291,1031972.5288662945,0.10222222222222223,0.026572381802258987,2,14,
7:0:2:4:4:1:0:0:9,2492.0,0.15605622396471466,238.8,780.4650392060798,1054684.2990361294,0.1511111111111111,0.021123991247856244,2,15,
7:0:2:4:4:1:1:0:8,2328.0,0.14475432423341217,257.99999999999994,670.9722952517737,893064.4435554709,0.12444444444444444,0.16723724863867298,2,14,
7:0:2:4:4:1:1:0:9,2492.0,0.15100172500287104,253.79999999999998,651.738812564598,864333.5761048526,0.12444444444444444,0.19609853233954364,2,15,
7:0:2:4:4:2:0:0:8,2344.0,0.14362733807607883,235.2,652.415106711774,879485.6459802347,0.2088888888888889,0.04792726044050039,3,14,
7:0:2:4:5:0:0:0:9,2624.0,0.16205082983099986,234.60000000000002,787.543671197497,1066212.9702366116,0.0,0.0,0,16,
7:0:2:5:5:0:0:0:9,2460.0,0.15793882065205753,219.8,873.823464671294,1183022.5367857518,0.0,0.0,0,15,
7:0:2:5:5:1:0:0:8,2328.0,0.15339714264523455,233.4,890.0357095177775,1203193.0292778073,0.10666666666666667,0.01699934017817409,2,14,
7:0:2:6:6:0:0:0:9,2460.0,0.16535804378705773,263.20000000000005,997.3559852087994,1350266.564590375,0.0,0.0,0,15,
7:0:3:1:1:3:5:0:8,2376.0,0.13006956243030904,288.19999999999993,262.36515468195347,320136.15949191875,0.3422222222222222,0.5617017682567375,5,14,
7:0:3:2:2:1:1:0:8,2376.0,0.13522504177442632,270.40000000000003,396.16343992459184,530351.9737342859,0.17777777777777778,0.11676127027619522,5,14,
7:0:3:2:2:1:2:0:9,2508.0,0.14465563834770465,315.40000000000003,431.3518628233543,567524.5972519575,0.1511111111111111,0.25335566251858577,3,15,
7:0:3:2:2:1:3:0:9,2524.0,0.14362021738999858,308.6,398.8548912749684,520346.8292457162,0.18666666666666668,0.3063433334566632,4,15,
7:0:3:2:2:1:4:0:9,2492.0,0.1413637311633882,271.8,416.8839511762347,531967.0494282494,0.14666666666666667,0.4163151824398446,2,15,
7:0:3:2:2:2:0:0:9,2540.0,0.14256735040097115,281.20000000000005,386.56538402185123,518786.9932452766,0.26222222222222225,0.09330689989764662,5,15,
7:0:3:2:2:2:1:0:8,2376.0,0.13451511400295188,274.0,376.5900650664169,503334.62734988733,0.29777777777777775,0.1314420819579285,5,14,
7:0:3:2:2:2:3:0:8,2376.0,0.13790268516037596,329.20000000000005,397.6104161084593,517533.12816029973,0.2577777777777778,0.31952290147685286,5,14,
7:0:3:2:2:2:3:0:9,2640.0,0.14988918605934295,305.0,427.50668633521633,551491.7835277392,0.21333333333333335,0.366642902403094,1,16,
7:0:3:2:3:2:0:0:8,2376.0,0.14026186086540693,291.2,488.69186947165593,657050.5427773199,0.26222222222222225,0.07514777014046727,5,14,
7:0:3:3:3:0:0:0:9,2524.0,0.1477355544095582,305.2,494.84997421506023,665189.1279855239,0.09777777777777778,0.0772795119355544,4,15,
7:0:3:3:3:1:0:0:8,2376.0,0.14203319963786334,300.00000000000006,519.7469918519251,699463.908654976,0.13333333333333333,0.06554809578331751,5,14,
7:0:3:3:3:1:0:0:9,2524.0,0.14890707510051168,310.8,515.6091897615123,694124.0832550193,0.14222222222222222,0.06214894234685783,4,15,
7:0:3:3:3:1:1:0:8,2344.0,0.14449356267391997,269.4,637.705160163199,846060.0381942017,0.10666666666666667,0.19300445985974557,3,14,
7:0:3:3:3:1:1:0:9,2640.0,0.1536120534531933,279.6,536.6712026968492,712162.9665398259,0.10222222222222223,0.1913929401468837,1,16,
7:0:3:3:3:1:2:0:8,2344.0,0.14165033244440356,338.00000000000006,505.1324799990804,664251.5713616926,0.17333333333333334,0.25682858056141594,3,14,
7:0:3:3:3:1:2:0:9,2492.0,0.1485798931700863,314.40000000000003,536.6475963269418,711297.7975051713,0.17777777777777778,0.20043996340971504,2,15,
7:0:3:3:3:2:0:0:8,2376.0,0.13978112565533982,275.4,493.67532724514575,662977.7420802905,0.26666666666666666,0.08675134332241861,5,14,
7:0:3:3:3:2:2:0:8,2360.0,0.14348466906372573,323.19999999999993,545.205053933829,719992.4041289121,0.2088888888888889,0.22758314661488627,4,14,
7:0:3:3:3:2:3:0:8,2344.0,0.14024605275574642,286.8,524.7361870042943,678615.1143903998,0.28,0.35409326558723225,3,14,
7:0:3:3:3:3:2:0:8,2360.0,0.14228738350784606,321.4,520.0661289265361,683679.3164968145,0.31555555555555553,0.2588671742936531,4,14,
7:0:3:3:3:3:3:0:8,2344.0,0.1416120854881534,318.6000000000001,523.6719234834519,679192.6658202042,0.3377777777777778,0.339050687697773,3,14,
7:0:3:3:4:0:0:0:9,2492.0,0.1522290593087107,291.0,642.153834445991,866191.8367778616,0.08888888888888889,0.04125481906742114,2,15,
7:0:3:3:4:1:0:0:8,2360.0,0.14609573991405372,289.2,637.9541480662089,858803.0301038256,0.13333333333333333,0.062443420330765276,4,14,
7:0:3:3:4:1:0:0:9,2508.0,0.15481926532140675,335.0000000000001,640.4334697316515,864059.8620926891,0.1111111111111111,0.038892966628114665,3,15,
7:0:3:3:4:1:1:0:8,2344.0,0.14756276314788228,332.2000000000001,643.9621708273507,854390.0509148985,0.15555555555555556,0.19274343291011112,3,14,
7:0:3:3:4:2:0:0:8,2360.0,0.1465887573846401,296.2,642.0470411544028,865203.8943613345,0.2088888888888889,0.05166866406150374,4,14,
7:0:3:4:4:0:0:0:8,2344.0,0.15162956302083563,302.20000000000005,765.4651679688025,1034031.8366688129,0.09333333333333334,0.0252593082908477,3,14,
7:0:3:4:4:0:0:0:9,2508.0,0.15531241518068628,337.59999999999997,648.9293415654414,875337.8412127151,0.04888888888888889,0.04117314391767955,3,15,
7:0:3:4:4:1:0:0:8,2328.0,0.14945654843406359,286.2,748.5723397664306,1010795.6506485682,0.10666666666666667,0.0298277882331759,2,14,
7:0:3:4:4:1:0:0:9,2508.0,0.15419703327845988,310.20000000000005,651.2332487653474,878732.5746781016,0.14666666666666667,0.03763408504401433,3,15,
7:0:3:4:4:1:1:0:8,2328.0,0.14426891036229575,270.0,648.0504831516541,859394.3596577549,0.1111111111111111,0.1965273412362024,2,14,
7:0:3:4:4:1:1:0:9,2492.0,0.1540196861015732,315.00000000000006,658.4429372853971,875536.6365654622,0.11555555555555555,0.17518465349515813,2,15,
7:0:3:4:4:2:0:0:8,2344.0,0.14656258064487052,293.6,660.0580645095869,891231.5553239103,0.2,0.030365864588487074,3,14,
7:0:3:4:4:2:0:0:9,2492.0,0.15901990322798462,308.40000000000003,777.5478226296539,1051040.1800722175,0.20444444444444446,0.017928339636676633,2,15,
7:0:3:4:5:0:0:0:9,2624.0,0.16578079456369704,315.40000000000003,790.667877683183,1070442.6651710786,0.0,0.0,0,16,
7:0:3:4:5:1:0:0:9,2640.0,0.1656835933754248,301.0,786.8808509470576,1064075.6797111141,0.1111111111111111,0.013450265435706118,1,16,
7:0:3:5:5:0:0:0:8,2328.0,0.15722920335173038,330.6,879.0570754139335,1187956.82621489,0.09333333333333334,0.02074739733209174,2,14,
7:0:3:5:5:0:0:0:9,2476.0,0.16119099912005835,272.0,878.7974802013131,1189356.5734325969,0.09333333333333334,0.00391962577770451,1,15,
7:0:3:6:6:0:0:0:9,2460.0,0.1656436056611517,275.6,991.3811273759133,1342177.5262935439,0.0,0.0,0,15,
7:0:4:2:2:2:4:0:8,2360.0,0.13791310580623517,356.6,386.44488064029133,488940.7888458372,0.24444444444444444,0.45039395331713056,4,14,
7:0:4:3:3:0:0:0:9,2492.0,0.154473154568044,361.4000000000001,622.2459777809897,839291.7597289337,0.07111111111111111,0.04185457228706364,2,15,
7:0:4:3:3:1:0:0:8,2360.0,0.14808034650555793,349.6,622.2077963750534,837748.010008432,0.13333333333333333,0.06068139049450815,4,14,
7:0:4:3:3:1:1:0:8,2328.0,0.14820472854853797,373.59999999999997,633.0063923421044,841178.5559743267,0.13777777777777778,0.1803061971174996,2,14,
7:0:4:3:3:1:2:0:8,2344.0,0.1442176575650301,388.6000000000001,512.2972952131777,676619.1059550958,0.15555555555555556,0.22668984407175682,3,14,
7:0:4:3:3:1:2:0:9,2492.0,0.15251517065170903,392.2,547.3913396634531,724965.6075983135,0.10666666666666667,0.20642752779988108,2,15,
7:0:4:3:3:2:0:0:8,2360.0,0.14472321463524965,377.40000000000003,518.8723292931172,697625.4069439389,0.2222222222222222,0.07519155223398782,4,14,
7:0:4:3:3:2:2:0:8,2344.0,0.14295852277748097,373.80000000000007,498.76676249332155,655545.3877789839,0.26222222222222225,0.26021522243576745,3,14,
7:0:4:3:3:2:2:0:9,2492.0,0.15159251743843805,389.40000000000003,529.4316423648557,699698.2007464378,0.20444444444444446,0.2220618067601405,2,15,
7:0:4:3:3:2:3:0:8,2344.0,0.14422696193331458,373.6,527.5066434995783,680756.683492498,0.23555555555555555,0.3647339080012276,3,14,
7:0:4:3:4:0:0:0:9,2508.0,0.1559126019892272,352.6000000000001,647.4335447576124,873000.134037024,0.07555555555555556,0.04511453653913641,3,15,
7:0:4:3:4:0:1:0:9,2476.0,0.15402497554809186,344.20000000000005,645.3619498320668,857935.3376275622,0.06222222222222222,0.17713924421635788,1,15,
7:0:4:3:4:1:0:0:8,2344.0,0.1484330196580135,360.20000000000005,635.5429423053039,857415.7806836218,0.1111111111111111,0.03947293868660411,3,14,
7:0:4:3:4:1:0:0:9,2492.0,0.1545364007335059,340.0,645.069016503883,870668.0745392727,0.10666666666666667,0.0344629084526246,2,15,
7:0:4:3:4:1:1:0:8,2328.0,0.14718039449780038,339.59999999999997,643.9588762005083,853960.3003219134,0.14222222222222222,0.19660035905005754,2,14,
7:0:4:3:4:1:2:0:8,2344.0,0.14843448965925238,350.4,645.3760173331784,855224.9915209892,0.10222222222222223,0.20210288326540277,3,14,
7:0:4:3:4:2:1:0:9,2492.0,0.15651587355185492,387.20000000000005,642.4071549167353,852649.6638935978,0.20444444444444446,0.18978758542030466,2,15,
7:0:4:4:4:0:0:0:8,2344.0,0.1481574544551595,340.8,648.7427252410886,874797.9972809252,0.06222222222222222,0.04471566441669392,3,14,
7:0:4:4:4:0:0:0:9,2492.0,0.1555290466883601,344.2,663.2035504881026,895341.1421522383,0.05333333333333334,0.03205737112975976,2,15,
7:0:4:4:4:0:1:0:9,2476.0,0.15511690426299046,356.6,657.5303459172857,873147.5516412177,0.09777777777777778,0.18595373497612847,1,15,
7:0:4:4:4:1:0:0:8,2328.0,0.15319972487131645,374.0,744.9938096046203,1005950.8713525789,0.10666666666666667,0.029967137511823498,2,14,
7:0:4:4:4:1:0:0:9,2492.0,0.15946011157610987,355.8,740.0525104624724,1000393.8637538318,0.11555555555555555,0.017504669821324894,2,15,
7:0:4:4:4:1:1:0:8,2328.0,0.15435872661162173,364.00000000000006,781.0713487614889,1041167.6965363136,0.12444444444444444,0.15467391105444625,2,14,
7:0:4:4:4:1:1:0:9,2492.0,0.15754574060624066,399.0,653.779163640415,869222.6045537941,0.11555555555555555,0.17623293096702022,2,15,
7:0:4:4:4:2:1:0:8,2328.0,0.148600720305663,360.0,655.5162068774171,870644.9760195737,0.20444444444444446,0.1843887774382241,2,14,
7:0:4:4:5:0:0:0:9,2624.0,0.1679248293772999,363.00000000000006,791.3086609892482,1071310.187185444,0.0,0.0,0,16,
7:0:4:5:5:0:0:0:9,2460.0,0.163967210554524,353.6,875.6622374767903,1185511.9522762697,0.0,0.0,0,15,
7:0:4:6:6:0:0:0:9,2460.0,0.17095470522242406,383.6,1002.8808675045416,1357746.4052369178,0.0,0.0,0,15,
7:0:5:3:3:0:0:0:8,2360.0,0.15111720363090506,423.40000000000003,616.7370816953633,830205.5196511651,0.09777777777777778,0.06288493988531921,4,14,
7:0:5:3:3:1:2:0:8,2360.0,0.14746460810623485,430.8,527.153682390284,694043.6541402971,0.18666666666666668,0.248746295077477,4,14,
7:0:5:3:4:0:0:0:9,2640.0,0.16389354675393364,410.4000000000001,637.2048019635067,860724.3502066152,0.03111111111111111,0.025859948576552962,1,16,
7:0:5:3:4:1:1:0:8,2344.0,0.15103324675423593,409.80000000000007,644.4480519703084,855409.0710159914,0.15555555555555556,0.18932409308798903,3,14,
7:0:5:4:4:0:0:0:9,2476.0,0.16273294953934517,437.8,747.6913646352657,1011078.4343833164,0.04,0.013478038632522348,1,15,
7:0:5:4:4:1:1:0:9,2476.0,0.158870958654843,447.4000000000001,651.196569733967,865570.7137281027,0.1511111111111111,0.17826633486409185,1,15,
7:0:5:5:5:0:0:0:8,2328.0,0.16129032404360788,416.80000000000007,884.2322909811768,1194769.8497395082,0.035555555555555556,0.022444935464043986,2,14,
7:0:5:5:5:0:0:0:9,2476.0,0.16724838713922727,410.0000000000001,877.0887106326134,1186319.8114395111,0.022222222222222223,0.010957720623582039,1,15,
7:0:5:5:5:1:0:0:9,2476.0,0.1684566121623755,424.79999999999995,889.4737736534494,1202970.7135289987,0.1111111111111111,0.011915802254640617,1,15,
7:0:6:4:4:1:1:0:8,2328.0,0.15885427624242035,496.40000000000003,749.8212154544577,996753.4248777895,0.17777777777777778,0.17753267129841527,2,14,
7:0:6:6:6:0:0:0:9,2460.0,0.17555927039105076,482.6000000000001,1007.4835837986425,1363977.7749889311,0.0,0.0,0,15,
8:0:0:0:0:1:2:0:9,2868.0,0.13864495925743925,99.00000000000001,152.51158329238285,199893.33298546186,0.19111111111111112,0.27816749838791416,5,17,
8:0:0:0:0:2:2:0:9,2720.0,0.13207180023832152,103.00000000000001,148.6155053622342,194125.6811711109,0.29777777777777775,0.2989949991124292,6,16,
8:0:0:0:0:2:3:0:9,2720.0,0.13214100649671445,109.4,143.77264617607506,186956.43916094635,0.22666666666666666,0.32488376597408275,6,16,
8:0:0:0:1:1:2:0:9,2720.0,0.13205202415986259,89.80000000000001,161.370543596908,213007.90599702054,0.16,0.23080961554548715,6,16,
8:0:0:1:1:1:0:0:9,2836.0,0.1440292307784965,115.60000000000001,289.05769251617147,388034.68481418677,0.14666666666666667,0.09062055417404608,3,17,
8:0:0:1:1:1:1:0:9,2688.0,0.13647013440026937,91.60000000000001,290.97802400606065,389308.51132641954,0.16,0.1221723521348308,4,16,
8:0:0:1:1:1:3:0:9,2688.0,0.1367115380696948,113.0,275.0096065681333,353858.2562371154,0.19555555555555557,0.3790531436272503,4,16,
8:0:0:1:1:2:1:0:9,2868.0,0.13849795977568458,65.0,183.20409495290332,245329.72407916686,0.2311111111111111,0.11409267229164041,5,17,
8:0:0:2:2:0:0:0:9,2836.0,0.1488117973509319,101.39999999999999,410.86544039596725,553061.8185364624,0.08,0.06315826382177844,3,17,
8:0:0:2:2:1:0:0:9,2836.0,0.14893382469191294,111.4,403.6110555680409,543390.276615355,0.16,0.06137754753625047,3,17,
8:0:0:2:2:1:2:0:9,2820.0,0.14802733939661725,109.60000000000001,401.0151364238883,526855.3568387156,0.10666666666666667,0.2628583634771834,2,17,
8:0:0:3:3:0:0:0:9,2820.0,0.15223648488167682,97.00000000000001,508.3209098377285,685668.7893045251,0.07555555555555556,0.04122001506399935,2,17,
8:0:0:3:3:1:0:0:9,2656.0,0.1474393170084541,125.00000000000003,536.3846326902176,723717.2568234295,0.12,0.03832353056621605,2,16,
8:0:0:3:4:0:0:0:9,2804.0,0.15833371553803094,116.19999999999999,642.3085996056963,867889.9066176304,0.035555555555555556,0.022367102161552552,1,17,
8:0:0:4:4:0:0:0:9,2788.0,0.1585289218401867,125.0,653.9007414042007,885281.0037472255,0.0,0.0,0,17,
8:0:0:4:5:0:0:0:9,2788.0,0.16422145832250187,117.8,789.1828122562918,1068432.1150546721,0.0,0.0,0,17,
8:0:1:1:1:1:1:0:9,2704.0,0.1383171184597973,144.4,263.735165345439,350547.8782362052,0.18666666666666668,0.17847283317326415,5,16,
8:0:1:1:1:1:3:0:9,2688.0,0.13854166149665786,139.0,290.1873836748017,372478.45174515917,0.1511111111111111,0.3904275759418877,4,16,
8:0:1:1:1:2:1:0:9,2688.0,0.13896135064522586,147.0,291.63038951758176,390746.95289474307,0.24,0.10876467765779979,4,16,
8:0:1:1:1:2:3:0:9,2688.0,0.13902446899525767,161.00000000000006,279.05055239329744,357532.39582220325,0.2,0.3986646905937683,4,16,
8:0:1:2:2:0:0:0:9,2820.0,0.15171665653623118,167.39999999999998,426.2247720652014,574499.8430283222,0.07111111111111111,0.04923810376893827,2,17,
8:0:1:2:2:1:0:0:9,2672.0,0.1444002291231309,180.60000000000002,396.405155270446,532558.6833381588,0.1688888888888889,0.08287023029919034,3,16,
8:0:1:2:2:1:2:0:9,2672.0,0.1446237746373623,167.4,414.63492934065187,543800.1873208564,0.17777777777777778,0.2741155212608016,3,16,
8:0:1:2:2:2:0:0:9,2688.0,0.14439565395799264,144.79999999999998,416.10221405483446,560095.851281097,0.28888888888888886,0.06343727074717014,4,16,
8:0:1:3:3:0:0:0:9,2804.0,0.15667186570220246,189.20000000000002,531.9169782995555,718849.3840020376,0.08,0.020476391980371746,1,17,
8:0:1:3:3:0:1:0:9,2804.0,0.15696324480720777,193.4,534.2730081621748,708689.3874382344,0.09777777777777778,0.19458695175130297,1,17,
8:0:1:3:3:1:0:0:9,2672.0,0.14986537713977188,182.8,517.1709856448671,696421.6939448366,0.13333333333333333,0.0592408458926079,3,16,
8:0:1:3:4:0:0:0:9,2952.0,0.16712043050428538,168.79999999999998,639.4096863464213,865662.3445920781,0.0,0.0,0,18,
8:0:1:4:4:0:0:0:9,2952.0,0.1680795736883471,173.2,656.5904079878101,888922.3985065738,0.0,0.0,0,18,
8:0:1:4:5:0:0:0:9,2788.0,0.16684873627144223,169.8,796.29656610745,1078063.0433454704,0.0,0.0,0,17,
8:0:2:1:1:1:3:0:9,2672.0,0.14261306753867578,238.00000000000003,298.79401962020506,385979.6448823742,0.11555555555555555,0.35981091908188745,3,16,
8:0:2:2:2:0:0:0:9,2672.0,0.14772608894063963,246.40000000000003,405.4370011643916,544214.8307422497,0.08888888888888889,0.09149655571093013,3,16,
8:0:2:2:2:0:2:0:9,2672.0,0.1464372942915677,226.80000000000004,396.0391215602735,518068.65752897493,0.07555555555555556,0.2902440359306387,3,16,
8:0:2:2:2:1:0:0:9,2688.0,0.14687930905329513,219.8,396.98445369914054,533135.9217757777,0.10666666666666667,0.08659456413657055,4,16,
8:0:2:2:2:1:2:0:9,2656.0,0.14491097265896458,205.40000000000003,399.09688482670293,522489.1794266212,0.17333333333333334,0.28529960883204253,2,16,
8:0:2:3:3:0:0:0:9,2952.0,0.1646167786508276,215.60000000000002,536.2775196436213,726037.2573636718,0.0,0.0,0,18,
8:0:2:3:3:0:2:0:9,2804.0,0.15897675797680916,231.0,541.9770544782064,718319.9307319282,0.044444444444444446,0.20088408331072444,1,17,
8:0:2:3:3:1:0:0:9,2820.0,0.15867047113825927,237.40000000000003,512.685600610834,691144.234546107,0.10222222222222223,0.04761269281703993,2,17,
8:0:2:3:3:1:2:0:9,2656.0,0.15080407462232545,212.4,524.6916790023224,692385.5171171208,0.1111111111111111,0.2328913177079644,2,16,
8:0:2:3:3:2:0:0:9,2672.0,0.15213515673609773,205.4,545.6410265621988,735667.3373959898,0.20444444444444446,0.046214697546784395,3,16,
8:0:2:3:4:0:0:0:9,2788.0,0.1629365563062546,237.4,640.6725168907282,867372.0228674473,0.0,0.0,0,17,
8:0:2:4:4:0:0:0:9,2788.0,0.1630808674407209,224.2,657.1195174162202,889638.7312711906,0.0,0.0,0,17,
8:0:2:4:4:1:0:0:9,2656.0,0.15820598319293985,249.80000000000004,653.8346218411465,883668.1068511136,0.11555555555555555,0.01977118642907528,2,16,
8:0:2:4:5:0:0:0:9,2788.0,0.16966551352122886,242.80000000000007,786.6740542276494,1065035.6426466638,0.0,0.0,0,17,
8:0:3:3:3:1:0:0:9,2672.0,0.15445081526183724,282.40000000000003,520.7433433913377,701377.3648451346,0.11555555555555555,0.05708159796910132,3,16,
8:0:3:3:4:1:0:0:9,2656.0,0.16023401111148033,309.8,639.4652500083074,864214.1880620393,0.11555555555555555,0.020207252862835826,2,16,
8:0:3:4:4:0:0:0:9,2788.0,0.1664608446325008,309.2,648.1690042312679,877521.1134207937,0.0,0.0,0,17,
8:0:3:4:4:1:0:0:9,2656.0,0.16039146792007625,299.0,653.8080282017158,882173.9925594963,0.11555555555555555,0.03803846084967672,2,16,
8:0:3:4:5:0:0:0:9,2788.0,0.172221774951076,290.6,796.3899363992099,1078189.4523558533,0.0,0.0,0,17,
8:0:4:4:4:0:0:0:9,2804.0,0.16940772446174804,345.2,662.4738003893308,895627.8748413441,0.017777777777777778,0.016190027511266376,1,17,
8:0:5:4:4:0:0:0:9,2952.0,0.17985338566986248,416.80000000000007,677.9011775719056,917773.901943503,0.0,0.0,0,18,
9:0:0:1:1:0:0:0:9,3280.0,0.16464227958478025,111.00000000000001,313.4512906575554,424364.8242748442,0.0,0.0,0,20,
9:0:0:2:2:0:0:0:9,3116.0,0.15990030929283489,56.599999999999994,425.15695908878524,575597.1138432785,0.0,0.0,0,19,
9:0:0:2:2:1:0:0:9,2984.0,0.15571958306391046,87.2,432.4906189379853,583977.423704329,0.10222222222222223,0.030087623555488333,2,18,
9:0:0:3:3:0:0:0:9,2968.0,0.1587831406421547,89.8,514.820664448481,695290.8559432467,0.035555555555555556,0.027765348538658283,1,18,
9:0:1:1:1:1:1:0:9,3000.0,0.1540287401193195,174.60000000000005,291.04665268468875,389536.54587688035,0.10222222222222223,0.11897054581292463,3,18,
9:0:1:2:2:0:0:0:9,2984.0,0.15724412217121533,134.00000000000003,419.99274885234496,566600.5494047377,0.04888888888888889,0.039756538451530626,2,18,
9:0:1:3:3:0:0:0:9,3116.0,0.168977746769621,162.79999999999998,523.1993023164725,708331.3631361476,0.0,0.0,0,19,
9:0:2:2:2:0:0:0:9,2984.0,0.1627988372084107,251.0,427.97383718924095,576867.8081193294,0.07111111111111111,0.049045900900093274,2,18,
9:0:2:3:3:0:0:0:9,3116.0,0.17207463502866788,215.20000000000002,540.4792881450272,731725.8054886521,0.0,0.0,0,19,
9:0:3:3:3:0:0:0:9,3116.0,0.1753258037258993,275.8,553.0305838327334,748718.3288812394,0.0,0.0,0,19,
